       1  152.7243  152.7243
       2  153.9634  152.7243
       3  155.0860  152.7243
       4  155.9019  152.7243
       5  156.2084  152.7243
       6  156.8729  152.7243
       7  158.2865  152.7243
       8  158.8547  152.7243
       9  158.3803  152.7243
      10  156.5122  152.7243
      11  155.7774  152.7243
      12  156.9100  152.7243
      13  158.3444  152.7243
      14  157.9262  152.7243
      15  155.6669  152.7243
      16  154.4691  152.7243
      17  155.9586  152.7243
      18  158.2804  152.7243
      19  159.5029  152.7243
      20  158.7169  152.7243
      21  156.7704  152.7243
      22  156.4426  152.7243
      23  157.7872  152.7243
      24  158.9848  152.7243
      25  158.4087  152.7243
      26  156.6438  152.7243
      27  156.3746  152.7243
      28  157.3808  152.7243
      29  159.2275  152.7243
      30  159.2355  152.7243
      31  156.9786  152.7243
      32  154.6718  152.7243
      33  153.2901  152.7243
      34  153.8690  152.7243
      35  154.1882  152.7243
      36  154.9553  152.7243
      37  156.0766  152.7243
      38  156.7285  152.7243
      39  157.0267  152.7243
      40  156.9185  152.7243
      41  155.9113  152.7243
      42  154.7495  152.7243
      43  153.9370  152.7243
      44  153.7584  152.7243
      45  153.3458  152.7243
      46  152.6980  152.7243
      47  152.2920  152.7243
      48  153.5167  152.7243
      49  155.4994  152.7243
      50  156.9203  152.7243
      51  157.2728  152.7243
      52  157.2919  152.7243
      53  158.6055  152.7243
      54  159.9195  152.7243
      55  159.2117  152.7243
      56  156.4092  152.7243
      57  153.1379  152.7243
      58  153.4207  152.7243
      59  156.6962  152.7243
      60  160.3593  152.7243
      61  161.8023  152.7243
      62  161.4497  152.7243
      63  161.6787  152.7243
      64  162.5990  152.7243
      65  162.4525  152.7243
      66  159.5199  152.7243
      67  155.3853  152.7243
      68  153.8389  152.7243
      69  156.4454  152.7243
      70  161.2232  152.7243
      71  164.4681  152.7243
      72  164.4226  152.7243
      73  162.6148  152.7243
      74  160.2680  152.7243
      75  158.1814  152.7243
      76  155.3532  152.7243
      77  153.2923  152.7243
      78  152.2386  152.7243
      79  154.3137  152.7243
      80  158.6788  152.7243
      81  162.6199  152.7243
      82  164.3006  152.7243
      83  164.0585  152.7243
      84  162.8241  152.7243
      85  160.6555  152.7243
      86  157.4185  152.7243
      87  153.8566  152.7243
      88  152.7817  152.7243
      89  154.3187  152.7243
      90  157.7880  152.7243
      91  160.4798  152.7243
      92  162.4045  152.7243
      93  163.1312  152.7243
      94  163.4286  152.7243
      95  162.7029  152.7243
      96  160.6047  152.7243
      97  156.8953  152.7243
      98  153.7074  152.7243
      99  153.5259  152.7243
     100  156.0202  152.7243
     101  158.4485  152.7243
     102  159.7954  152.7243
     103  160.3166  152.7243
     104  161.0660  152.7243
     105  161.0233  152.7243
     106  159.3613  152.7243
     107  155.5253  152.7243
     108  151.9975  152.7243
     109  151.9435  152.7243
     110  155.2616  152.7243
     111  159.5830  152.7243
     112  162.5706  152.7243
     113  163.5616  152.7243
     114  162.9164  152.7243
     115  161.3938  152.7243
     116  159.5478  152.7243
     117  156.1916  152.7243
     118  152.8405  152.7243
     119  152.1774  152.7243
     120  154.7295  152.7243
     121  159.0643  152.7243
     122  163.3546  152.7243
     123  166.4220  152.7243
     124  166.6912  152.7243
     125  165.7631  152.7243
     126  162.5036  152.7243
     127  158.2621  152.7243
     128  154.3282  152.7243
     129  152.7868  152.7243
     130  154.0499  152.7243
     131  157.6295  152.7243
     132  161.9842  152.7243
     133  164.4085  152.7243
     134  165.6257  152.7243
     135  166.0337  152.7243
     136  165.2616  152.7243
     137  162.9941  152.7243
     138  159.4114  152.7243
     139  156.1439  152.7243
     140  155.2550  152.7243
     141  156.3637  152.7243
     142  158.6931  152.7243
     143  159.7531  152.7243
     144  160.0620  152.7243
     145  160.3093  152.7243
     146  160.6671  152.7243
     147  160.5330  152.7243
     148  159.2864  152.7243
     149  157.1969    0.0000
     150  155.3233    0.0000
     151  155.0785    0.0000
     152  155.6656    0.0000
     153  156.9338    0.0000
     154  157.8907    0.0000
     155  158.4817    0.0000
     156  159.3919    0.0000
     157  159.6224    0.0000
     158  158.4146    0.0000
     159  156.2841    0.0000
     160  154.4637    0.0000
     161  153.1076    0.0000
     162  152.8776    0.0000
     163  153.4754    0.0000
     164  155.8953    0.0000
     165  159.2025    0.0000
     166  161.1173    0.0000
     167  160.6083  160.6083
     168  158.5428  160.6083
     169  156.3068  160.6083
     170  155.2549  160.6083
     171  154.4479  160.6083
     172  153.0931  160.6083
     173  152.3382  160.6083
     174  154.1553  160.6083
     175  157.2586  160.6083
     176  159.6790  160.6083
     177  160.0953  160.6083
     178  158.0496  160.6083
     179  156.1476  160.6083
     180  155.4000  160.6083
     181  155.6062  160.6083
     182  154.9889  160.6083
     183  154.0549  160.6083
     184  153.9291  160.6083
     185  154.9996  160.6083
     186  156.9002  160.6083
     187  157.9925  160.6083
     188  157.2737  160.6083
     189  155.3722  160.6083
     190  154.0967  160.6083
     191  154.3369  160.6083
     192  155.7803  160.6083
     193  157.7971  160.6083
     194  158.1992  160.6083
     195  158.8045  160.6083
     196  160.4448  160.6083
     197  162.6975  160.6083
     198  163.6905  160.6083
     199  162.1874  160.6083
     200  158.7238  160.6083
     201  155.6244  160.6083
     202  154.4361  160.6083
     203  155.5130  160.6083
     204  157.3055  160.6083
     205  158.9926  160.6083
     206  161.3894  160.6083
     207  163.1501  160.6083
     208  164.4651  160.6083
     209  163.4171  160.6083
     210  160.7542  160.6083
     211  157.5344  160.6083
     212  155.0222  160.6083
     213  154.1489  160.6083
     214  154.4886  160.6083
     215  156.0630  160.6083
     216  157.4827  160.6083
     217  158.4859  160.6083
     218  159.7644  160.6083
     219  160.5832  160.6083
     220  161.4133  160.6083
     221  161.1683  160.6083
     222  160.6370  160.6083
     223  159.3852  160.6083
     224  159.3446  160.6083
     225  159.9804  160.6083
     226  160.2589  160.6083
     227  160.0150  160.6083
     228  159.8711  160.6083
     229  160.2366  160.6083
     230  161.1533  160.6083
     231  160.8696  160.6083
     232  159.9496  160.6083
     233  158.9259  160.6083
     234  158.0187  160.6083
     235  157.3167  160.6083
     236  156.9514  160.6083
     237  157.2456  160.6083
     238  158.8723  160.6083
     239  160.9197  160.6083
     240  161.6109  160.6083
     241  160.1484  160.6083
     242  157.7177  160.6083
     243  156.8402  160.6083
     244  157.7879  160.6083
     245  157.9625  160.6083
     246  156.1308  160.6083
     247  155.3170  160.6083
     248  156.5493  160.6083
     249  159.7639  160.6083
     250  161.1891  160.6083
     251  160.4418  160.6083
     252  157.8466  160.6083
     253  156.1831  160.6083
     254  155.5242  160.6083
     255  156.0198  160.6083
     256  156.5961  160.6083
     257  156.4914  160.6083
     258  156.6832  160.6083
     259  156.9977  160.6083
     260  158.5366  160.6083
     261  159.8453  160.6083
     262  160.2462  160.6083
     263  159.4424  160.6083
     264  157.8349  160.6083
     265  156.6568  160.6083
     266  156.0452  160.6083
     267  155.6360  160.6083
     268  154.8827  160.6083
     269  153.8905  160.6083
     270  154.7416  160.6083
     271  156.7616  160.6083
     272  159.2961  160.6083
     273  160.9946  160.6083
     274  161.1506  160.6083
     275  161.1010  160.6083
     276  161.4434  160.6083
     277  160.8293  160.6083
     278  158.1895  160.6083
     279  155.4861  160.6083
     280  154.2686  160.6083
     281  155.1551  160.6083
     282  156.3463  160.6083
     283  157.1078  160.6083
     284  158.2188  160.6083
     285  160.2935  160.6083
     286  162.9347  160.6083
     287  163.3442  160.6083
     288  160.9854  160.6083
     289  157.7838  160.6083
     290  156.5311  160.6083
     291  157.4324  160.6083
     292  158.2497  160.6083
     293  157.9942  160.6083
     294  158.4036  160.6083
     295  160.2676  160.6083
     296  162.6156  160.6083
     297  163.7411  160.6083
     298  162.7455  160.6083
     299  161.2253  160.6083
     300  160.5415  160.6083
     301  160.9502  160.6083
     302  160.7027  160.6083
     303  160.0107  160.6083
     304  159.6373  160.6083
     305  160.1957  160.6083
     306  161.9646  160.6083
     307  163.5737  160.6083
     308  163.8942  160.6083
     309  163.2602  160.6083
     310  162.2050  160.6083
     311  161.2611  160.6083
     312  160.7486  160.6083
     313  160.9642  160.6083
     314  161.1719  160.6083
     315  160.8737    0.0000
     316  160.4405    0.0000
     317  160.6926    0.0000
     318  161.3982    0.0000
     319  162.0694    0.0000
     320  161.8251    0.0000
     321  160.5511    0.0000
     322  159.7523    0.0000
     323  160.1283    0.0000
     324  161.1208    0.0000
     325  161.4711    0.0000
     326  161.4325    0.0000
     327  160.5707    0.0000
     328  160.3891    0.0000
     329  160.5850    0.0000
     330  161.5820    0.0000
     331  162.3520    0.0000
     332  162.4835    0.0000
     333  162.1800  162.1800
     334  161.6705  162.1800
     335  161.3796  162.1800
     336  160.7986  162.1800
     337  159.9169  162.1800
     338  158.0466  162.1800
     339  155.9642  162.1800
     340  155.7740  162.1800
     341  157.7326  162.1800
     342  160.0002  162.1800
     343  161.1942  162.1800
     344  161.4629  162.1800
     345  160.8879  162.1800
     346  160.3892  162.1800
     347  159.8817  162.1800
     348  159.5979  162.1800
     349  158.3570  162.1800
     350  156.5346  162.1800
     351  155.5058  162.1800
     352  155.5899  162.1800
     353  157.8217  162.1800
     354  160.7019  162.1800
     355  163.0165  162.1800
     356  162.9586  162.1800
     357  160.6626  162.1800
     358  158.8535  162.1800
     359  158.4183  162.1800
     360  159.5578  162.1800
     361  160.6599  162.1800
     362  161.4487  162.1800
     363  162.2876  162.1800
     364  163.4589  162.1800
     365  165.7002  162.1800
     366  165.8000  162.1800
     367  163.2356  162.1800
     368  158.8950  162.1800
     369  156.0531  162.1800
     370  155.3195  162.1800
     371  157.1486  162.1800
     372  159.6360  162.1800
     373  161.8474  162.1800
     374  163.6313  162.1800
     375  164.0070  162.1800
     376  162.7195  162.1800
     377  161.0972  162.1800
     378  158.1780  162.1800
     379  155.5998  162.1800
     380  154.4086  162.1800
     381  155.6411  162.1800
     382  158.3248  162.1800
     383  160.9964  162.1800
     384  162.3994  162.1800
     385  162.4870  162.1800
     386  161.9236  162.1800
     387  160.5434  162.1800
     388  158.5188  162.1800
     389  156.4661  162.1800
     390  155.2296  162.1800
     391  156.3556  162.1800
     392  159.1602  162.1800
     393  161.7678  162.1800
     394  163.7777  162.1800
     395  165.1371  162.1800
     396  165.7723  162.1800
     397  164.3157  162.1800
     398  161.0036  162.1800
     399  157.0070  162.1800
     400  155.6303  162.1800
     401  156.7264  162.1800
     402  160.1856  162.1800
     403  163.1895  162.1800
     404  164.9634  162.1800
     405  166.0898  162.1800
     406  166.3001  162.1800
     407  165.6859  162.1800
     408  163.0386  162.1800
     409  158.7783  162.1800
     410  155.1028  162.1800
     411  154.2178  162.1800
     412  157.8774  162.1800
     413  163.7790  162.1800
     414  167.9027  162.1800
     415  169.0727  162.1800
     416  168.5457  162.1800
     417  167.1847  162.1800
     418  165.4433  162.1800
     419  161.8293  162.1800
     420  157.7209  162.1800
     421  155.5758  162.1800
     422  157.0365  162.1800
     423  161.3601  162.1800
     424  166.0150  162.1800
     425  168.1404  162.1800
     426  168.6432  162.1800
     427  168.3000  162.1800
     428  167.3912  162.1800
     429  164.6051  162.1800
     430  160.3754  162.1800
     431  157.6523  162.1800
     432  157.5722  162.1800
     433  160.4384  162.1800
     434  163.3995  162.1800
     435  165.9212  162.1800
     436  167.8458  162.1800
     437  168.9628  162.1800
     438  168.9536  162.1800
     439  166.9268  162.1800
     440  162.2955  162.1800
     441  158.2434  162.1800
     442  156.7449  162.1800
     443  158.3664  162.1800
     444  161.4937  162.1800
     445  163.1311  162.1800
     446  164.5291  162.1800
     447  165.8427  162.1800
     448  167.1048  162.1800
     449  166.9428  162.1800
     450  163.6983  162.1800
     451  158.9823  162.1800
     452  154.9245  162.1800
     453  154.5754  162.1800
     454  156.9712  162.1800
     455  160.4116  162.1800
     456  162.8061  162.1800
     457  164.5683  162.1800
     458  165.7215  162.1800
     459  166.3454  162.1800
     460  165.5537  162.1800
     461  162.8945  162.1800
     462  160.1443  162.1800
     463  158.7704  162.1800
     464  159.4485  162.1800
     465  161.2604  162.1800
     466  162.2793  162.1800
     467  163.2192  162.1800
     468  163.8997  162.1800
     469  164.9793  162.1800
     470  165.3131  162.1800
     471  164.2994  162.1800
     472  161.6711  162.1800
     473  160.2449  162.1800
     474  160.0222  162.1800
     475  160.2605  162.1800
     476  160.2469  162.1800
     477  160.2263  162.1800
     478  160.0843  162.1800
     479  160.3738  162.1800
     480  161.2094  162.1800
     481  161.1119    0.0000
     482  160.6251    0.0000
     483  160.7511    0.0000
     484  161.9353    0.0000
     485  163.1206    0.0000
     486  162.5102    0.0000
     487  160.0207    0.0000
     488  157.9436    0.0000
     489  157.2409    0.0000
     490  157.7026    0.0000
     491  158.6112    0.0000
     492  159.0735    0.0000
     493  160.0969    0.0000
     494  161.6409    0.0000
     495  163.8296    0.0000
     496  164.7559    0.0000
     497  163.9350    0.0000
     498  161.3349    0.0000
     499  159.4887  159.4887
     500  159.0167  159.4887
     501  158.9457  159.4887
     502  158.6724  159.4887
     503  158.5801  159.4887
     504  159.4464  159.4887
     505  160.7031  159.4887
     506  161.6925  159.4887
     507  161.7657  159.4887
     508  160.1696  159.4887
     509  158.8239  159.4887
     510  158.0656  159.4887
     511  157.9406  159.4887
     512  158.3312  159.4887
     513  158.1686  159.4887
     514  158.5322  159.4887
     515  158.9326  159.4887
     516  160.1340  159.4887
     517  160.1694  159.4887
     518  159.5670  159.4887
     519  158.3317  159.4887
     520  157.2312  159.4887
     521  157.4890  159.4887
     522  158.2894  159.4887
     523  158.7989  159.4887
     524  159.8674  159.4887
     525  161.0458  159.4887
     526  162.3651  159.4887
     527  162.3503  159.4887
     528  160.4615  159.4887
     529  158.3259  159.4887
     530  157.1589  159.4887
     531  157.2123  159.4887
     532  157.6188  159.4887
     533  157.4599  159.4887
     534  157.1828  159.4887
     535  158.5976  159.4887
     536  161.3605  159.4887
     537  163.3730  159.4887
     538  163.5521  159.4887
     539  162.2634  159.4887
     540  160.9818  159.4887
     541  160.7600  159.4887
     542  160.8720  159.4887
     543  159.6079  159.4887
     544  156.9982  159.4887
     545  155.4411  159.4887
     546  156.9201  159.4887
     547  160.2981  159.4887
     548  162.4672  159.4887
     549  163.8059  159.4887
     550  163.9242  159.4887
     551  163.7610  159.4887
     552  163.4214  159.4887
     553  162.0657  159.4887
     554  158.9055  159.4887
     555  156.2012  159.4887
     556  155.1681  159.4887
     557  156.1809  159.4887
     558  157.8640  159.4887
     559  159.6836  159.4887
     560  161.1595  159.4887
     561  162.8995  159.4887
     562  163.7769  159.4887
     563  163.2936  159.4887
     564  161.3197  159.4887
     565  159.1348  159.4887
     566  157.5022  159.4887
     567  156.6667  159.4887
     568  156.5840  159.4887
     569  156.8296  159.4887
     570  157.6296  159.4887
     571  159.4427  159.4887
     572  161.5119  159.4887
     573  162.5649  159.4887
     574  161.8680  159.4887
     575  159.8034  159.4887
     576  157.8615  159.4887
     577  157.5620  159.4887
     578  158.5872  159.4887
     579  160.4041  159.4887
     580  161.9613  159.4887
     581  162.9070  159.4887
     582  163.4919  159.4887
     583  163.7186  159.4887
     584  161.7703  159.4887
     585  158.2569  159.4887
     586  154.9404  159.4887
     587  154.5244  159.4887
     588  157.0841  159.4887
     589  160.6771  159.4887
     590  163.3542  159.4887
     591  165.4821  159.4887
     592  166.6373  159.4887
     593  165.9624  159.4887
     594  163.2321  159.4887
     595  158.3394  159.4887
     596  154.9637  159.4887
     597  154.8655  159.4887
     598  158.0953  159.4887
     599  161.6710  159.4887
     600  164.5959  159.4887
     601  166.2469  159.4887
     602  167.3095  159.4887
     603  167.2899  159.4887
     604  165.4203  159.4887
     605  161.9036  159.4887
     606  158.3140  159.4887
     607  156.7424  159.4887
     608  157.1462  159.4887
     609  158.9044  159.4887
     610  161.8129  159.4887
     611  164.7568  159.4887
     612  167.2772  159.4887
     613  167.8892  159.4887
     614  166.9818  159.4887
     615  164.0305  159.4887
     616  160.5906  159.4887
     617  157.6434  159.4887
     618  155.8414  159.4887
     619  155.4133  159.4887
     620  157.7906  159.4887
     621  162.1345  159.4887
     622  166.7504  159.4887
     623  168.7495  159.4887
     624  168.0334  159.4887
     625  165.4626  159.4887
     626  162.1801  159.4887
     627  159.2460  159.4887
     628  157.5155  159.4887
     629  157.2069  159.4887
     630  158.1967  159.4887
     631  159.6315  159.4887
     632  162.1963  159.4887
     633  164.7304  159.4887
     634  165.9290  159.4887
     635  165.9165  159.4887
     636  163.8445  159.4887
     637  160.2737  159.4887
     638  157.5787  159.4887
     639  156.4915  159.4887
     640  157.6101  159.4887
     641  159.0902  159.4887
     642  160.7821  159.4887
     643  162.1702  159.4887
     644  163.8709  159.4887
     645  164.5496  159.4887
     646  163.8777  159.4887
     647  161.8673    0.0000
     648  159.7761    0.0000
     649  157.8306    0.0000
     650  157.7125    0.0000
     651  159.6714    0.0000
     652  162.1329    0.0000
     653  164.0605    0.0000
     654  165.4762    0.0000
     655  165.7707    0.0000
     656  165.0813    0.0000
     657  163.2533    0.0000
     658  160.1580    0.0000
     659  157.0499    0.0000
     660  154.7994    0.0000
     661  154.7096    0.0000
     662  156.3556    0.0000
     663  159.0284    0.0000
     664  160.9918    0.0000
     665  162.2221  162.2221
     666  162.7521  162.2221
     667  163.1240  162.2221
     668  162.2159  162.2221
     669  160.3268  162.2221
     670  157.3086  162.2221
     671  155.7354  162.2221
     672  156.2565  162.2221
     673  158.3094  162.2221
     674  159.8055  162.2221
     675  160.5245  162.2221
     676  161.4095  162.2221
     677  162.2968  162.2221
     678  162.3186  162.2221
     679  159.8709  162.2221
     680  156.8648  162.2221
     681  154.5802  162.2221
     682  155.3012  162.2221
     683  157.5014  162.2221
     684  158.9913  162.2221
     685  158.9528  162.2221
     686  158.7472  162.2221
     687  158.7984  162.2221
     688  159.0600  162.2221
     689  158.0560  162.2221
     690  155.8697  162.2221
     691  153.8528  162.2221
     692  153.4073  162.2221
     693  155.4626  162.2221
     694  158.4907  162.2221
     695  160.2667  162.2221
     696  160.4060  162.2221
     697  160.0475  162.2221
     698  160.4725  162.2221
     699  161.0986  162.2221
     700  160.2289  162.2221
     701  157.3882  162.2221
     702  155.0691  162.2221
     703  155.6188  162.2221
     704  158.5619  162.2221
     705  160.4989  162.2221
     706  160.7006  162.2221
     707  160.3497  162.2221
     708  160.1607  162.2221
     709  161.3723  162.2221
     710  161.2576  162.2221
     711  159.1824  162.2221
     712  155.8002  162.2221
     713  153.9281  162.2221
     714  155.5467  162.2221
     715  158.7600  162.2221
     716  161.3571  162.2221
     717  161.4450  162.2221
     718  160.1991  162.2221
     719  159.6485  162.2221
     720  159.4028  162.2221
     721  158.1672  162.2221
     722  155.5538  162.2221
     723  153.3297  162.2221
     724  153.7982  162.2221
     725  156.4128  162.2221
     726  158.1046  162.2221
     727  157.9993  162.2221
     728  157.1179  162.2221
     729  156.6770  162.2221
     730  157.0925  162.2221
     731  156.8789  162.2221
     732  155.1446  162.2221
     733  154.0926  162.2221
     734  155.9793  162.2221
     735  159.0065  162.2221
     736  160.5717  162.2221
     737  159.1173  162.2221
     738  156.8842  162.2221
     739  156.1385  162.2221
     740  156.5876  162.2221
     741  157.2847  162.2221
     742  155.8013  162.2221
     743  153.9235  162.2221
     744  153.7312  162.2221
     745  156.1868  162.2221
     746  158.2483  162.2221
     747  158.6619  162.2221
     748  156.3625  162.2221
     749  154.3127  162.2221
     750  155.0944  162.2221
     751  156.3779  162.2221
     752  156.2394  162.2221
     753  154.2257  162.2221
     754  152.5426  162.2221
     755  152.8172  162.2221
     756  154.6020  162.2221
     757  156.2051  162.2221
     758  155.7263  162.2221
     759  155.7140  162.2221
     760  156.8847  162.2221
     761  158.7697  162.2221
     762  159.3897  162.2221
     763  157.8577  162.2221
     764  155.1172  162.2221
     765  153.7809  162.2221
     766  154.0418  162.2221
     767  155.6179  162.2221
     768  156.2402  162.2221
     769  156.8732  162.2221
     770  158.1418  162.2221
     771  159.2828  162.2221
     772  159.6868  162.2221
     773  158.3842  162.2221
     774  155.9426  162.2221
     775  153.1008  162.2221
     776  151.7639  162.2221
     777  153.2690  162.2221
     778  156.2360  162.2221
     779  159.0665  162.2221
     780  160.9959  162.2221
     781  160.5968  162.2221
     782  158.8797  162.2221
     783  156.7678  162.2221
     784  154.1747  162.2221
     785  151.4327  162.2221
     786  150.1778  162.2221
     787  152.3526  162.2221
     788  156.9968  162.2221
     789  161.2828  162.2221
     790  163.4991  162.2221
     791  163.2919  162.2221
     792  161.2308  162.2221
     793  158.2417  162.2221
     794  154.8161  162.2221
     795  152.0843  162.2221
     796  150.3393  162.2221
     797  151.1335  162.2221
     798  154.2904  162.2221
     799  158.7876  162.2221
     800  162.1315  162.2221
     801  163.7544  162.2221
     802  163.4332  162.2221
     803  161.7619  162.2221
     804  159.0746  162.2221
     805  156.2629  162.2221
     806  154.9050  162.2221
     807  155.1961  162.2221
     808  157.0367  162.2221
     809  160.2539  162.2221
     810  163.0623  162.2221
     811  164.8346  162.2221
     812  165.3609  162.2221
     813  163.5825    0.0000
     814  161.0510    0.0000
     815  157.7969    0.0000
     816  155.2263    0.0000
     817  154.4996    0.0000
     818  154.9086    0.0000
     819  156.6924    0.0000
     820  160.1772    0.0000
     821  163.3548    0.0000
     822  164.5123    0.0000
     823  163.2303    0.0000
     824  160.4536    0.0000
     825  158.7535    0.0000
     826  158.0620    0.0000
     827  157.9706    0.0000
     828  157.6161    0.0000
     829  158.4876    0.0000
     830  161.9318    0.0000
     831  165.9232  165.9232
     832  167.2477  165.9232
     833  164.5897  165.9232
     834  160.9588  165.9232
     835  159.3939  165.9232
     836  159.6901  165.9232
     837  159.7364  165.9232
     838  158.1936  165.9232
     839  157.9281  165.9232
     840  159.4918  165.9232
     841  162.4556  165.9232
     842  164.5737  165.9232
     843  164.4181  165.9232
     844  162.2290  165.9232
     845  159.9160  165.9232
     846  158.9217  165.9232
     847  158.5742  165.9232
     848  158.5922  165.9232
     849  159.3137  165.9232
     850  160.2452  165.9232
     851  161.7881  165.9232
     852  163.0428  165.9232
     853  162.5535  165.9232
     854  161.8685  165.9232
     855  160.9043  165.9232
     856  160.1752  165.9232
     857  159.6445  165.9232
     858  160.2262  165.9232
     859  161.7780  165.9232
     860  163.3760  165.9232
     861  163.8297  165.9232
     862  163.1722  165.9232
     863  161.6868  165.9232
     864  160.7101  165.9232
     865  159.5565  165.9232
     866  158.7889  165.9232
     867  158.2682  165.9232
     868  159.0656  165.9232
     869  161.2869  165.9232
     870  163.5199  165.9232
     871  164.3782  165.9232
     872  164.7403  165.9232
     873  163.6743  165.9232
     874  162.0896  165.9232
     875  159.6385  165.9232
     876  157.7960  165.9232
     877  157.0948  165.9232
     878  158.2058  165.9232
     879  160.0232  165.9232
     880  161.1771  165.9232
     881  161.4988  165.9232
     882  162.3249  165.9232
     883  162.1723  165.9232
     884  160.8670  165.9232
     885  158.3730  165.9232
     886  155.9208  165.9232
     887  155.1214  165.9232
     888  157.4608  165.9232
     889  161.1154  165.9232
     890  163.9419  165.9232
     891  164.4788  165.9232
     892  164.1579  165.9232
     893  163.0297  165.9232
     894  162.0032  165.9232
     895  160.1573  165.9232
     896  157.7257  165.9232
     897  157.1889  165.9232
     898  159.9586  165.9232
     899  163.9381  165.9232
     900  166.8660  165.9232
     901  167.4073  165.9232
     902  166.4997  165.9232
     903  164.8880  165.9232
     904  163.7892  165.9232
     905  161.9784  165.9232
     906  159.3343  165.9232
     907  158.0684  165.9232
     908  159.0621  165.9232
     909  161.7058  165.9232
     910  164.2592  165.9232
     911  165.2476  165.9232
     912  165.3797  165.9232
     913  165.1117  165.9232
     914  165.2888  165.9232
     915  163.4372  165.9232
     916  160.2910  165.9232
     917  157.8391  165.9232
     918  157.3421  165.9232
     919  158.7825  165.9232
     920  159.9349  165.9232
     921  160.8263  165.9232
     922  162.0038  165.9232
     923  163.3486  165.9232
     924  164.2287  165.9232
     925  162.7733  165.9232
     926  159.7794  165.9232
     927  156.8649  165.9232
     928  155.8123  165.9232
     929  156.8375  165.9232
     930  158.4792  165.9232
     931  160.4021  165.9232
     932  161.9835  165.9232
     933  163.0930  165.9232
     934  163.3002  165.9232
     935  161.8219  165.9232
     936  158.8228  165.9232
     937  156.0754  165.9232
     938  155.2044  165.9232
     939  156.5507  165.9232
     940  158.8807  165.9232
     941  160.6962  165.9232
     942  161.9326  165.9232
     943  162.5433  165.9232
     944  162.9428  165.9232
     945  162.4141  165.9232
     946  160.8845  165.9232
     947  158.9021  165.9232
     948  156.5768  165.9232
     949  155.5683  165.9232
     950  155.9827  165.9232
     951  156.9375  165.9232
     952  157.4939  165.9232
     953  158.5827  165.9232
     954  160.4127  165.9232
     955  162.3344  165.9232
     956  163.4767  165.9232
     957  162.2489  165.9232
     958  159.1618  165.9232
     959  156.1026  165.9232
     960  154.5723  165.9232
     961  155.0940  165.9232
     962  156.6398  165.9232
     963  158.4892  165.9232
     964  161.4745  165.9232
     965  165.2955  165.9232
     966  168.1341  165.9232
     967  168.0806  165.9232
     968  165.0002  165.9232
     969  160.2858  165.9232
     970  157.1480  165.9232
     971  155.6838  165.9232
     972  156.3226  165.9232
     973  158.2446  165.9232
     974  161.4705  165.9232
     975  166.1520  165.9232
     976  169.7891  165.9232
     977  170.9756  165.9232
     978  168.8399  165.9232
     979  164.4136    0.0000
     980  158.8873    0.0000
     981  154.3698    0.0000
     982  152.8500    0.0000
     983  154.5515    0.0000
     984  158.4104    0.0000
     985  162.0470    0.0000
     986  165.4574    0.0000
     987  167.8530    0.0000
     988  168.1683    0.0000
     989  165.2261    0.0000
     990  159.5965    0.0000
     991  153.6818    0.0000
     992  150.7861    0.0000
     993  152.0696    0.0000
     994  156.0364    0.0000
     995  160.0434    0.0000
     996  163.3262    0.0000
     997  165.5820  165.5820
     998  166.2412  165.5820
     999  164.8209  165.5820
    1000  160.7956  165.5820
    1001  155.8149  165.5820
    1002  152.6742  165.5820
    1003  153.0213  165.5820
    1004  155.7150  165.5820
    1005  159.1953  165.5820
    1006  161.9634  165.5820
    1007  164.4401  165.5820
    1008  165.3901  165.5820
    1009  164.6629  165.5820
    1010  161.3151  165.5820
    1011  156.8855  165.5820
    1012  153.3291  165.5820
    1013  152.2895  165.5820
    1014  153.8698  165.5820
    1015  156.0453  165.5820
    1016  159.3194  165.5820
    1017  162.5345  165.5820
    1018  164.7026  165.5820
    1019  165.4774  165.5820
    1020  164.0294  165.5820
    1021  160.4860  165.5820
    1022  156.2189  165.5820
    1023  153.5481  165.5820
    1024  153.1109  165.5820
    1025  154.3406  165.5820
    1026  155.5722  165.5820
    1027  157.3867  165.5820
    1028  158.9003  165.5820
    1029  161.8669  165.5820
    1030  164.0690  165.5820
    1031  164.0239  165.5820
    1032  161.8553  165.5820
    1033  159.0426  165.5820
    1034  156.7005  165.5820
    1035  155.7129  165.5820
    1036  155.6070  165.5820
    1037  156.1235  165.5820
    1038  157.1396  165.5820
    1039  158.9262  165.5820
    1040  161.3796  165.5820
    1041  163.1995  165.5820
    1042  162.7888  165.5820
    1043  160.7875  165.5820
    1044  158.2578  165.5820
    1045  157.3540  165.5820
    1046  156.7875  165.5820
    1047  156.8499  165.5820
    1048  157.5490  165.5820
    1049  159.5187  165.5820
    1050  161.9633  165.5820
    1051  162.8234  165.5820
    1052  162.0684  165.5820
    1053  159.8548  165.5820
    1054  157.5289  165.5820
    1055  156.0076  165.5820
    1056  155.2567  165.5820
    1057  155.6979  165.5820
    1058  156.6960  165.5820
    1059  158.8734  165.5820
    1060  160.1649  165.5820
    1061  162.0045  165.5820
    1062  162.3778  165.5820
    1063  161.6107  165.5820
    1064  159.4887  165.5820
    1065  156.7666  165.5820
    1066  155.5421  165.5820
    1067  154.9593  165.5820
    1068  154.9984  165.5820
    1069  155.3823  165.5820
    1070  156.7586  165.5820
    1071  159.7466  165.5820
    1072  162.1600  165.5820
    1073  163.2228  165.5820
    1074  161.6227  165.5820
    1075  158.5319  165.5820
    1076  156.1703  165.5820
    1077  155.4122  165.5820
    1078  154.9146  165.5820
    1079  154.5518  165.5820
    1080  154.4708  165.5820
    1081  156.3988  165.5820
    1082  159.5845  165.5820
    1083  161.8498  165.5820
    1084  160.8218  165.5820
    1085  157.6814  165.5820
    1086  154.9679  165.5820
    1087  153.9702  165.5820
    1088  153.7232  165.5820
    1089  153.8567  165.5820
    1090  154.5245  165.5820
    1091  156.2326  165.5820
    1092  158.2830  165.5820
    1093  159.5087  165.5820
    1094  159.2875  165.5820
    1095  157.1885  165.5820
    1096  154.4606  165.5820
    1097  152.4856  165.5820
    1098  151.2502  165.5820
    1099  150.8104  165.5820
    1100  151.1107  165.5820
    1101  152.4283  165.5820
    1102  154.7320  165.5820
    1103  156.4651  165.5820
    1104  157.3362  165.5820
    1105  157.9141  165.5820
    1106  157.5969  165.5820
    1107  155.7495  165.5820
    1108  153.2169  165.5820
    1109  151.0238  165.5820
    1110  150.1681  165.5820
    1111  151.5802  165.5820
    1112  154.1184  165.5820
    1113  156.6016  165.5820
    1114  157.5117  165.5820
    1115  157.9416  165.5820
    1116  156.9372  165.5820
    1117  155.5167  165.5820
    1118  153.7932  165.5820
    1119  152.0601  165.5820
    1120  150.9690  165.5820
    1121  151.6698  165.5820
    1122  153.5802  165.5820
    1123  155.8102  165.5820
    1124  157.3649  165.5820
    1125  157.2046  165.5820
    1126  155.6828  165.5820
    1127  152.7520  165.5820
    1128  149.9287  165.5820
    1129  149.0878  165.5820
    1130  151.0310  165.5820
    1131  154.4817  165.5820
    1132  156.9556  165.5820
    1133  158.2439  165.5820
    1134  158.6868  165.5820
    1135  158.2768  165.5820
    1136  156.2020  165.5820
    1137  152.0636  165.5820
    1138  148.2729  165.5820
    1139  147.5408  165.5820
    1140  150.4073  165.5820
    1141  154.7904  165.5820
    1142  158.4772  165.5820
    1143  160.1647  165.5820
    1144  160.6846  165.5820
    1145  160.4436    0.0000
    1146  158.8812    0.0000
    1147  155.6064    0.0000
    1148  151.3424    0.0000
    1149  149.7465    0.0000
    1150  152.2500    0.0000
    1151  156.9198    0.0000
    1152  161.2495    0.0000
    1153  163.4675    0.0000
    1154  164.1812    0.0000
    1155  164.0116    0.0000
    1156  162.4442    0.0000
    1157  159.4695    0.0000
    1158  156.0869    0.0000
    1159  154.2937    0.0000
    1160  155.1534    0.0000
    1161  159.2326    0.0000
    1162  162.5054    0.0000
    1163  164.1591  164.1591
    1164  164.0858  164.1591
    1165  162.8354  164.1591
    1166  160.5597  164.1591
    1167  158.0427  164.1591
    1168  155.7166  164.1591
    1169  154.3654  164.1591
    1170  155.5170  164.1591
    1171  158.6810  164.1591
    1172  162.7427  164.1591
    1173  164.7846  164.1591
    1174  164.6337  164.1591
    1175  162.6489  164.1591
    1176  160.4822  164.1591
    1177  158.8618  164.1591
    1178  157.1185  164.1591
    1179  155.1647  164.1591
    1180  155.8069  164.1591
    1181  159.8031  164.1591
    1182  166.3797  164.1591
    1183  170.2730  164.1591
    1184  169.0251  164.1591
    1185  164.7168  164.1591
    1186  160.6931  164.1591
    1187  158.5900  164.1591
    1188  157.0646  164.1591
    1189  155.6108  164.1591
    1190  154.8822  164.1591
    1191  157.2940  164.1591
    1192  163.0876  164.1591
    1193  168.2059  164.1591
    1194  169.5108  164.1591
    1195  167.1526  164.1591
    1196  163.4517  164.1591
    1197  160.7599  164.1591
    1198  158.2251  164.1591
    1199  155.4832  164.1591
    1200  153.6974  164.1591
    1201  155.3530  164.1591
    1202  160.0056  164.1591
    1203  164.8537  164.1591
    1204  167.4078  164.1591
    1205  166.5347  164.1591
    1206  165.6136  164.1591
    1207  164.5444  164.1591
    1208  162.9471  164.1591
    1209  160.2878  164.1591
    1210  158.5087  164.1591
    1211  159.5666  164.1591
    1212  162.8529  164.1591
    1213  165.8433  164.1591
    1214  166.2221  164.1591
    1215  164.8148  164.1591
    1216  163.7570  164.1591
    1217  163.3963  164.1591
    1218  163.1376  164.1591
    1219  161.4464  164.1591
    1220  160.4235  164.1591
    1221  162.0311  164.1591
    1222  165.5431  164.1591
    1223  167.9539  164.1591
    1224  168.4129  164.1591
    1225  166.0082  164.1591
    1226  163.5165  164.1591
    1227  161.6830  164.1591
    1228  160.8479  164.1591
    1229  159.8035  164.1591
    1230  159.1276  164.1591
    1231  159.8421  164.1591
    1232  162.7666  164.1591
    1233  165.5757  164.1591
    1234  166.9134  164.1591
    1235  165.6363  164.1591
    1236  163.2039  164.1591
    1237  161.3280  164.1591
    1238  160.7952  164.1591
    1239  160.1806  164.1591
    1240  159.5544  164.1591
    1241  160.2105  164.1591
    1242  163.0379  164.1591
    1243  165.8900  164.1591
    1244  167.5185  164.1591
    1245  166.2344  164.1591
    1246  163.9988  164.1591
    1247  162.3615  164.1591
    1248  162.1340  164.1591
    1249  163.3549  164.1591
    1250  165.0972  164.1591
    1251  166.4359  164.1591
    1252  167.8250  164.1591
    1253  168.7681  164.1591
    1254  168.9969  164.1591
    1255  167.5037  164.1591
    1256  164.8258  164.1591
    1257  161.4032  164.1591
    1258  158.7163  164.1591
    1259  158.2543  164.1591
    1260  160.2756  164.1591
    1261  163.5997  164.1591
    1262  167.5578  164.1591
    1263  170.4242  164.1591
    1264  171.4894  164.1591
    1265  169.9893  164.1591
    1266  166.9617  164.1591
    1267  162.5358  164.1591
    1268  158.7029  164.1591
    1269  156.0096  164.1591
    1270  155.0117  164.1591
    1271  156.9767  164.1591
    1272  161.0453  164.1591
    1273  166.0579  164.1591
    1274  169.6488  164.1591
    1275  170.7076  164.1591
    1276  169.4974  164.1591
    1277  165.8921  164.1591
    1278  161.6158  164.1591
    1279  157.8694  164.1591
    1280  156.1126  164.1591
    1281  156.8510  164.1591
    1282  159.8625  164.1591
    1283  163.8794  164.1591
    1284  167.4024  164.1591
    1285  169.5152  164.1591
    1286  169.6860  164.1591
    1287  167.3761  164.1591
    1288  163.3010  164.1591
    1289  158.9037  164.1591
    1290  156.7488  164.1591
    1291  157.2096  164.1591
    1292  159.7030  164.1591
    1293  162.1984  164.1591
    1294  165.6463  164.1591
    1295  167.6445  164.1591
    1296  167.7388  164.1591
    1297  165.9848  164.1591
    1298  162.5779  164.1591
    1299  159.0103  164.1591
    1300  156.1471  164.1591
    1301  155.3614  164.1591
    1302  157.2006  164.1591
    1303  160.3310  164.1591
    1304  163.3976  164.1591
    1305  165.9628  164.1591
    1306  167.2428  164.1591
    1307  165.8553  164.1591
    1308  162.0571  164.1591
    1309  157.2041  164.1591
    1310  153.5135  164.1591
    1311  153.4131    0.0000
    1312  156.7430    0.0000
    1313  161.3252    0.0000
    1314  165.2469    0.0000
    1315  167.6550    0.0000
    1316  169.0580    0.0000
    1317  169.4539    0.0000
    1318  167.6796    0.0000
    1319  163.9203    0.0000
    1320  158.8220    0.0000
    1321  155.0527    0.0000
    1322  155.1909    0.0000
    1323  159.2821    0.0000
    1324  164.5764    0.0000
    1325  169.3404    0.0000
    1326  171.6473    0.0000
    1327  172.0994    0.0000
    1328  170.1561    0.0000
    1329  166.4255  166.4255
    1330  161.6758  166.4255
    1331  157.4424  166.4255
    1332  155.7486  166.4255
    1333  157.3415  166.4255
    1334  161.8011  166.4255
    1335  166.3773  166.4255
    1336  170.2651  166.4255
    1337  172.1134  166.4255
    1338  171.7005  166.4255
    1339  168.8168  166.4255
    1340  163.8331  166.4255
    1341  159.0087  166.4255
    1342  156.5639  166.4255
    1343  157.7551  166.4255
    1344  161.5941  166.4255
    1345  165.9531  166.4255
    1346  169.7589  166.4255
    1347  171.6263  166.4255
    1348  171.7765  166.4255
    1349  169.2362  166.4255
    1350  164.2817  166.4255
    1351  159.0653  166.4255
    1352  155.9368  166.4255
    1353  156.7405  166.4255
    1354  161.1621  166.4255
    1355  166.9590  166.4255
    1356  171.0163  166.4255
    1357  172.9909  166.4255
    1358  172.4483  166.4255
    1359  170.1000  166.4255
    1360  165.8657  166.4255
    1361  161.0673  166.4255
    1362  157.2480  166.4255
    1363  156.8827  166.4255
    1364  160.3651  166.4255
    1365  166.1138  166.4255
    1366  171.3918  166.4255
    1367  173.4699  166.4255
    1368  172.8319  166.4255
    1369  170.3648  166.4255
    1370  166.8605  166.4255
    1371  162.1990  166.4255
    1372  158.1226  166.4255
    1373  157.7543  166.4255
    1374  160.8123  166.4255
    1375  165.7686  166.4255
    1376  170.3406  166.4255
    1377  172.8349  166.4255
    1378  172.0968  166.4255
    1379  170.3590  166.4255
    1380  167.1977  166.4255
    1381  163.7615  166.4255
    1382  160.8372  166.4255
    1383  160.5468  166.4255
    1384  163.1695  166.4255
    1385  168.2813  166.4255
    1386  172.5827  166.4255
    1387  173.9588  166.4255
    1388  173.0112  166.4255
    1389  170.7658  166.4255
    1390  167.3496  166.4255
    1391  164.1915  166.4255
    1392  161.3400  166.4255
    1393  159.8267  166.4255
    1394  161.1963  166.4255
    1395  165.7056  166.4255
    1396  170.6393  166.4255
    1397  173.5647  166.4255
    1398  172.8258  166.4255
    1399  170.1126  166.4255
    1400  166.5037  166.4255
    1401  163.3808  166.4255
    1402  160.9349  166.4255
    1403  158.7726  166.4255
    1404  158.7282  166.4255
    1405  161.2201  166.4255
    1406  165.3433  166.4255
    1407  168.5900  166.4255
    1408  169.0603  166.4255
    1409  166.6784  166.4255
    1410  163.5479  166.4255
    1411  160.7767  166.4255
    1412  158.3771  166.4255
    1413  157.0862  166.4255
    1414  157.3148  166.4255
    1415  159.7793  166.4255
    1416  164.1507  166.4255
    1417  167.7903  166.4255
    1418  168.6224  166.4255
    1419  166.9180  166.4255
    1420  164.5790  166.4255
    1421  162.7842  166.4255
    1422  160.6219  166.4255
    1423  159.0728  166.4255
    1424  158.5587  166.4255
    1425  159.7063  166.4255
    1426  162.7098  166.4255
    1427  166.1923  166.4255
    1428  168.2676  166.4255
    1429  168.0931  166.4255
    1430  166.6261  166.4255
    1431  165.0470  166.4255
    1432  163.2918  166.4255
    1433  161.3587  166.4255
    1434  159.2075  166.4255
    1435  158.6831  166.4255
    1436  160.4015  166.4255
    1437  163.9691  166.4255
    1438  166.6263  166.4255
    1439  167.7993  166.4255
    1440  167.0396  166.4255
    1441  166.4458  166.4255
    1442  166.0942  166.4255
    1443  164.6320  166.4255
    1444  161.5096  166.4255
    1445  158.6681  166.4255
    1446  157.9411  166.4255
    1447  159.8582  166.4255
    1448  162.6460  166.4255
    1449  164.6932  166.4255
    1450  165.2738  166.4255
    1451  165.5063  166.4255
    1452  166.0884  166.4255
    1453  165.9736  166.4255
    1454  164.6136  166.4255
    1455  162.1270  166.4255
    1456  160.7864  166.4255
    1457  161.0313  166.4255
    1458  162.4945  166.4255
    1459  163.8602  166.4255
    1460  164.6599  166.4255
    1461  165.2339  166.4255
    1462  165.9776  166.4255
    1463  165.9478  166.4255
    1464  164.6241  166.4255
    1465  161.5401  166.4255
    1466  159.2932  166.4255
    1467  159.0756  166.4255
    1468  160.6536  166.4255
    1469  162.0673  166.4255
    1470  163.0744  166.4255
    1471  163.2952  166.4255
    1472  163.6480  166.4255
    1473  164.0955  166.4255
    1474  163.8670  166.4255
    1475  162.6165  166.4255
    1476  160.6770  166.4255
    1477  159.1937    0.0000
    1478  158.6481    0.0000
    1479  159.1160    0.0000
    1480  159.9884    0.0000
    1481  161.1349    0.0000
    1482  162.8002    0.0000
    1483  164.8030    0.0000
    1484  165.4861    0.0000
    1485  164.2798    0.0000
    1486  161.6170    0.0000
    1487  158.9479    0.0000
    1488  157.9760    0.0000
    1489  158.0153    0.0000
    1490  158.7062    0.0000
    1491  160.4211    0.0000
    1492  163.2213    0.0000
    1493  166.3766    0.0000
    1494  168.0554    0.0000
    1495  167.1344  167.1344
    1496  164.8827  167.1344
    1497  162.7885  167.1344
    1498  161.5467  167.1344
    1499  160.8527  167.1344
    1500  161.0585  167.1344
    1501  162.2810  167.1344
    1502  164.2922  167.1344
    1503  166.2148  167.1344
    1504  167.2330  167.1344
    1505  166.8174  167.1344
    1506  165.8095  167.1344
    1507  164.3404  167.1344
    1508  162.4766  167.1344
    1509  159.6719  167.1344
    1510  157.6056  167.1344
    1511  158.3547  167.1344
    1512  161.0047  167.1344
    1513  164.3450  167.1344
    1514  166.2508  167.1344
    1515  166.4687  167.1344
    1516  165.0234  167.1344
    1517  163.4305  167.1344
    1518  161.1196  167.1344
    1519  158.0795  167.1344
    1520  156.6719  167.1344
    1521  157.2922  167.1344
    1522  160.0124  167.1344
    1523  162.9973  167.1344
    1524  166.1070  167.1344
    1525  168.3451  167.1344
    1526  169.1335  167.1344
    1527  167.3924  167.1344
    1528  164.3344  167.1344
    1529  160.8222  167.1344
    1530  159.2815  167.1344
    1531  159.8225  167.1344
    1532  161.2521  167.1344
    1533  163.0666  167.1344
    1534  164.6203  167.1344
    1535  166.2762  167.1344
    1536  167.9186  167.1344
    1537  167.3701  167.1344
    1538  165.3219  167.1344
    1539  163.0200  167.1344
    1540  161.4410  167.1344
    1541  160.8760  167.1344
    1542  161.0206  167.1344
    1543  162.0606  167.1344
    1544  163.6847  167.1344
    1545  165.6280  167.1344
    1546  167.4323  167.1344
    1547  167.4959  167.1344
    1548  165.6215  167.1344
    1549  162.7560  167.1344
    1550  160.4126  167.1344
    1551  159.8626  167.1344
    1552  160.5518  167.1344
    1553  161.9064  167.1344
    1554  163.6431  167.1344
    1555  166.3715  167.1344
    1556  168.1711  167.1344
    1557  168.8428  167.1344
    1558  167.6606  167.1344
    1559  164.1904  167.1344
    1560  159.9670  167.1344
    1561  157.6469  167.1344
    1562  159.0794  167.1344
    1563  162.3510  167.1344
    1564  165.3331  167.1344
    1565  166.2838  167.1344
    1566  167.0818  167.1344
    1567  167.9414  167.1344
    1568  168.6727  167.1344
    1569  166.5084  167.1344
    1570  162.7831  167.1344
    1571  160.1198  167.1344
    1572  161.2898  167.1344
    1573  165.0841  167.1344
    1574  167.4894  167.1344
    1575  167.7876  167.1344
    1576  167.4286  167.1344
    1577  167.6279  167.1344
    1578  167.9062  167.1344
    1579  165.5767  167.1344
    1580  161.4741  167.1344
    1581  158.6626  167.1344
    1582  159.8615  167.1344
    1583  163.8983  167.1344
    1584  167.3509  167.1344
    1585  168.7159  167.1344
    1586  168.6039  167.1344
    1587  168.5970  167.1344
    1588  167.6314  167.1344
    1589  164.6161  167.1344
    1590  160.6081  167.1344
    1591  158.0599  167.1344
    1592  159.2431  167.1344
    1593  163.2091  167.1344
    1594  166.7391  167.1344
    1595  168.3111  167.1344
    1596  169.2745  167.1344
    1597  170.4263  167.1344
    1598  170.6646  167.1344
    1599  168.9399  167.1344
    1600  164.8907  167.1344
    1601  160.8268  167.1344
    1602  159.1621  167.1344
    1603  161.1927  167.1344
    1604  164.7554  167.1344
    1605  167.6701  167.1344
    1606  169.1880  167.1344
    1607  169.6616  167.1344
    1608  170.4153  167.1344
    1609  169.9506  167.1344
    1610  167.7726  167.1344
    1611  164.3818  167.1344
    1612  161.6263  167.1344
    1613  161.8225  167.1344
    1614  164.7531  167.1344
    1615  168.3553  167.1344
    1616  170.1214  167.1344
    1617  170.1428  167.1344
    1618  169.7322  167.1344
    1619  169.9013  167.1344
    1620  168.4972  167.1344
    1621  165.0234  167.1344
    1622  161.0475  167.1344
    1623  160.1492  167.1344
    1624  163.2640  167.1344
    1625  168.1090  167.1344
    1626  171.1328  167.1344
    1627  172.0323  167.1344
    1628  171.7081  167.1344
    1629  170.9792  167.1344
    1630  169.5148  167.1344
    1631  166.1035  167.1344
    1632  162.9347  167.1344
    1633  162.2429  167.1344
    1634  164.2769  167.1344
    1635  168.0293  167.1344
    1636  170.0725  167.1344
    1637  171.1566  167.1344
    1638  171.5368  167.1344
    1639  171.6243  167.1344
    1640  169.8892  167.1344
    1641  166.5407  167.1344
    1642  162.6571  167.1344
    1643  161.4029    0.0000
    1644  162.7376    0.0000
    1645  165.5731    0.0000
    1646  167.7506    0.0000
    1647  168.9101    0.0000
    1648  170.2026    0.0000
    1649  170.6507    0.0000
    1650  169.5246    0.0000
    1651  167.1056    0.0000
    1652  163.8053    0.0000
    1653  161.3968    0.0000
    1654  160.2970    0.0000
    1655  161.7762    0.0000
    1656  164.2736    0.0000
    1657  166.9181    0.0000
    1658  168.4767    0.0000
    1659  169.1378    0.0000
    1660  168.6549    0.0000
    1661  167.8162  167.8162
    1662  166.4375  167.8162
    1663  163.8351  167.8162
    1664  161.5238  167.8162
    1665  160.5624  167.8162
    1666  161.1762  167.8162
    1667  162.7458  167.8162
    1668  163.9971  167.8162
    1669  164.6427  167.8162
    1670  164.8013  167.8162
    1671  164.9892  167.8162
    1672  165.2300  167.8162
    1673  165.2953  167.8162
    1674  164.3377  167.8162
    1675  163.5517  167.8162
    1676  163.1750  167.8162
    1677  162.8478  167.8162
    1678  162.9711  167.8162
    1679  163.7536  167.8162
    1680  164.5770  167.8162
    1681  165.2498  167.8162
    1682  163.9359  167.8162
    1683  162.7466  167.8162
    1684  162.2379  167.8162
    1685  162.8141  167.8162
    1686  163.7354  167.8162
    1687  164.2798  167.8162
    1688  164.9358  167.8162
    1689  164.9714  167.8162
    1690  165.4671  167.8162
    1691  165.1899  167.8162
    1692  164.2290  167.8162
    1693  162.7967  167.8162
    1694  161.3951  167.8162
    1695  160.7064  167.8162
    1696  160.7033  167.8162
    1697  161.2323  167.8162
    1698  162.5818  167.8162
    1699  163.9383  167.8162
    1700  164.5458  167.8162
    1701  163.9392  167.8162
    1702  163.1532  167.8162
    1703  162.6152  167.8162
    1704  161.4931  167.8162
    1705  159.6515  167.8162
    1706  158.0467  167.8162
    1707  157.9929  167.8162
    1708  158.5108  167.8162
    1709  159.5588  167.8162
    1710  160.2968  167.8162
    1711  160.4919  167.8162
    1712  159.9364  167.8162
    1713  160.2236  167.8162
    1714  160.3891  167.8162
    1715  160.5494  167.8162
    1716  160.7762  167.8162
    1717  161.4651  167.8162
    1718  161.9607  167.8162
    1719  162.1232  167.8162
    1720  162.2940  167.8162
    1721  162.5054  167.8162
    1722  162.0135  167.8162
    1723  160.8936  167.8162
    1724  159.3508  167.8162
    1725  159.6465  167.8162
    1726  161.4265  167.8162
    1727  164.1322  167.8162
    1728  165.5096  167.8162
    1729  165.0316  167.8162
    1730  163.5426  167.8162
    1731  162.2524  167.8162
    1732  162.0018  167.8162
    1733  161.1669  167.8162
    1734  159.5084  167.8162
    1735  158.5621  167.8162
    1736  159.3957  167.8162
    1737  161.4672  167.8162
    1738  163.7235  167.8162
    1739  164.3112  167.8162
    1740  163.2198  167.8162
    1741  161.4762  167.8162
    1742  160.1193  167.8162
    1743  159.4270  167.8162
    1744  159.3597  167.8162
    1745  159.5374  167.8162
    1746  160.1299  167.8162
    1747  161.6117  167.8162
    1748  162.8060  167.8162
    1749  163.0982  167.8162
    1750  162.9214  167.8162
    1751  162.1525  167.8162
    1752  161.0191  167.8162
    1753  160.5756  167.8162
    1754  159.9671  167.8162
    1755  160.7386  167.8162
    1756  162.4620  167.8162
    1757  164.4268  167.8162
    1758  165.2117  167.8162
    1759  164.6339  167.8162
    1760  162.4268  167.8162
    1761  159.9796  167.8162
    1762  158.6751  167.8162
    1763  158.7746  167.8162
    1764  159.3380  167.8162
    1765  159.6654  167.8162
    1766  160.7892  167.8162
    1767  162.1074  167.8162
    1768  164.0026  167.8162
    1769  164.5910  167.8162
    1770  162.7618  167.8162
    1771  158.8907  167.8162
    1772  155.0166  167.8162
    1773  152.8856  167.8162
    1774  152.6622  167.8162
    1775  154.1663  167.8162
    1776  156.4426  167.8162
    1777  159.7240  167.8162
    1778  162.5168  167.8162
    1779  163.3964  167.8162
    1780  162.7515  167.8162
    1781  160.1169  167.8162
    1782  157.6098  167.8162
    1783  155.6801  167.8162
    1784  154.8701  167.8162
    1785  155.5930  167.8162
    1786  157.8074  167.8162
    1787  161.3652  167.8162
    1788  164.7971  167.8162
    1789  165.7469  167.8162
    1790  164.9217  167.8162
    1791  162.0001  167.8162
    1792  158.7784  167.8162
    1793  156.4611  167.8162
    1794  155.7432  167.8162
    1795  157.0495  167.8162
    1796  159.5378  167.8162
    1797  162.0109  167.8162
    1798  164.3255  167.8162
    1799  165.1075  167.8162
    1800  164.2825  167.8162
    1801  160.7296  167.8162
    1802  156.9132  167.8162
    1803  153.5602  167.8162
    1804  153.4188  167.8162
    1805  155.6020  167.8162
    1806  158.8085  167.8162
    1807  161.8113  167.8162
    1808  163.1548  167.8162
    1809  164.0174    0.0000
    1810  162.8933    0.0000
    1811  160.4324    0.0000
    1812  156.6790    0.0000
    1813  153.6781    0.0000
    1814  152.3555    0.0000
    1815  153.1529    0.0000
    1816  155.7499    0.0000
    1817  158.9357    0.0000
    1818  161.7717    0.0000
    1819  163.2535    0.0000
    1820  163.0327    0.0000
    1821  161.0096    0.0000
    1822  157.7290    0.0000
    1823  155.1633    0.0000
    1824  154.2148    0.0000
    1825  154.5359    0.0000
    1826  156.0911    0.0000
    1827  158.1477  158.1477
    1828  161.1104  158.1477
    1829  163.7636  158.1477
    1830  164.8097  158.1477
    1831  163.2233  158.1477
    1832  159.6914  158.1477
    1833  156.7000  158.1477
    1834  155.5071  158.1477
    1835  156.9356  158.1477
    1836  158.6331  158.1477
    1837  160.5750  158.1477
    1838  162.1007  158.1477
    1839  162.4790  158.1477
    1840  161.5401  158.1477
    1841  159.2631  158.1477
    1842  156.8728  158.1477
    1843  155.4037  158.1477
    1844  155.7755  158.1477
    1845  156.9312  158.1477
    1846  158.7015  158.1477
    1847  160.2205  158.1477
    1848  161.7701  158.1477
    1849  162.6266  158.1477
    1850  161.5720  158.1477
    1851  159.4705  158.1477
    1852  157.1985  158.1477
    1853  155.9209  158.1477
    1854  156.4273  158.1477
    1855  158.1456  158.1477
    1856  159.4137  158.1477
    1857  161.0195  158.1477
    1858  162.9081  158.1477
    1859  163.8865  158.1477
    1860  162.8279  158.1477
    1861  159.8182  158.1477
    1862  155.9317  158.1477
    1863  153.0875  158.1477
    1864  152.5101  158.1477
    1865  153.2154  158.1477
    1866  153.7908  158.1477
    1867  154.4116  158.1477
    1868  155.8153  158.1477
    1869  157.8991  158.1477
    1870  159.9025  158.1477
    1871  159.6086  158.1477
    1872  157.2372  158.1477
    1873  154.4976  158.1477
    1874  152.2175  158.1477
    1875  151.1205  158.1477
    1876  151.4517  158.1477
    1877  152.2908  158.1477
    1878  153.5805  158.1477
    1879  155.7694  158.1477
    1880  157.4443  158.1477
    1881  157.8606  158.1477
    1882  156.8062  158.1477
    1883  155.7565  158.1477
    1884  155.0072  158.1477
    1885  154.5970  158.1477
    1886  154.4837  158.1477
    1887  154.9406  158.1477
    1888  155.5489  158.1477
    1889  156.4660  158.1477
    1890  155.7662  158.1477
    1891  154.0534  158.1477
    1892  152.6665  158.1477
    1893  152.5237  158.1477
    1894  154.1194  158.1477
    1895  155.3581  158.1477
    1896  155.3013  158.1477
    1897  155.6354  158.1477
    1898  156.9384  158.1477
    1899  157.9434  158.1477
    1900  157.3501  158.1477
    1901  154.4187  158.1477
    1902  151.4002  158.1477
    1903  150.4949  158.1477
    1904  152.5063  158.1477
    1905  154.8348  158.1477
    1906  155.7658  158.1477
    1907  154.7846  158.1477
    1908  153.6145  158.1477
    1909  154.0725  158.1477
    1910  155.5026  158.1477
    1911  155.7037  158.1477
    1912  154.1105  158.1477
    1913  153.3385  158.1477
    1914  154.2583  158.1477
    1915  156.0568  158.1477
    1916  157.0778  158.1477
    1917  156.6823  158.1477
    1918  156.0343  158.1477
    1919  155.8174  158.1477
    1920  156.2572  158.1477
    1921  156.6286  158.1477
    1922  155.8717  158.1477
    1923  155.1218  158.1477
    1924  155.6355  158.1477
    1925  157.2194  158.1477
    1926  158.7304  158.1477
    1927  159.1263  158.1477
    1928  159.3916  158.1477
    1929  158.9879  158.1477
    1930  158.2778  158.1477
    1931  156.7278  158.1477
    1932  154.0584  158.1477
    1933  151.7319  158.1477
    1934  150.8620  158.1477
    1935  152.2672  158.1477
    1936  154.3781  158.1477
    1937  157.2880  158.1477
    1938  159.7588  158.1477
    1939  161.9476  158.1477
    1940  162.4754  158.1477
    1941  160.8720  158.1477
    1942  157.6862  158.1477
    1943  154.4807  158.1477
    1944  152.7508  158.1477
    1945  153.0488  158.1477
    1946  154.6252  158.1477
    1947  157.1334  158.1477
    1948  158.7568  158.1477
    1949  160.4644  158.1477
    1950  161.1828  158.1477
    1951  161.1632  158.1477
    1952  159.2005  158.1477
    1953  156.1091  158.1477
    1954  153.7745  158.1477
    1955  153.2994  158.1477
    1956  155.9079  158.1477
    1957  158.5417  158.1477
    1958  160.1976  158.1477
    1959  160.2020  158.1477
    1960  159.9044  158.1477
    1961  159.6085  158.1477
    1962  158.5042  158.1477
    1963  156.1148  158.1477
    1964  153.6138  158.1477
    1965  152.1917  158.1477
    1966  153.1936  158.1477
    1967  155.4398  158.1477
    1968  158.0801  158.1477
    1969  159.5125  158.1477
    1970  160.7554  158.1477
    1971  160.7603  158.1477
    1972  159.1406  158.1477
    1973  156.4151  158.1477
    1974  153.7853  158.1477
    1975  152.5062    0.0000
    1976  151.9539    0.0000
    1977  152.0848    0.0000
    1978  153.3874    0.0000
    1979  155.8556    0.0000
    1980  159.5172    0.0000
    1981  162.1956    0.0000
    1982  162.5610    0.0000
    1983  160.0975    0.0000
    1984  156.9003    0.0000
    1985  154.4902    0.0000
    1986  153.4934    0.0000
    1987  154.1675    0.0000
    1988  155.1465    0.0000
    1989  156.6757    0.0000
    1990  158.7054    0.0000
    1991  161.5794    0.0000
    1992  162.6365    0.0000
    1993  161.7586  161.7586
    1994  159.0430  161.7586
    1995  156.3280  161.7586
    1996  155.6345  161.7586
    1997  156.2864  161.7586
    1998  158.1215  161.7586
    1999  159.7430  161.7586
    2000  160.8012  161.7586
    2001  160.2133  161.7586
    2002  159.6390  161.7586
    2003  158.3209  161.7586
    2004  157.1827  161.7586
    2005  156.1474  161.7586
    2006  156.0835  161.7586
    2007  156.3105  161.7586
    2008  157.5956  161.7586
    2009  159.8119  161.7586
    2010  161.4987  161.7586
    2011  161.9342  161.7586
    2012  160.9547  161.7586
    2013  159.0056  161.7586
    2014  157.3672  161.7586
    2015  157.2974  161.7586
    2016  157.0944  161.7586
    2017  157.5515  161.7586
    2018  158.0360  161.7586
    2019  158.5789  161.7586
    2020  159.8453  161.7586
    2021  160.6732  161.7586
    2022  160.2837  161.7586
    2023  158.8705  161.7586
    2024  157.1891  161.7586
    2025  156.0588  161.7586
    2026  155.7946  161.7586
    2027  155.5546  161.7586
    2028  155.9562  161.7586
    2029  157.2038  161.7586
    2030  159.0270  161.7586
    2031  160.1956  161.7586
    2032  159.8264  161.7586
    2033  158.4796  161.7586
    2034  157.5041  161.7586
    2035  156.7928  161.7586
    2036  156.3875  161.7586
    2037  155.7350  161.7586
    2038  155.8674  161.7586
    2039  157.8319  161.7586
    2040  159.7349  161.7586
    2041  160.4965  161.7586
    2042  159.5359  161.7586
    2043  157.4068  161.7586
    2044  156.2176  161.7586
    2045  156.5828  161.7586
    2046  158.2731  161.7586
    2047  158.9178  161.7586
    2048  159.2632  161.7586
    2049  159.6651  161.7586
    2050  160.1516  161.7586
    2051  159.3770  161.7586
    2052  157.7474  161.7586
    2053  156.2370  161.7586
    2054  155.7830  161.7586
    2055  156.0668  161.7586
    2056  156.8932  161.7586
    2057  157.8976  161.7586
    2058  158.7397  161.7586
    2059  159.2623  161.7586
    2060  158.9225  161.7586
    2061  158.2616  161.7586
    2062  157.8417  161.7586
    2063  157.2264  161.7586
    2064  156.3555  161.7586
    2065  155.3892  161.7586
    2066  155.4336  161.7586
    2067  156.3985  161.7586
    2068  157.9380  161.7586
    2069  158.1736  161.7586
    2070  157.6617  161.7586
    2071  157.9245  161.7586
    2072  158.8896  161.7586
    2073  160.5151  161.7586
    2074  160.4144  161.7586
    2075  158.7120  161.7586
    2076  157.1398  161.7586
    2077  156.8582  161.7586
    2078  158.5270  161.7586
    2079  159.3473  161.7586
    2080  159.1517  161.7586
    2081  159.2824  161.7586
    2082  160.4900  161.7586
    2083  162.1967  161.7586
    2084  162.1234  161.7586
    2085  160.6207  161.7586
    2086  160.0879  161.7586
    2087  161.2713  161.7586
    2088  162.9501  161.7586
    2089  162.8137  161.7586
    2090  161.2969  161.7586
    2091  160.0630  161.7586
    2092  159.9048  161.7586
    2093  159.5008  161.7586
    2094  158.9599  161.7586
    2095  158.4512  161.7586
    2096  159.3453  161.7586
    2097  161.3720  161.7586
    2098  164.2676  161.7586
    2099  166.1316  161.7586
    2100  165.9791  161.7586
    2101  164.2769  161.7586
    2102  162.1077  161.7586
    2103  160.6717  161.7586
    2104  160.2200  161.7586
    2105  160.3727  161.7586
    2106  160.1747  161.7586
    2107  160.5248  161.7586
    2108  162.0717  161.7586
    2109  164.8639  161.7586
    2110  166.4600  161.7586
    2111  166.5455  161.7586
    2112  165.1344  161.7586
    2113  163.8166  161.7586
    2114  163.6953  161.7586
    2115  164.3919  161.7586
    2116  162.9528  161.7586
    2117  160.2846  161.7586
    2118  159.1692  161.7586
    2119  160.8994  161.7586
    2120  164.5279  161.7586
    2121  166.6727  161.7586
    2122  167.0867  161.7586
    2123  166.2635  161.7586
    2124  165.9401  161.7586
    2125  165.0250  161.7586
    2126  162.3488  161.7586
    2127  158.6993  161.7586
    2128  156.4902  161.7586
    2129  157.8410  161.7586
    2130  161.7642  161.7586
    2131  165.1574  161.7586
    2132  166.5937  161.7586
    2133  165.9218  161.7586
    2134  164.9897  161.7586
    2135  163.6071  161.7586
    2136  160.7400  161.7586
    2137  156.4795  161.7586
    2138  154.0594  161.7586
    2139  155.0548  161.7586
    2140  158.7433  161.7586
    2141  162.5879    0.0000
    2142  164.5491    0.0000
    2143  165.0481    0.0000
    2144  165.0944    0.0000
    2145  164.6784    0.0000
    2146  163.2737    0.0000
    2147  161.0757    0.0000
    2148  158.0140    0.0000
    2149  156.5182    0.0000
    2150  157.5326    0.0000
    2151  160.4567    0.0000
    2152  162.9933    0.0000
    2153  164.6959    0.0000
    2154  164.6453    0.0000
    2155  164.2910    0.0000
    2156  164.7912    0.0000
    2157  164.2686    0.0000
    2158  162.5633    0.0000
    2159  159.9120  159.9120
    2160  158.4693  159.9120
    2161  158.6731  159.9120
    2162  160.2411  159.9120
    2163  160.9527  159.9120
    2164  160.4745  159.9120
    2165  160.5475  159.9120
    2166  161.3991  159.9120
    2167  161.9545  159.9120
    2168  161.3361  159.9120
    2169  159.6575  159.9120
    2170  158.8444  159.9120
    2171  159.7699  159.9120
    2172  161.5584  159.9120
    2173  163.1784  159.9120
    2174  163.2517  159.9120
    2175  162.2014  159.9120
    2176  161.1593  159.9120
    2177  160.1817  159.9120
    2178  158.6651  159.9120
    2179  157.3322  159.9120
    2180  156.8510  159.9120
    2181  158.5721  159.9120
    2182  161.3350  159.9120
    2183  164.0321  159.9120
    2184  164.9522  159.9120
    2185  164.2391  159.9120
    2186  162.8311  159.9120
    2187  161.3710  159.9120
    2188  158.7359  159.9120
    2189  156.3340  159.9120
    2190  154.9523  159.9120
    2191  155.5064  159.9120
    2192  157.2047  159.9120
    2193  160.4823  159.9120
    2194  162.8514  159.9120
    2195  164.1797  159.9120
    2196  164.3635  159.9120
    2197  164.1990  159.9120
    2198  163.5352  159.9120
    2199  162.0591  159.9120
    2200  159.8158  159.9120
    2201  157.7631  159.9120
    2202  156.6168  159.9120
    2203  157.0590  159.9120
    2204  159.2930  159.9120
    2205  161.4619  159.9120
    2206  163.3864  159.9120
    2207  164.4542  159.9120
    2208  164.9151  159.9120
    2209  164.2398  159.9120
    2210  161.5685  159.9120
    2211  158.2147  159.9120
    2212  156.3130  159.9120
    2213  156.8043  159.9120
    2214  158.9386  159.9120
    2215  161.3947  159.9120
    2216  162.4076  159.9120
    2217  162.6207  159.9120
    2218  162.8718  159.9120
    2219  162.4509  159.9120
    2220  160.8322  159.9120
    2221  158.5647  159.9120
    2222  156.7670  159.9120
    2223  156.3439  159.9120
    2224  158.1974  159.9120
    2225  161.3643  159.9120
    2226  163.7514  159.9120
    2227  164.5004  159.9120
    2228  163.6879  159.9120
    2229  162.2692  159.9120
    2230  161.3768  159.9120
    2231  160.5770  159.9120
    2232  159.3354  159.9120
    2233  158.2470  159.9120
    2234  157.6895  159.9120
    2235  159.0917  159.9120
    2236  161.9123  159.9120
    2237  164.3996  159.9120
    2238  165.1921  159.9120
    2239  164.7889  159.9120
    2240  163.5283  159.9120
    2241  162.3634  159.9120
    2242  161.6870  159.9120
    2243  160.8957  159.9120
    2244  159.6055  159.9120
    2245  158.2485  159.9120
    2246  159.1863  159.9120
    2247  161.2500  159.9120
    2248  163.4171  159.9120
    2249  164.6721  159.9120
    2250  164.0846  159.9120
    2251  162.2445  159.9120
    2252  161.2235  159.9120
    2253  160.5741  159.9120
    2254  160.1786  159.9120
    2255  159.6658  159.9120
    2256  159.9995  159.9120
    2257  161.8656  159.9120
    2258  163.6456  159.9120
    2259  164.5566  159.9120
    2260  164.2960  159.9120
    2261  163.3750  159.9120
    2262  163.6960  159.9120
    2263  164.3730  159.9120
    2264  163.4881  159.9120
    2265  161.8483  159.9120
    2266  161.4805  159.9120
    2267  163.4945  159.9120
    2268  165.5788  159.9120
    2269  165.9436  159.9120
    2270  164.2349  159.9120
    2271  162.5439  159.9120
    2272  162.1017  159.9120
    2273  163.2970  159.9120
    2274  163.9045  159.9120
    2275  163.5393  159.9120
    2276  162.1093  159.9120
    2277  162.5150  159.9120
    2278  164.3759  159.9120
    2279  166.3135  159.9120
    2280  165.2085  159.9120
    2281  162.1261  159.9120
    2282  159.9204  159.9120
    2283  160.6225  159.9120
    2284  162.7420  159.9120
    2285  163.9405  159.9120
    2286  163.3827  159.9120
    2287  162.7626  159.9120
    2288  163.9271  159.9120
    2289  165.9417  159.9120
    2290  165.6374  159.9120
    2291  162.8456  159.9120
    2292  159.7523  159.9120
    2293  158.7042  159.9120
    2294  160.3837  159.9120
    2295  162.7866  159.9120
    2296  164.2464  159.9120
    2297  164.1661  159.9120
    2298  163.8471  159.9120
    2299  164.2039  159.9120
    2300  165.1598  159.9120
    2301  164.2292  159.9120
    2302  161.6086  159.9120
    2303  160.0544  159.9120
    2304  160.5256  159.9120
    2305  162.3973  159.9120
    2306  163.7143  159.9120
    2307  164.4795    0.0000
    2308  165.8513    0.0000
    2309  168.2571    0.0000
    2310  169.6548    0.0000
    2311  167.8187    0.0000
    2312  163.4262    0.0000
    2313  160.1877    0.0000
    2314  159.7211    0.0000
    2315  161.1245    0.0000
    2316  161.7864    0.0000
    2317  161.6998    0.0000
    2318  162.1808    0.0000
    2319  164.8333    0.0000
    2320  167.9780    0.0000
    2321  167.9873    0.0000
    2322  164.3819    0.0000
    2323  160.2374    0.0000
    2324  159.0649    0.0000
    2325  160.6960  160.6960
    2326  162.5837  160.6960
    2327  162.1609  160.6960
    2328  160.8758  160.6960
    2329  161.0808  160.6960
    2330  163.8096  160.6960
    2331  166.3522  160.6960
    2332  165.6546  160.6960
    2333  161.5265  160.6960
    2334  158.5787  160.6960
    2335  158.7146  160.6960
    2336  161.4195  160.6960
    2337  163.3198  160.6960
    2338  163.0470  160.6960
    2339  161.3130  160.6960
    2340  161.9910  160.6960
    2341  164.2131  160.6960
    2342  165.0796  160.6960
    2343  162.5222  160.6960
    2344  157.9324  160.6960
    2345  155.1912  160.6960
    2346  156.4404  160.6960
    2347  159.5017  160.6960
    2348  162.2758  160.6960
    2349  162.8509  160.6960
    2350  162.7643  160.6960
    2351  163.1095  160.6960
    2352  163.1836  160.6960
    2353  161.6514  160.6960
    2354  158.3085  160.6960
    2355  155.8206  160.6960
    2356  155.4143  160.6960
    2357  156.8956  160.6960
    2358  158.1900  160.6960
    2359  159.0961  160.6960
    2360  160.5612  160.6960
    2361  162.2120  160.6960
    2362  162.7049  160.6960
    2363  160.4447  160.6960
    2364  157.5930  160.6960
    2365  155.9377  160.6960
    2366  156.7231  160.6960
    2367  158.2651  160.6960
    2368  158.7025  160.6960
    2369  159.1582  160.6960
    2370  160.7269  160.6960
    2371  162.9246  160.6960
    2372  163.8347  160.6960
    2373  161.6740  160.6960
    2374  157.5128  160.6960
    2375  154.7975  160.6960
    2376  154.9476  160.6960
    2377  157.3757  160.6960
    2378  159.9507  160.6960
    2379  161.1372  160.6960
    2380  161.9422  160.6960
    2381  162.2731  160.6960
    2382  161.0505  160.6960
    2383  158.5395  160.6960
    2384  155.7612  160.6960
    2385  153.4038  160.6960
    2386  153.3448  160.6960
    2387  155.3927  160.6960
    2388  158.2383  160.6960
    2389  160.8061  160.6960
    2390  162.0533  160.6960
    2391  161.6615  160.6960
    2392  158.9786  160.6960
    2393  156.0621  160.6960
    2394  153.7566  160.6960
    2395  153.1887  160.6960
    2396  154.8070  160.6960
    2397  157.9576  160.6960
    2398  160.4013  160.6960
    2399  162.1944  160.6960
    2400  162.6624  160.6960
    2401  160.9569  160.6960
    2402  157.7671  160.6960
    2403  154.0136  160.6960
    2404  151.8997  160.6960
    2405  152.1915  160.6960
    2406  154.7839  160.6960
    2407  158.6765  160.6960
    2408  161.7224  160.6960
    2409  163.2795  160.6960
    2410  164.1060  160.6960
    2411  163.2672  160.6960
    2412  161.0480  160.6960
    2413  158.1218  160.6960
    2414  154.8772  160.6960
    2415  153.2392  160.6960
    2416  153.8161  160.6960
    2417  156.8392  160.6960
    2418  160.6534  160.6960
    2419  162.8544  160.6960
    2420  163.7792  160.6960
    2421  162.5105  160.6960
    2422  161.1470  160.6960
    2423  159.4268  160.6960
    2424  157.8593  160.6960
    2425  155.8014  160.6960
    2426  155.0554  160.6960
    2427  156.0806  160.6960
    2428  158.4587  160.6960
    2429  161.3813  160.6960
    2430  162.3917  160.6960
    2431  161.4207  160.6960
    2432  159.3595  160.6960
    2433  156.4899  160.6960
    2434  154.1837  160.6960
    2435  152.7095  160.6960
    2436  153.6074  160.6960
    2437  156.0997  160.6960
    2438  159.2982  160.6960
    2439  162.1042  160.6960
    2440  163.6188  160.6960
    2441  163.5814  160.6960
    2442  161.1725  160.6960
    2443  157.1601  160.6960
    2444  153.1259  160.6960
    2445  150.5091  160.6960
    2446  150.1584  160.6960
    2447  153.2500  160.6960
    2448  158.0062  160.6960
    2449  162.4745  160.6960
    2450  165.3909  160.6960
    2451  166.5809  160.6960
    2452  165.5587  160.6960
    2453  162.3246  160.6960
    2454  157.3265  160.6960
    2455  151.8329  160.6960
    2456  149.7049  160.6960
    2457  150.9454  160.6960
    2458  156.2604  160.6960
    2459  162.1091  160.6960
    2460  166.0595  160.6960
    2461  168.4183  160.6960
    2462  168.1873  160.6960
    2463  165.2903  160.6960
    2464  160.7859  160.6960
    2465  154.5639  160.6960
    2466  149.1448  160.6960
    2467  147.2956  160.6960
    2468  149.9235  160.6960
    2469  156.1067  160.6960
    2470  163.3272  160.6960
    2471  168.5341  160.6960
    2472  170.1029  160.6960
    2473  168.2761    0.0000
    2474  164.2435    0.0000
    2475  159.5599    0.0000
    2476  155.1337    0.0000
    2477  152.4196    0.0000
    2478  152.4446    0.0000
    2479  155.9328    0.0000
    2480  161.7327    0.0000
    2481  167.4029    0.0000
    2482  170.4480    0.0000
    2483  169.7030    0.0000
    2484  165.7750    0.0000
    2485  161.6785    0.0000
    2486  157.9698    0.0000
    2487  156.4177    0.0000
    2488  156.7923    0.0000
    2489  158.8467    0.0000
    2490  162.1704    0.0000
    2491  166.2635  166.2635
    2492  169.1283  166.2635
    2493  169.4786  166.2635
    2494  165.8293  166.2635
    2495  160.5143  166.2635
    2496  156.0524  166.2635
    2497  154.6270  166.2635
    2498  156.3270  166.2635
    2499  159.3725  166.2635
    2500  162.7720  166.2635
    2501  166.2384  166.2635
    2502  169.9304  166.2635
    2503  172.1760  166.2635
    2504  170.7176  166.2635
    2505  165.4998  166.2635
    2506  158.6161  166.2635
    2507  153.6781  166.2635
    2508  153.0223  166.2635
    2509  155.9080  166.2635
    2510  160.8697  166.2635
    2511  165.5179  166.2635
    2512  169.2458  166.2635
    2513  171.1857  166.2635
    2514  171.1136  166.2635
    2515  167.4023  166.2635
    2516  161.4310  166.2635
    2517  155.8502  166.2635
    2518  152.8145  166.2635
    2519  152.8856  166.2635
    2520  156.0100  166.2635
    2521  160.3737  166.2635
    2522  164.9604  166.2635
    2523  167.5314  166.2635
    2524  167.7927  166.2635
    2525  165.7761  166.2635
    2526  162.3717  166.2635
    2527  158.6460  166.2635
    2528  155.8841  166.2635
    2529  155.2137  166.2635
    2530  156.6325  166.2635
    2531  160.3048  166.2635
    2532  164.4204  166.2635
    2533  167.6706  166.2635
    2534  169.1480  166.2635
    2535  167.5927  166.2635
    2536  164.4370  166.2635
    2537  159.7090  166.2635
    2538  155.3828  166.2635
    2539  153.6324  166.2635
    2540  155.3165  166.2635
    2541  159.1980  166.2635
    2542  163.7238  166.2635
    2543  166.8496  166.2635
    2544  168.8702  166.2635
    2545  169.2760  166.2635
    2546  167.1156  166.2635
    2547  162.7535  166.2635
    2548  157.4125  166.2635
    2549  153.8647  166.2635
    2550  153.9937  166.2635
    2551  156.5831  166.2635
    2552  160.7173  166.2635
    2553  163.9643  166.2635
    2554  166.2764  166.2635
    2555  166.8773  166.2635
    2556  165.4095  166.2635
    2557  162.3505  166.2635
    2558  157.8291  166.2635
    2559  154.0087  166.2635
    2560  153.3585  166.2635
    2561  155.9821  166.2635
    2562  160.6296  166.2635
    2563  164.5557  166.2635
    2564  166.9341  166.2635
    2565  167.4449  166.2635
    2566  165.9700  166.2635
    2567  163.2314  166.2635
    2568  158.9777  166.2635
    2569  154.2540  166.2635
    2570  151.4250  166.2635
    2571  151.8625  166.2635
    2572  155.8546  166.2635
    2573  162.0357  166.2635
    2574  166.9008  166.2635
    2575  168.6203  166.2635
    2576  167.7454  166.2635
    2577  164.4040  166.2635
    2578  159.9205  166.2635
    2579  155.4959  166.2635
    2580  151.9383  166.2635
    2581  150.5838  166.2635
    2582  152.2161  166.2635
    2583  156.9688  166.2635
    2584  162.3462  166.2635
    2585  166.3146  166.2635
    2586  168.1048  166.2635
    2587  167.1411  166.2635
    2588  163.4259  166.2635
    2589  158.3465  166.2635
    2590  153.5397  166.2635
    2591  151.5076  166.2635
    2592  153.2925  166.2635
    2593  156.8116  166.2635
    2594  160.7045  166.2635
    2595  164.2981  166.2635
    2596  166.9119  166.2635
    2597  167.4964  166.2635
    2598  165.3502  166.2635
    2599  160.2255  166.2635
    2600  154.5766  166.2635
    2601  151.3632  166.2635
    2602  151.9317  166.2635
    2603  155.7878  166.2635
    2604  160.0608  166.2635
    2605  164.0997  166.2635
    2606  167.5155  166.2635
    2607  168.5965  166.2635
    2608  167.0109  166.2635
    2609  162.3414  166.2635
    2610  156.5311  166.2635
    2611  152.9634  166.2635
    2612  152.6141  166.2635
    2613  155.2404  166.2635
    2614  159.3418  166.2635
    2615  163.1033  166.2635
    2616  166.1969  166.2635
    2617  167.9445  166.2635
    2618  167.5541  166.2635
    2619  163.6804  166.2635
    2620  158.4992  166.2635
    2621  153.8056  166.2635
    2622  152.2956  166.2635
    2623  153.3476  166.2635
    2624  156.3314  166.2635
    2625  160.6279  166.2635
    2626  164.6471  166.2635
    2627  167.3920  166.2635
    2628  167.7616  166.2635
    2629  165.2226  166.2635
    2630  160.6744  166.2635
    2631  155.6531  166.2635
    2632  153.5630  166.2635
    2633  153.7694  166.2635
    2634  155.9244  166.2635
    2635  159.0648  166.2635
    2636  163.2163  166.2635
    2637  166.5781  166.2635
    2638  168.1525  166.2635
    2639  166.1990    0.0000
    2640  160.9956    0.0000
    2641  155.7339    0.0000
    2642  153.6728    0.0000
    2643  155.3932    0.0000
    2644  158.4949    0.0000
    2645  160.9991    0.0000
    2646  163.1618    0.0000
    2647  165.6115    0.0000
    2648  168.2151    0.0000
    2649  168.0819    0.0000
    2650  164.1331    0.0000
    2651  158.2806    0.0000
    2652  154.8984    0.0000
    2653  155.6462    0.0000
    2654  158.2338    0.0000
    2655  159.9664    0.0000
    2656  160.2919    0.0000
    2657  162.2235  162.2235
    2658  165.9025  162.2235
    2659  168.6913  162.2235
    2660  167.3297  162.2235
    2661  162.6008  162.2235
    2662  157.8692  162.2235
    2663  155.9225  162.2235
    2664  156.9649  162.2235
    2665  158.5070  162.2235
    2666  160.2592  162.2235
    2667  162.1722  162.2235
    2668  165.3199  162.2235
    2669  167.9518  162.2235
    2670  167.0316  162.2235
    2671  163.1724  162.2235
    2672  158.6284  162.2235
    2673  156.0682  162.2235
    2674  156.1970  162.2235
    2675  157.7811  162.2235
    2676  159.6351  162.2235
    2677  162.6474  162.2235
    2678  166.5390  162.2235
    2679  168.3762  162.2235
    2680  166.7940  162.2235
    2681  162.4069  162.2235
    2682  158.1410  162.2235
    2683  155.9441  162.2235
    2684  156.2948  162.2235
    2685  157.9674  162.2235
    2686  160.0283  162.2235
    2687  162.4878  162.2235
    2688  165.2573  162.2235
    2689  167.6389  162.2235
    2690  167.7807  162.2235
    2691  164.6214  162.2235
    2692  160.1041  162.2235
    2693  157.4813  162.2235
    2694  157.6245  162.2235
    2695  159.3495  162.2235
    2696  161.2077  162.2235
    2697  163.0519  162.2235
    2698  164.3067  162.2235
    2699  165.4540  162.2235
    2700  165.6747  162.2235
    2701  164.2558  162.2235
    2702  161.7565  162.2235
    2703  159.5857  162.2235
    2704  158.7134  162.2235
    2705  159.6125  162.2235
    2706  161.1455  162.2235
    2707  163.3087  162.2235
    2708  165.0291  162.2235
    2709  166.2829  162.2235
    2710  165.7387  162.2235
    2711  164.2053  162.2235
    2712  162.3920  162.2235
    2713  160.6725  162.2235
    2714  159.8544  162.2235
    2715  160.2145  162.2235
    2716  161.2623  162.2235
    2717  163.8225  162.2235
    2718  166.1468  162.2235
    2719  167.0813  162.2235
    2720  166.6479  162.2235
    2721  163.9656  162.2235
    2722  160.9514  162.2235
    2723  159.9538  162.2235
    2724  160.5520  162.2235
    2725  161.1063  162.2235
    2726  161.2779  162.2235
    2727  162.2259  162.2235
    2728  164.3662  162.2235
    2729  166.2626  162.2235
    2730  165.8527  162.2235
    2731  162.5867  162.2235
    2732  158.7025  162.2235
    2733  156.5165  162.2235
    2734  157.5343  162.2235
    2735  159.7742  162.2235
    2736  161.4887  162.2235
    2737  163.0932  162.2235
    2738  164.9124  162.2235
    2739  166.4781  162.2235
    2740  165.8620  162.2235
    2741  161.4156  162.2235
    2742  156.6170  162.2235
    2743  154.3579  162.2235
    2744  156.0945  162.2235
    2745  160.0348  162.2235
    2746  163.2844  162.2235
    2747  166.2352  162.2235
    2748  168.3617  162.2235
    2749  169.4637  162.2235
    2750  167.5603  162.2235
    2751  162.9259  162.2235
    2752  158.1431  162.2235
    2753  155.8220  162.2235
    2754  156.4064  162.2235
    2755  158.9152  162.2235
    2756  161.5024  162.2235
    2757  164.0482  162.2235
    2758  167.0500  162.2235
    2759  169.6107  162.2235
    2760  169.3858  162.2235
    2761  164.9223  162.2235
    2762  158.8842  162.2235
    2763  154.8869  162.2235
    2764  155.0923  162.2235
    2765  158.5106  162.2235
    2766  160.9032  162.2235
    2767  162.0882  162.2235
    2768  162.6876  162.2235
    2769  164.9098  162.2235
    2770  167.3031  162.2235
    2771  166.2138  162.2235
    2772  161.5817  162.2235
    2773  155.7755  162.2235
    2774  153.4684  162.2235
    2775  155.6375  162.2235
    2776  159.8825  162.2235
    2777  163.3128  162.2235
    2778  164.5010  162.2235
    2779  165.4377  162.2235
    2780  166.0368  162.2235
    2781  165.5871  162.2235
    2782  162.6348  162.2235
    2783  158.8067  162.2235
    2784  155.6596  162.2235
    2785  155.8730  162.2235
    2786  158.9198  162.2235
    2787  162.2582  162.2235
    2788  164.9307  162.2235
    2789  166.6849  162.2235
    2790  166.8163  162.2235
    2791  165.3842  162.2235
    2792  161.7381  162.2235
    2793  157.3280  162.2235
    2794  154.0796  162.2235
    2795  153.7739  162.2235
    2796  155.5221  162.2235
    2797  158.2636  162.2235
    2798  160.9362  162.2235
    2799  163.4599  162.2235
    2800  164.8703  162.2235
    2801  164.4372  162.2235
    2802  162.4331  162.2235
    2803  159.7418  162.2235
    2804  157.2750  162.2235
    2805  155.8385    0.0000
    2806  156.3916    0.0000
    2807  158.2284    0.0000
    2808  160.5735    0.0000
    2809  162.3132    0.0000
    2810  162.4807    0.0000
    2811  162.6043    0.0000
    2812  161.7417    0.0000
    2813  161.0473    0.0000
    2814  160.0765    0.0000
    2815  159.0779    0.0000
    2816  158.8258    0.0000
    2817  159.4964    0.0000
    2818  161.1657    0.0000
    2819  161.9986    0.0000
    2820  162.0180    0.0000
    2821  160.8090    0.0000
    2822  160.0587    0.0000
    2823  159.5866  159.5866
    2824  159.0872  159.5866
    2825  159.2880  159.5866
    2826  159.6466  159.5866
    2827  161.3711  159.5866
    2828  162.1362  159.5866
    2829  163.1130  159.5866
    2830  162.6997  159.5866
    2831  161.3038  159.5866
    2832  159.1951  159.5866
    2833  157.2260  159.5866
    2834  155.7923  159.5866
    2835  155.7319  159.5866
    2836  156.6532  159.5866
    2837  158.9325  159.5866
    2838  161.5472  159.5866
    2839  162.7444  159.5866
    2840  162.5953  159.5866
    2841  160.9508  159.5866
    2842  158.8953  159.5866
    2843  157.2234  159.5866
    2844  156.0526  159.5866
    2845  155.7393  159.5866
    2846  157.0907  159.5866
    2847  159.2809  159.5866
    2848  161.1342  159.5866
    2849  162.4989  159.5866
    2850  162.9193  159.5866
    2851  161.9835  159.5866
    2852  160.1458  159.5866
    2853  157.3945  159.5866
    2854  155.1827  159.5866
    2855  154.9796  159.5866
    2856  156.1504  159.5866
    2857  157.5842  159.5866
    2858  158.7395  159.5866
    2859  159.7531  159.5866
    2860  159.8026  159.5866
    2861  159.4659  159.5866
    2862  159.4797  159.5866
    2863  159.9774  159.5866
    2864  160.3355  159.5866
    2865  160.0450  159.5866
    2866  158.3132  159.5866
    2867  156.8394  159.5866
    2868  157.1465  159.5866
    2869  159.0231  159.5866
    2870  159.7617  159.5866
    2871  159.2924  159.5866
    2872  158.3183  159.5866
    2873  158.8329  159.5866
    2874  161.1252  159.5866
    2875  162.4348  159.5866
    2876  161.3777  159.5866
    2877  158.8450  159.5866
    2878  156.8852  159.5866
    2879  157.8848  159.5866
    2880  159.8112  159.5866
    2881  160.3462  159.5866
    2882  159.7215  159.5866
    2883  158.9384  159.5866
    2884  159.5868  159.5866
    2885  160.5830  159.5866
    2886  160.0488  159.5866
    2887  158.4802  159.5866
    2888  157.5319  159.5866
    2889  158.0336  159.5866
    2890  159.3514  159.5866
    2891  159.8479  159.5866
    2892  159.7910  159.5866
    2893  159.9164  159.5866
    2894  160.3218  159.5866
    2895  160.4519  159.5866
    2896  159.2350  159.5866
    2897  156.9339  159.5866
    2898  155.0290  159.5866
    2899  154.6548  159.5866
    2900  156.2705  159.5866
    2901  158.3517  159.5866
    2902  160.0198  159.5866
    2903  160.1962  159.5866
    2904  159.7075  159.5866
    2905  158.8867  159.5866
    2906  157.9429  159.5866
    2907  157.4892  159.5866
    2908  156.4589  159.5866
    2909  156.0532  159.5866
    2910  155.9197  159.5866
    2911  156.4761  159.5866
    2912  158.1243  159.5866
    2913  159.1357  159.5866
    2914  159.8868  159.5866
    2915  159.5562  159.5866
    2916  158.6570  159.5866
    2917  156.9991  159.5866
    2918  156.4131  159.5866
    2919  157.8077  159.5866
    2920  159.4880  159.5866
    2921  160.5307  159.5866
    2922  159.9074  159.5866
    2923  158.8475  159.5866
    2924  158.4464  159.5866
    2925  158.8167  159.5866
    2926  159.1325  159.5866
    2927  158.0644  159.5866
    2928  156.9288  159.5866
    2929  157.2172  159.5866
    2930  159.5322  159.5866
    2931  162.2303  159.5866
    2932  164.0280  159.5866
    2933  164.3145  159.5866
    2934  163.0407  159.5866
    2935  161.1365  159.5866
    2936  159.5722  159.5866
    2937  157.7889  159.5866
    2938  156.4056  159.5866
    2939  156.6858  159.5866
    2940  158.6258  159.5866
    2941  161.2692  159.5866
    2942  164.7269  159.5866
    2943  167.4247  159.5866
    2944  167.3721  159.5866
    2945  164.2439  159.5866
    2946  159.6711  159.5866
    2947  155.7179  159.5866
    2948  154.5627  159.5866
    2949  155.4123  159.5866
    2950  157.3285  159.5866
    2951  159.4616  159.5866
    2952  161.4689  159.5866
    2953  163.0466  159.5866
    2954  163.3725  159.5866
    2955  162.4664  159.5866
    2956  159.7845  159.5866
    2957  155.8301  159.5866
    2958  153.3262  159.5866
    2959  153.4755  159.5866
    2960  155.8890  159.5866
    2961  159.4498  159.5866
    2962  163.2437  159.5866
    2963  165.5745  159.5866
    2964  164.9223  159.5866
    2965  162.7885  159.5866
    2966  160.0713  159.5866
    2967  158.5214  159.5866
    2968  157.8651  159.5866
    2969  157.6157  159.5866
    2970  157.8345  159.5866
    2971  158.8329    0.0000
    2972  161.3468    0.0000
    2973  163.5266    0.0000
    2974  164.9742    0.0000
    2975  163.4119    0.0000
    2976  160.9717    0.0000
    2977  158.8713    0.0000
    2978  157.9609    0.0000
    2979  158.3950    0.0000
    2980  158.9875    0.0000
    2981  158.8178    0.0000
    2982  159.1046    0.0000
    2983  159.7962    0.0000
    2984  161.0090    0.0000
    2985  162.0119    0.0000
    2986  160.6771    0.0000
    2987  158.4345    0.0000
    2988  156.0855    0.0000
    2989  155.7992  155.7992
    2990  157.6526  155.7992
    2991  160.3629  155.7992
    2992  161.5489  155.7992
    2993  161.9798  155.7992
    2994  162.8057  155.7992
    2995  163.2596  155.7992
    2996  162.5743  155.7992
    2997  160.3882  155.7992
    2998  158.4051  155.7992
    2999  158.0069  155.7992
    3000  159.4191  155.7992
    3001  161.3113  155.7992
    3002  163.8822  155.7992
    3003  166.0685  155.7992
    3004  167.1994  155.7992
    3005  165.9937  155.7992
    3006  163.2656  155.7992
    3007  160.0043  155.7992
    3008  158.1467  155.7992
    3009  158.0816  155.7992
    3010  159.0372  155.7992
    3011  160.3060  155.7992
    3012  162.5708  155.7992
    3013  165.0357  155.7992
    3014  166.5172  155.7992
    3015  164.9402  155.7992
    3016  161.7718  155.7992
    3017  158.4016  155.7992
    3018  156.7799  155.7992
    3019  157.1147  155.7992
    3020  158.1077  155.7992
    3021  159.8144  155.7992
    3022  162.2854  155.7992
    3023  164.7762  155.7992
    3024  165.6158  155.7992
    3025  163.8942  155.7992
    3026  161.1492  155.7992
    3027  159.4543  155.7992
    3028  158.6488  155.7992
    3029  158.9524  155.7992
    3030  159.0776  155.7992
    3031  159.9897  155.7992
    3032  162.6585  155.7992
    3033  165.2904  155.7992
    3034  165.7020  155.7992
    3035  163.8800  155.7992
    3036  162.0728  155.7992
    3037  161.8258  155.7992
    3038  162.6294  155.7992
    3039  162.0632  155.7992
    3040  160.5441  155.7992
    3041  159.8469  155.7992
    3042  162.6134  155.7992
    3043  166.8289  155.7992
    3044  169.0310  155.7992
    3045  168.2182  155.7992
    3046  165.1527  155.7992
    3047  162.9583  155.7992
    3048  162.7096  155.7992
    3049  162.5702  155.7992
    3050  161.2044  155.7992
    3051  159.5675  155.7992
    3052  159.9844  155.7992
    3053  162.8599  155.7992
    3054  166.5101  155.7992
    3055  167.7253  155.7992
    3056  166.4083  155.7992
    3057  164.3521  155.7992
    3058  163.2213  155.7992
    3059  163.4715  155.7992
    3060  163.4195  155.7992
    3061  161.8230  155.7992
    3062  160.5261  155.7992
    3063  161.3393  155.7992
    3064  163.4795  155.7992
    3065  164.6628  155.7992
    3066  164.0952  155.7992
    3067  162.8432  155.7992
    3068  163.0421  155.7992
    3069  164.5474  155.7992
    3070  165.2724  155.7992
    3071  164.5318  155.7992
    3072  164.0193  155.7992
    3073  164.4062  155.7992
    3074  165.1067  155.7992
    3075  164.3552  155.7992
    3076  162.0811  155.7992
    3077  159.8130  155.7992
    3078  159.5070  155.7992
    3079  161.1863  155.7992
    3080  163.0712  155.7992
    3081  164.0061  155.7992
    3082  164.0614  155.7992
    3083  165.2808  155.7992
    3084  167.2820  155.7992
    3085  167.7583  155.7992
    3086  164.7365  155.7992
    3087  160.6872  155.7992
    3088  158.0879  155.7992
    3089  158.0077  155.7992
    3090  159.5922  155.7992
    3091  160.3761  155.7992
    3092  160.7198  155.7992
    3093  162.3317  155.7992
    3094  165.4949  155.7992
    3095  168.2694  155.7992
    3096  168.2425  155.7992
    3097  164.9039  155.7992
    3098  161.1834  155.7992
    3099  160.6561  155.7992
    3100  162.5429  155.7992
    3101  164.1644  155.7992
    3102  164.5059  155.7992
    3103  164.3999  155.7992
    3104  165.1704  155.7992
    3105  166.5345  155.7992
    3106  166.9931  155.7992
    3107  165.6154  155.7992
    3108  162.6149  155.7992
    3109  160.2901  155.7992
    3110  160.5065  155.7992
    3111  161.8389  155.7992
    3112  162.7666  155.7992
    3113  163.1837  155.7992
    3114  163.9931  155.7992
    3115  165.6603  155.7992
    3116  165.6578  155.7992
    3117  163.3938  155.7992
    3118  160.3068  155.7992
    3119  158.3985  155.7992
    3120  158.6386  155.7992
    3121  160.2566  155.7992
    3122  160.5704  155.7992
    3123  160.6556  155.7992
    3124  162.6919  155.7992
    3125  166.1277  155.7992
    3126  168.7146  155.7992
    3127  168.1978  155.7992
    3128  164.8246  155.7992
    3129  162.0053  155.7992
    3130  160.8670  155.7992
    3131  160.7451  155.7992
    3132  160.8639  155.7992
    3133  160.7296  155.7992
    3134  162.1705  155.7992
    3135  165.1886  155.7992
    3136  168.1525  155.7992
    3137  168.5391    0.0000
    3138  166.5670    0.0000
    3139  163.3918    0.0000
    3140  161.6549    0.0000
    3141  161.3511    0.0000
    3142  161.6498    0.0000
    3143  161.9094    0.0000
    3144  162.1319    0.0000
    3145  163.5701    0.0000
    3146  165.8832    0.0000
    3147  167.5117    0.0000
    3148  167.0547    0.0000
    3149  164.8361    0.0000
    3150  162.3457    0.0000
    3151  161.0670    0.0000
    3152  161.1561    0.0000
    3153  162.6425    0.0000
    3154  163.7693    0.0000
    3155  165.4463  165.4463
    3156  167.3783  165.4463
    3157  168.9128  165.4463
    3158  168.3235  165.4463
    3159  166.3748  165.4463
    3160  163.4719  165.4463
    3161  161.7833  165.4463
    3162  161.1864  165.4463
    3163  162.0468  165.4463
    3164  164.2204  165.4463
    3165  166.2231  165.4463
    3166  167.8999  165.4463
    3167  168.9038  165.4463
    3168  167.9910  165.4463
    3169  165.7804  165.4463
    3170  163.5770  165.4463
    3171  162.1104  165.4463
    3172  161.8960  165.4463
    3173  161.7750  165.4463
    3174  162.7635  165.4463
    3175  163.6469  165.4463
    3176  165.4775  165.4463
    3177  167.2870  165.4463
    3178  166.4016  165.4463
    3179  163.9995  165.4463
    3180  161.3803  165.4463
    3181  160.2717  165.4463
    3182  161.0114  165.4463
    3183  162.2881  165.4463
    3184  163.1029  165.4463
    3185  164.3845  165.4463
    3186  165.1279  165.4463
    3187  165.6391  165.4463
    3188  165.3093  165.4463
    3189  163.7149  165.4463
    3190  161.0058  165.4463
    3191  158.3783  165.4463
    3192  157.8572  165.4463
    3193  160.1692  165.4463
    3194  163.6571  165.4463
    3195  167.2296  165.4463
    3196  169.2160  165.4463
    3197  169.5581  165.4463
    3198  167.8238  165.4463
    3199  165.1999  165.4463
    3200  161.6752  165.4463
    3201  158.8115  165.4463
    3202  157.3719  165.4463
