 146 base-pairs
   0  ***local base-pair & step parameters***
       Shear  Stretch  Stagger Buckle Prop-Tw Opening   Shift  Slide    Rise    Tilt    Roll   Twist
A-T    -0.77   -0.38   -0.36  -18.38   -5.54   -5.81    0.00    0.00    0.00    0.00    0.00    0.00
T-A    -1.09   -0.17    0.28    3.89  -13.66   -8.87   -0.79   -0.62    3.04   -4.29   -2.65   28.44
C-G    -1.11    0.06   -1.06   10.50  -13.10   -2.50    0.73    0.46    2.99   12.93    1.95   36.86
A-T     0.17   -0.10   -0.13    9.61  -15.88    4.13   -0.03    0.70    3.50   -5.35   10.90   42.30
A-T     0.54   -0.18   -0.07   -8.71  -13.64    2.73   -0.26   -0.04    3.72   -0.95    4.88   37.91
T-A    -0.56   -0.22   -0.08   11.40  -11.43   -0.11    0.14   -0.49    2.65   -0.41   -1.37   26.23
A-T     0.93   -0.14    0.23    7.67  -15.51   -3.61   -0.03   -0.20    3.41   -2.66   -6.03   44.96
T-A     0.74   -0.05   -0.00    9.34  -15.28   -8.67   -0.14   -1.29    3.33   -1.55   -3.54   36.18
C-G    -0.33    0.16    0.26  -12.90  -11.57    3.11    1.15   -0.37    3.67    0.53   -1.97   34.57
C-G    -1.31    0.48    0.20   -3.63   -4.00    0.21   -0.28   -0.17    2.89    0.08    9.31   22.62
A-T    -0.10    0.19   -0.56   -1.28    1.94  -25.10   -1.94    0.51    3.32   -2.78    4.21   35.03
C-G    -1.02    0.27   -0.04   11.11  -13.26    2.28    0.93   -1.23    3.10   -3.21   -1.86   27.50
C-G    -0.85    0.22    0.17    6.69  -20.45    9.62    0.94   -0.45    3.25    3.21   12.81   35.81
T-A     0.86   -0.30    0.29    0.83  -19.83   -2.36   -0.51    1.10    3.69    2.90   13.91   36.60
G-C    -0.84    0.13    0.50   -1.21   -9.49    8.54    0.67    2.22    3.30   -0.02  -11.21   40.40
C-G     0.49    0.33   -0.27   19.44  -21.50   -4.93   -1.14    0.52    2.63    6.72    6.75   35.52
A-T     1.12   -0.63    1.30   22.24   -9.36   -9.62    1.17    1.87    3.16   -5.39  -16.60   49.34
G-C     0.73   -0.16    1.07   25.55  -20.33   -6.75    0.76   -0.73    3.21    5.74    3.17   28.68
A-T     0.57    0.46   -0.29  -10.69  -31.34    6.26    0.17    0.09    4.18   13.40   -2.99   40.41
T-A    -0.27    0.81   -0.30    3.61  -25.58    7.03    0.15   -0.33    2.84   -0.88    1.75   27.66
T-A     0.83    0.57   -0.15   -2.10  -25.30   17.61    0.61   -0.25    3.22    4.38    6.55   38.29
C-G    -0.72    0.22   -1.02   18.82  -30.25   -2.76   -0.93   -0.05    2.53    8.09    9.28   19.65
T-A    -1.38    0.18   -0.42    9.70  -30.00    0.10   -0.29   -0.18    3.74   -8.79   24.27   29.39
A-T     0.06    0.57   -0.34  -12.84  -13.66   13.48    1.39    1.04    3.88    0.53   15.42   35.60
C-G    -2.01    0.58   -0.12   19.51   -6.94    7.99   -0.63   -0.52    2.57   -6.87   -0.61   20.60
C-G    -0.57    0.74   -0.45   16.24  -24.53   10.48    0.82    0.85    3.08    8.36   12.10   36.00
A-T    -0.04    0.71    0.44    7.86  -39.20   17.58   -0.22    2.38    3.35   -0.92    8.68   40.83
A-T     1.69    0.70    0.84   32.32  -23.96  -14.03   -0.13    1.02    3.12  -13.97  -27.11   46.51
A-T    -0.76   -0.35    0.08   20.37  -17.21    7.07    1.65   -0.42    3.30   11.25    1.01   29.30
A-T     0.46    0.13   -0.22    8.21  -11.36    1.04    0.01    0.02    3.53    2.66    0.94   37.25
G-C     0.76    0.18   -0.52  -24.81  -17.92    1.54    0.13   -0.44    4.23    0.94   11.10   37.77
T-A    -1.52    0.25   -0.72   -8.57  -18.71   10.28   -0.04   -0.30    2.69    2.41    2.17   24.72
G-C     0.37    0.48   -0.54   -7.95  -13.98   10.92    0.09    0.63    3.49   -7.33   11.62   37.64
T-A    -1.43    0.41   -0.76   -8.97   -6.06   -4.52   -1.25   -0.58    3.18   -0.77   14.87   25.30
A-T    -0.28    0.01   -0.56  -16.80  -10.35    5.16    0.45   -0.14    3.79   -2.81    2.42   35.80
T-A    -0.26   -0.02   -0.18  -12.94   -4.53   -1.33   -0.41   -0.65    3.26   -2.03   -0.29   35.45
T-A     0.05   -0.03    0.01   -6.06  -13.64    1.44    0.08   -0.29    3.06    2.00   -5.97   41.27
T-A    -0.47   -0.13    0.26   -5.91  -12.31   -0.07   -0.11   -0.37    3.17    0.14    2.81   26.16
G-C     1.10    0.34    1.05    0.13  -23.14    1.90    0.20    2.41    3.64   -4.58  -21.16   55.40
G-C    -0.18    0.27    0.45   13.14    5.88    1.57    0.72    0.39    3.18    3.08   -2.44   22.78
A-T    -0.63    0.23    0.06    9.60  -13.13   -0.72   -0.72    0.81    3.63    0.63    4.27   38.19
A-T     0.55   -0.13   -0.33   -0.49  -16.82    0.47    0.16   -0.32    3.41    2.28   10.18   36.80
A-T    -0.47    0.10    0.34    2.30  -18.53    1.99    0.23    0.10    3.25   -4.51    5.89   30.77
C-G     0.59    0.42   -0.21    8.77   -9.74    7.88    0.59   -0.72    3.15    2.82    5.56   32.38
T-A    -0.85    0.45    0.36   -3.09  -13.95   15.26    1.03    0.32    3.55    1.97   11.62   31.63
G-C     0.13    0.31   -0.18  -13.73  -30.28    6.93   -1.30    0.85    3.62    3.26    5.91   39.76
C-G     0.47    0.49    1.00  -13.12   -8.82   15.44    0.96    1.27    3.16   -9.04   -5.31   41.60
T-A    -0.99   -0.21    0.96  -16.77  -20.28   -0.49   -1.45    0.38    3.39   -1.29   -1.46   29.30
C-G    -0.74    0.38    0.12   -6.21    1.58    7.66    0.78    1.59    3.43    7.15  -20.04   44.43
C-G     0.59   -0.07   -0.65    3.94  -14.71   -1.72   -0.61    0.28    2.86    5.27    3.13   42.04
A-T     0.12    0.18   -0.31   10.56  -15.07   -3.60    0.10    0.89    3.19    0.71    7.78   34.49
T-A     0.00   -0.08   -0.13   15.95  -10.05  -12.21    0.01   -0.76    3.51   -5.13   -2.07   33.77
C-G     0.99   -0.44   -0.69   13.08  -14.31   -4.97    0.59   -0.15    3.59    9.20   11.90   43.89
A-T     0.15   -0.31   -0.24   15.04   -3.80   -1.07    0.11   -0.24    3.46   -4.76    4.18   24.56
A-T     0.90    0.31   -0.78   19.67  -19.42   13.38    0.23    0.34    3.15   10.21   10.08   39.21
A-T     1.96   -0.06   -0.88   15.89  -40.40    7.37   -0.14    0.54    3.14    4.71   -2.74   44.84
A-T     0.08   -0.22   -0.42  -10.01   -8.07    0.98    0.07   -0.07    3.87   -9.12    3.76   31.80
G-C     1.20    0.64   -2.12   -6.29  -12.06    5.93   -0.65    1.08    3.76   13.02    3.35   40.50
G-C    -0.54    0.02   -0.27   -9.06  -37.65    2.67   -0.75    1.82    3.43  -10.50   -9.15   31.80
C-G     1.06   -0.33    0.07   -5.44   -7.25   -6.64   -0.66    1.00    3.57  -12.90   -3.91   49.79
A-T     0.22   -0.07   -0.09  -10.61   -1.09   -4.24    0.55    1.28    3.56    2.59   -8.09   40.02
T-A     1.06   -0.26   -0.37    9.44  -16.38   -2.24   -0.29   -0.27    2.90   -0.74   18.37   27.36
G-C     0.62   -0.08   -0.38  -10.63   -8.90    1.52    0.36    1.10    4.53    1.02   17.39   28.65
T-A    -0.77   -0.05    0.14   -2.16  -14.70   -1.30   -0.73   -0.63    3.33   -2.32    3.74   25.41
T-A    -0.88   -0.16    0.08    2.14  -13.50   -0.06    0.40   -0.02    3.07   -0.17    6.69   30.01
C-G     0.15   -0.07   -0.53   16.96  -11.01   -1.43    0.92    0.72    3.15    8.83   -0.91   41.84
A-T     0.48   -0.15   -0.19   -4.27  -31.71   -6.50   -0.94    1.41    3.92   -0.03    4.87   42.88
G-C    -0.00    0.27   -0.04   -4.45   -7.42   13.58    1.66    1.17    3.30   -0.20   -5.91   38.34
C-G    -0.78    0.82    0.51   -2.16  -22.24   12.69   -0.32    0.87    3.26   -2.63   -3.99   30.66
T-A    -0.31   -0.06    0.01   -1.99  -16.67    0.41   -0.61    1.53    3.42    2.55   -0.64   39.10
G-C     0.89    0.02    0.37   -0.06   -7.20    3.31    0.76    1.06    3.40   -4.11    3.59   41.40
A-T     0.22   -0.19    0.29    3.53   -8.55    1.50   -0.57   -0.00    3.18   -1.33    1.79   31.64
A-T     0.49    0.03   -0.21    0.41  -14.48    1.49   -0.29   -0.21    3.53    3.99    8.77   32.71
T-A    -0.75   -0.07   -0.26    3.27  -10.65    6.10    0.17   -0.79    3.17   -0.84   11.19   25.29
T-A    -0.67   -0.17   -0.14   -1.50  -15.93    3.11    0.15   -0.10    3.32    1.89    6.72   33.38
C-G    -0.31    0.08   -0.07    5.76  -10.81    4.74    0.13    0.46    3.25    0.14    7.62   31.80
A-T     0.57   -0.05    0.20   10.47  -24.77   -4.01   -0.78    2.01    3.32   -3.50   -6.30   46.52
G-C     0.20   -0.10    0.24    6.42    1.08    7.77    1.37    0.58    3.52    2.96   -0.85   34.14
C-G     0.04   -0.12   -0.08    1.50  -32.63   -3.43   -1.51    1.35    3.40    2.73   -9.26   37.89
T-A    -0.20   -0.05   -0.20   -8.16   -9.83    1.28    1.52    1.54    3.47    1.90   -0.88   43.23
G-C    -0.46    0.24   -0.13   -9.98  -12.12    7.69   -0.39    0.87    3.44   -3.88    9.06   32.47
A-T    -0.18   -0.00   -0.24    3.84  -24.98   -0.87   -0.83    0.26    2.99   -0.39    5.30   33.92
A-T     0.33   -0.24   -0.26    0.08  -17.69   -1.51    0.37   -0.01    3.53   -0.47   11.19   34.02
C-G     0.26    0.08    0.01   -1.22  -12.88    6.59    0.23   -0.28    3.38   -0.69    5.37   31.56
A-T     0.51   -0.02   -0.09   -9.50  -12.07    1.66   -0.51    0.40    3.58   -0.29    8.07   32.77
T-A    -0.28   -0.24   -0.13    3.72   -6.31   -1.16    0.15   -0.42    2.97    1.08    4.39   28.57
G-C    -0.52   -0.04    0.48   10.58   -3.46    1.11    0.60    0.47    3.21   -2.05    0.35   35.93
C-G     0.08   -0.24    0.11    7.93  -36.39   -7.67   -1.26    0.49    3.56    5.20  -10.99   42.05
C-G    -0.49    0.25    0.97  -13.30  -22.09    3.02    0.63    1.06    3.98   -3.61    0.31   35.74
T-A    -0.60    0.30    0.38  -18.32  -22.12   -2.13   -0.76    1.24    3.44   -4.16  -10.29   42.19
T-A    -0.01    0.68   -0.36   -2.46  -17.86    6.52    0.41    0.29    3.03   -0.82    0.30   36.26
T-A    -0.28    0.15   -0.03   -5.42  -14.66    5.43    0.53    0.17    3.35   -0.93   11.53   32.52
T-A    -0.14    0.13   -0.43    0.76   -3.41    0.90   -0.63    0.44    3.21   -0.59    9.26   29.74
G-C     0.39   -0.10   -0.32   -8.87   -4.56    0.61    0.16   -0.97    3.74   -0.26   15.90   26.49
A-T     0.13    0.10   -0.05  -11.55   -8.22   -8.47   -0.11   -0.72    3.33   -1.93    9.79   29.07
T-A    -0.32   -0.16    0.07   -0.73  -17.32   -6.94   -0.66   -0.94    3.12    1.89   -2.33   27.90
G-C     0.40    0.07    0.19   10.78  -16.47   -0.63    0.52    0.48    3.15    0.42    2.45   39.25
G-C     0.48    0.08    0.04    3.77    6.03   10.39    1.17    0.19    3.31    0.53    5.82   36.32
A-T     1.10   -0.03   -0.07   -0.19  -32.39   -9.04   -1.93    1.03    3.70   -0.70  -14.11   42.08
G-C     0.51    0.12    0.78   14.72   -9.83    6.02    2.25    0.20    2.87    1.17   -6.07   34.83
C-G     0.45    0.22    0.41   -1.72  -16.41    1.91   -0.82    0.52    3.71   -0.92    1.21   37.27
A-T    -0.36   -0.03   -0.21  -10.43  -18.21    7.13    0.72    0.49    3.44    7.91    1.67   35.39
G-C     0.07   -0.06   -0.09   -6.12   -8.57   -2.18   -1.05   -0.19    3.37   -7.57    4.71   35.99
T-A    -0.20    0.06   -0.15   -2.92  -15.36   -1.28   -0.22   -0.90    3.08    3.48   14.41   27.36
T-A    -0.47    0.53    0.08  -16.85  -17.16    7.02    0.12    0.07    3.79   -1.08    9.19   29.88
T-A     0.24   -0.07   -0.05  -12.85  -23.27    8.00    0.64    0.47    3.13    2.80    5.76   38.76
C-G     0.30    0.47   -0.27   -9.09    1.79   11.95    1.03    1.36    3.16    0.04    0.33   40.27
C-G     0.10    0.33   -0.09   15.02  -17.54    2.37   -1.10    1.29    2.99    6.05   -2.37   28.15
A-T    -0.15   -0.35   -0.42   -1.12  -12.21    0.41    0.17    2.33    3.64    3.62   -2.33   47.36
A-T     0.40   -0.33   -0.53    0.45  -19.28    1.25    0.01    0.25    3.47   -0.46    2.97   34.27
A-T     0.19    0.10   -0.32  -10.68  -11.35    1.04   -0.38   -0.58    3.42   -5.53    0.14   32.76
T-A    -1.20   -0.05   -0.60   -3.42  -14.58    2.95   -0.37   -0.25    2.93   -1.13    0.85   29.91
A-T     0.41   -0.07    0.18    6.70   -9.51    1.64   -0.05   -0.29    3.30   -9.61    1.38   43.32
C-G     0.07    0.01   -0.75   15.74  -16.65   -2.00   -0.21   -0.42    3.07    6.49    6.41   28.19
A-T     0.03   -0.15   -0.31    0.95   -7.95    3.80    0.36   -0.34    3.54   -2.73   10.88   32.26
C-G    -0.68   -0.01   -0.66   29.20  -15.82   -3.38    0.02   -0.61    2.74    3.93   -4.20   30.32
T-A    -0.57    0.08   -0.17   -3.72   -7.69   -0.17    0.66   -0.43    4.00    3.09    9.32   38.52
T-A    -0.23    0.11    0.45  -10.19   -9.58   -6.63   -0.21   -0.19    3.57   -2.46    0.58   35.75
T-A    -0.21    0.20    0.25  -17.98  -12.67    4.97   -0.17   -0.26    3.37    0.76    4.61   36.93
T-A    -0.15    0.20   -0.27  -25.93  -34.72    2.75   -0.93    0.81    3.34    0.20   -3.85   36.13
G-C     1.26    0.85   -1.67  -40.68  -29.15    3.08   -0.72    2.94    3.37   -1.54    0.15   46.59
G-C    -0.19    0.34   -0.69   -7.55  -13.50    3.23   -0.60    0.60    2.28  -16.99    4.78   20.80
T-A     0.33    0.04   -0.75   -0.83  -27.24    2.52    0.30   -0.09    3.29    5.45    3.98   35.88
A-T     1.01    0.28   -0.51   -6.17  -28.32    9.27   -0.08    0.87    3.34    1.89   18.27   32.30
G-C     0.57   -0.24   -0.97   -8.77  -29.65   -2.08   -0.30    0.37    3.39    0.07   15.87   22.30
A-T     0.37    0.21   -1.82  -12.88  -27.85   -1.69   -0.16   -0.74    3.58    1.81   14.44   30.44
A-T     0.27   -0.10    0.01   15.15  -17.99    4.88    0.78    0.43    2.48   -9.93   -0.53   34.25
T-A    -1.08   -0.01   -1.09    8.65  -10.81   -1.35   -0.30   -1.52    3.17    6.22   -0.72   24.75
C-G    -0.81    0.16   -0.49    6.57  -17.60    0.02    1.14   -0.21    3.17    4.29    7.45   42.22
T-A    -0.21   -0.15    0.61   -8.69  -13.08   -0.02   -0.60    0.67    3.75   -8.74    6.52   32.48
G-C     0.88    0.33   -1.19  -23.70  -11.53   -2.13   -1.11    2.19    3.61    4.16   -2.06   49.60
C-G     0.81   -0.48   -0.49    8.76  -14.52    3.09    0.67    1.20    2.31   -8.50    1.91   29.13
A-T     0.83   -0.12   -0.12    4.04  -29.45    3.44   -0.35    2.59    3.54   -1.60   -2.91   46.83
G-C     0.58    0.60    0.17    8.96  -10.34   10.26    0.58    0.75    3.08   -5.70    6.11   29.54
G-C    -0.29   -0.23   -0.16    8.05   -9.51   -1.37   -0.84   -0.93    2.92   -2.36   16.60   29.81
T-A    -0.03   -0.19   -0.15   -7.28   -4.68   -0.62   -0.60   -0.86    3.81   -0.56    6.18   32.11
G-C     0.48   -0.29   -0.36   -5.14   -8.94    0.10   -0.05    0.07    3.35    1.90    7.77   35.23
G-C    -0.09   -0.20   -0.20   10.56   -8.24    7.47    0.85    0.01    3.12   -0.68    3.43   23.39
A-T     0.24    0.12    0.02   -6.70   -7.49    0.61   -0.28   -0.22    3.49   -4.82    3.45   41.97
T-A     0.49   -0.18    0.21   -1.79   -6.73    1.92    0.04   -0.62    3.21    0.04   -1.25   32.43
A-T    -0.27   -0.44   -0.25   -6.62  -13.26   -2.42   -0.69    0.09    3.41    0.60   -5.91   36.24
T-A    -0.31   -0.17    0.26   -6.95  -12.06    1.89   -0.16   -0.28    3.35   -3.15   -4.75   33.89
T-A    -0.60    0.08    0.14  -13.92  -16.91    4.44    0.43   -0.19    3.38    3.77    7.15   35.92
G-C     0.40    0.12   -0.77   -7.45   -4.27   -1.65   -0.27    0.36    3.14    4.46    5.09   36.23
A-T     1.09   -0.28   -0.12   -5.47   -3.79    2.97   -0.08   -0.05    3.39  -11.56    4.15   37.58
T-A     0.07   -0.26   -0.28    5.23   -7.55   -0.22    0.30   -0.75    3.13    3.31    2.80   31.02
