 146 base-pairs
   0  ***local base-pair & step parameters***
       Shear  Stretch  Stagger Buckle Prop-Tw Opening   Shift  Slide    Rise    Tilt    Roll   Twist
A-T     0.11   -0.12   -0.25   -6.92   -1.63   -0.27    0.00    0.00    0.00    0.00    0.00    0.00
T-A    -0.07   -0.04    0.03    5.47   -1.36   -2.59   -0.86   -0.78    2.96   -5.20    4.20   26.12
C-G     0.11   -0.26   -0.45   12.38   -9.04   -1.45    0.72    0.06    3.20    6.69    2.74   34.77
A-T     0.21   -0.11   -0.23    4.59  -12.22    2.05   -0.65    1.31    3.55   -4.53    0.52   45.60
A-T    -0.00   -0.26   -0.20    3.86   -7.84    7.11    0.24   -0.07    3.25    1.49    4.89   33.06
T-A     0.07    0.03    0.06    7.94   -4.31    5.08    0.30    0.08    3.21   -0.75   -2.47   31.00
A-T     0.10   -0.02   -0.43   -1.52   -3.10   -4.10   -0.14   -0.22    3.42    4.89   -2.31   40.18
T-A     0.12   -0.09   -0.37    6.24   -2.47    8.81    0.94   -0.42    3.15    0.68   -0.84   29.48
C-G    -0.10    0.01    0.18   -9.12  -13.21    2.49    0.13    0.22    3.50   -1.56    2.36   42.54
C-G     0.22   -0.19   -0.08    0.78    1.64   -3.97   -0.11    0.57    3.16   -0.55    4.96   33.26
A-T    -0.22   -0.07    0.36    9.33    0.47   -4.20   -0.46   -0.51    2.98   -6.03    7.97   31.34
C-G     0.12   -0.05    0.20    5.63  -11.21   -1.91   -0.25   -1.17    3.42   -1.04    1.14   32.51
C-G    -0.10   -0.04    0.54  -16.35   -5.65   -1.51    0.11   -0.40    3.57    0.21   12.07   36.08
T-A     0.26   -0.07    0.22    1.68   -5.49    0.43   -0.45    0.44    3.02    4.40    7.50   25.62
G-C    -0.44   -0.12   -0.09   -2.49  -12.30    2.68    0.37    2.52    3.34    4.99   -5.90   46.27
C-G     0.18   -0.03   -1.00   20.93  -13.15    2.28   -0.52    1.21    2.32    7.65    7.29   30.97
A-T     0.12   -0.29    0.73   14.93   -1.16   -5.02    0.53    2.60    3.62   -9.45   -7.41   47.84
G-C     0.42   -0.14    0.83    6.51  -26.56   -6.06   -0.15    0.07    3.49   -1.74    5.64   37.52
A-T    -0.13    0.22   -0.36  -18.92  -18.16   -1.70   -0.16   -0.63    3.74    7.44   -2.90   37.61
T-A    -0.04    0.06   -0.12    4.91  -20.58   -9.36   -0.95    0.02    2.38   -3.39   -3.70   32.24
T-A    -0.08    0.11   -0.17   -3.62  -31.96   -4.84    0.39   -1.28    3.27    4.00    4.84   30.33
C-G    -0.09   -0.03    0.00   12.09  -16.26   -3.59    0.83   -0.09    2.87    1.15    8.74   31.14
T-A     0.23   -0.11   -0.96   13.26  -32.43    6.44   -0.81    1.63    3.02   10.64   21.04   30.20
A-T    -0.09   -0.09    0.07   -7.32  -17.27    3.67    0.28    0.19    3.82  -12.62   15.58   28.41
C-G     0.15    0.06    0.28   -0.02   -1.92   -0.99   -0.22   -0.27    3.14   -3.61    9.94   28.64
C-G     0.06    0.11    0.58   -9.72    8.01    1.54    0.07   -0.00    3.56   -2.92    6.93   32.03
A-T    -0.11   -0.09    0.22   14.72   -7.78    0.38   -0.40    1.82    2.83    0.54   -6.14   38.27
A-T     0.22   -0.15    0.71   14.42  -20.67    0.36    0.39    0.11    3.40   -4.70   -9.73   33.90
A-T     0.02   -0.17    0.60   11.53  -18.47   -3.07    0.33    0.25    3.33   -3.05  -10.80   40.43
A-T    -0.11   -0.18    0.79   10.35    4.04    3.41    0.61   -0.28    3.17   -2.51   -5.60   34.80
G-C     0.14    0.04   -0.32  -13.77   -3.20   -1.38   -0.45   -0.60    4.01    2.91    7.58   38.35
T-A     0.05   -0.26   -0.40  -12.98   -7.05    8.39   -0.65   -1.06    3.23    0.08    0.40   33.09
G-C    -0.23   -0.16    0.46   -3.16    0.89    1.57    0.58    0.05    3.05   -5.70    5.10   33.75
T-A    -0.00   -0.00   -0.25   11.37  -10.55   -1.55   -0.25   -0.48    2.98    7.33    2.59   27.32
A-T    -0.05   -0.01    0.29   -2.91   -6.11    0.31    0.35   -0.32    3.62   -1.64    8.12   34.54
T-A    -0.22    0.02   -0.15    0.42   -5.80    3.45    0.21   -0.67    3.33    6.90    2.89   34.59
T-A    -0.13   -0.18    0.65   -9.28   -3.32   -4.21    0.26   -0.30    3.46   -4.04   -3.35   38.65
T-A    -0.11   -0.27    0.62   -7.55  -10.67    0.32   -0.06   -0.36    3.18    3.37    3.81   30.40
G-C     0.03   -0.24    0.76   -4.80  -16.35   -3.57   -0.66    2.56    3.37   -2.92  -24.03   49.57
G-C    -0.13    0.02    0.68   22.43    9.65   -2.27    1.73    0.81    2.78    3.51   -6.66   29.15
A-T     0.11   -0.12    0.55   17.79   -7.28    2.18   -0.72    1.16    3.65    2.64    7.41   40.09
A-T     0.16   -0.01   -0.17   12.73  -13.50    0.22    0.15   -0.46    3.48    4.28    3.22   32.64
A-T    -0.07   -0.08   -0.01    2.57   -9.58   -0.35    0.49   -0.01    3.39    1.27   13.92   32.42
C-G     0.22    0.09   -0.12   16.23  -10.75    3.18    0.38   -0.43    2.95   -0.11    3.63   29.41
T-A     0.20   -0.14    0.33    0.08  -12.88    7.07    1.08   -0.27    3.66    5.56   16.86   33.05
G-C    -0.17    0.10    0.09   -7.35  -20.88    1.98   -1.55    0.92    3.26   -0.39    3.81   36.80
C-G     0.37   -0.04    0.34   -6.30   -6.66    2.77    0.90    1.40    3.32   -2.18   -9.86   43.65
T-A    -0.05   -0.02    0.32   -2.96  -18.68    0.04   -0.84    0.67    3.11    1.25   -1.80   34.96
C-G     0.05   -0.06   -0.10    2.86    5.15    1.72    1.21    1.21    3.22    4.90   -4.88   39.66
C-G     0.22    0.05    0.14   -7.82   -9.55   -0.25   -0.89    0.16    3.43   -2.79    1.92   38.77
A-T    -0.02   -0.10   -0.77    4.11   -3.68    2.28    0.66    1.52    3.39    4.66    0.83   41.74
T-A    -0.16    0.02   -0.72   16.72   -6.14    0.56    0.06   -0.29    2.96   -0.78    6.90   28.83
C-G     0.37    0.13   -0.77   38.76  -25.27    5.54    1.55    0.90    2.97   11.12   -0.42   36.56
A-T     0.19   -0.20   -0.36   -2.85  -21.91   -4.53   -1.13    1.01    4.35   -3.48   27.05   32.82
A-T     0.31    0.04   -0.44   18.13  -25.09   -2.25    0.10    0.36    2.79    3.79    1.38   36.61
A-T     0.17   -0.01   -0.03   -2.80  -26.11    6.07    0.21   -0.25    3.49   -1.29    6.42   40.18
A-T    -0.01   -0.16   -0.25  -14.13  -12.49   -2.79   -0.33   -0.19    3.45   -3.06    0.06   34.11
G-C     0.08   -0.00    0.23    4.15    7.30   -0.22    0.19    0.79    2.93   -7.20   -4.67   34.41
G-C     0.29   -0.45    2.02   33.29   -0.17  -10.84   -1.24    0.53    3.00  -12.73  -26.09   42.28
C-G     0.21   -0.09    1.54  -13.29  -20.12   -3.73   -0.10   -0.21    4.88    3.62    4.98   37.86
A-T     0.12   -0.12    1.09    2.64    9.24   -6.55   -0.18    1.79    3.25   -7.64  -21.23   45.37
T-A    -0.13    0.02   -0.43  -18.80  -28.61    4.87   -0.44   -0.42    4.43    7.75   30.05   18.18
G-C     0.15   -0.23   -0.14   -8.27   -6.03   -0.71   -0.28    1.46    3.46  -11.98    6.65   34.47
T-A    -0.22   -0.10   -0.00    3.76   -9.92    1.01   -0.42   -0.35    2.98   -0.78    3.47   27.71
T-A     0.09   -0.21    0.32   -4.81  -13.45    1.56    0.46    0.02    3.53   -0.47    2.83   30.66
C-G     0.16   -0.10    0.15    5.98   -1.92   -0.40    0.76    0.62    3.15    5.28    5.98   37.76
A-T     0.08   -0.03    0.31    4.48  -19.28   -5.58   -0.84    1.42    3.42   -0.09   -7.46   44.81
G-C    -0.25   -0.10    0.36    4.92   -4.43   -0.48    0.88    0.71    3.27   -0.43   -2.65   31.37
C-G    -0.15   -0.08    0.72   -8.53  -16.33   -1.74   -0.39    0.61    3.85   -0.22  -10.59   42.06
G-C    -0.35   -0.07   -0.35   -5.08   -4.92   -0.10    0.41    1.21    3.33    7.40    0.42   36.42
G-C     0.09   -0.07   -0.26    3.65   -1.88    0.34    0.37    0.83    3.05   -1.85   10.48   32.86
A-T    -0.05   -0.05    0.10    4.15  -13.54    3.02   -0.83    0.26    3.37   -4.43   -0.70   35.42
A-T     0.04   -0.20    0.21    1.19   -8.85    2.68    0.35   -0.14    3.38   -1.31    6.36   32.30
T-A    -0.01    0.04    0.12   -2.74  -13.56    1.53   -0.08   -0.83    3.26    1.72   10.67   30.81
T-A     0.05   -0.22   -0.32    1.04   -9.42    3.17    0.57   -0.04    3.11    6.00    4.02   35.51
C-G     0.03    0.01    0.25    2.25   -7.18    0.10   -0.29    0.40    3.31   -3.48    9.80   27.32
C-G     0.08    0.01    0.35    9.82  -18.70   -1.71   -0.29    1.03    3.37    1.94   -6.90   42.09
G-C     0.16   -0.06    0.12    4.24   -1.94   -1.57    1.02    1.40    3.48    4.17   -1.25   38.79
C-G     0.09   -0.06    0.48   -3.03  -22.86    0.26   -1.11    1.15    3.55   -2.15   -5.47   37.38
T-A    -0.01   -0.15   -0.15  -10.97   -6.67    2.10    1.13    1.58    3.56    3.11   -6.07   43.06
G-C    -0.24   -0.07   -0.16   -8.45   -2.98    2.44   -0.57    0.95    3.24   -3.15   10.80   35.35
A-T    -0.09   -0.03   -0.47   -2.09  -20.79    5.93   -0.52    0.46    3.24    2.55    5.31   31.60
A-T    -0.03   -0.12   -0.49   -3.99  -17.74    6.44    0.38    0.22    3.28   -2.38   14.76   31.03
C-G    -0.05   -0.04   -0.29   -1.58   -9.16    2.64   -0.13   -0.27    3.22   -1.40    3.27   30.74
A-T     0.32   -0.08    0.02   -8.56  -13.82    1.65   -0.42    0.67    3.55   -4.66   11.48   37.47
T-A    -0.06   -0.06   -0.19    5.43   -7.75   -0.14    0.08   -0.49    3.08    3.58   -1.42   27.99
G-C    -0.22   -0.11    0.07    2.76    1.91   -0.57    0.96    0.37    3.40    0.58    7.61   34.52
C-G    -0.23   -0.08    0.75   -1.85  -19.13   -1.68   -1.26    0.46    3.45   -6.40   -6.12   36.56
C-G     0.19   -0.21    0.32   -6.36  -16.05   -4.52    0.11    1.94    3.67    4.22  -16.54   48.43
T-A    -0.21   -0.08    0.11  -13.32  -19.95   -1.80   -0.06    1.61    3.41   -0.05   -4.96   39.56
T-A    -0.02    0.04   -0.43    3.97  -10.37    1.83    0.31    0.34    2.85   -0.71    3.80   32.94
T-A    -0.06   -0.00   -0.45    7.73   -6.07    5.39    0.74    0.32    3.14    3.09    9.07   32.05
T-A     0.02   -0.27   -0.62    1.61  -12.89    1.36   -0.12    0.34    3.47    3.89   15.75   27.55
G-C     0.05   -0.13   -0.75  -20.66  -15.70   -1.44    0.43   -0.67    4.06    1.34   23.69   22.26
A-T    -0.15    0.03   -0.29  -10.44  -11.45    0.15    0.00    0.17    2.88   -5.87    3.77   33.10
T-A    -0.17   -0.10    0.27   -1.13   -1.03    2.87   -0.00   -0.73    3.16   -1.54    5.48   27.03
G-C     0.05   -0.04    0.19    7.98  -16.12   -1.44   -0.41    0.66    3.14    0.86    3.14   39.62
G-C    -0.16   -0.15   -0.16    5.94    1.93    2.51    1.27    0.42    3.39    5.05   -2.62   33.16
A-T     0.29   -0.06    0.29    8.52  -23.14   -3.56   -1.40    1.07    3.27   -3.09   -4.70   41.97
G-C    -0.07   -0.18    0.22    4.59   -4.83   -1.85    1.38    0.54    3.43    3.38   -3.29   35.47
C-G     0.24    0.07    0.19   -1.95  -15.76   -0.27   -0.74    0.46    3.49    0.40   -6.95   38.44
A-T    -0.07   -0.15    0.10   -1.40  -12.86   -0.79    1.27    0.51    3.15    2.74   10.81   36.11
G-C     0.02    0.07   -0.55  -14.60   -8.50    1.31   -1.21   -0.42    3.59   -3.72    7.87   34.11
T-A    -0.02   -0.27   -0.51   -7.41   -4.80    3.68    0.04   -0.57    3.10   -0.48   10.91   29.67
T-A     0.06   -0.05    0.68  -12.34   -8.00   -0.70   -0.31    0.23    3.53   -8.47    5.19   32.84
T-A    -0.17    0.06   -0.10   -2.36  -15.38    1.48   -0.31   -0.35    2.93    7.11   -3.60   37.12
C-G     0.27   -0.08   -1.14   11.59   -8.93    6.41    1.83    0.86    2.73   16.48    6.94   37.08
C-G     0.28    0.05   -0.71   27.06  -17.80    0.18   -1.14    1.69    3.00    0.45    8.38   27.65
A-T     0.11   -0.19    0.09   -0.05  -18.14    0.36    0.05    2.85    3.97   -3.67   -5.03   50.25
A-T     0.33   -0.08    0.88   18.03   -4.74   -0.94    0.19   -0.39    2.71   -8.22   -4.43   33.11
A-T     0.04   -0.01   -0.01   -8.10   -9.52    1.38   -0.24   -0.38    3.82    2.21    2.20   36.69
T-A     0.05   -0.07   -0.27    0.70  -13.79   -3.83   -1.00   -0.48    3.04    0.07   -2.69   34.17
A-T     0.13   -0.24    1.28   17.91   -3.55   -1.39    0.54   -0.79    2.63   -9.75    2.64   34.19
C-G     0.16   -0.08   -0.75   10.67    5.74   -4.12    0.24   -0.50    3.87   12.65   -1.23   30.16
A-T     0.01   -0.13   -0.27   15.77  -15.08    0.61    0.66    0.34    3.01    1.22   14.11   31.55
C-G     0.98    0.20    0.00   10.96   -7.70   -0.47    0.43   -0.18    3.46    0.90    3.91   36.55
T-A     0.06   -0.07    0.71   -1.91   -0.35    0.69    0.07   -0.95    3.59   -1.06    2.52   32.44
T-A     0.02   -0.06    1.08   -8.70    2.92   -4.17   -0.04   -0.67    3.53   -0.83   -5.87   38.69
T-A    -0.14   -0.08    0.04   -3.77  -23.33    2.91   -0.08   -0.41    2.87   12.10   -3.57   33.06
T-A    -0.02   -0.10   -0.54   -9.11   -7.80   -0.36   -0.32    1.02    3.35    4.13   -8.01   40.80
G-C    -0.10    0.04    0.02   -7.67   -9.08    4.02    0.22    2.30    3.32   -2.61   -0.02   39.06
G-C    -0.22    0.08    0.32    3.82   -6.64   -3.44   -0.79   -0.09    3.06   -5.03    2.68   29.29
T-A     0.11    0.06   -0.31   -1.66  -10.04    1.45    0.22   -0.47    3.35    6.56    8.25   30.41
A-T    -0.08   -0.09    0.12    7.33  -15.03    0.34   -0.31   -0.33    2.91   -6.05   20.80   29.94
G-C    -0.38   -0.19   -0.70   -7.38  -18.40    5.39    0.08   -0.06    3.74    3.79   12.96   26.88
A-T    -0.38   -0.20   -0.61   -3.89  -15.46    2.61   -0.04   -0.21    3.12   -8.78   11.11   32.45
A-T     0.16    0.00    0.63   12.49  -15.61   -9.83   -0.34    0.03    2.91   -9.94   -6.40   36.06
T-A     0.07    0.09   -0.85   22.10  -24.15   -7.44    0.22   -0.94    2.96   11.49   -3.61   28.81
C-G    -0.08    0.05    0.21    0.74    0.50    1.32    0.43   -0.65    3.79   -5.41    9.14   37.62
T-A    -0.38   -0.24    1.23  -20.58  -15.73   -5.86   -0.95   -0.07    3.86   -7.99    1.27   30.24
G-C    -0.20   -0.01   -0.08   -8.51  -11.44    0.07   -0.49    2.53    2.93    2.36  -15.30   50.86
C-G     0.08    0.00   -0.24    7.35   -4.06   -0.37    0.32    0.79    2.97   -0.99    2.01   26.93
A-T    -0.21   -0.07   -0.42    5.00  -15.23    3.19   -0.03    2.41    3.13    3.52   -2.22   47.86
G-C     0.08   -0.03    0.02   13.09  -17.97    1.65    0.40    0.82    3.19   -3.65    9.96   26.37
G-C    -0.12   -0.00   -0.14    2.78  -11.25    0.72   -0.24   -0.58    3.28   -3.55   13.49   36.27
T-A    -0.02   -0.09   -0.22   -4.44   -5.07   -5.16   -0.60   -0.82    3.47    0.16    7.93   31.08
G-C    -0.01   -0.30   -0.31    1.88   -1.43   -3.82    0.53    0.09    3.33    3.81    8.43   32.29
G-C    -0.14   -0.02   -0.03    9.48   -6.42   -1.10    0.19    0.12    3.18   -1.51    2.68   29.75
A-T     0.02   -0.13   -0.13   -0.53   -3.14    5.28   -0.01   -0.15    3.39    0.01    6.80   39.49
T-A     0.28   -0.11   -0.32   10.72   -1.82    0.71   -0.06   -0.60    3.08   -0.10   -3.90   29.81
A-T     0.06   -0.18   -0.02   -5.84   -6.45   -3.48   -0.55    0.41    3.71   -4.29   -3.48   44.35
T-A    -0.10   -0.31   -0.02   -2.40   -8.86    4.75    0.01   -0.42    3.19    0.53   -2.01   31.66
T-A     0.11   -0.15   -0.11   -3.37   -9.41    1.73    0.03    0.00    3.32    2.12    0.50   35.29
G-C    -0.03   -0.11   -0.20   -6.13   -7.95    0.23    0.66    0.27    3.37    2.79    6.84   36.15
A-T    -0.09   -0.23    0.09   -1.42   -7.31   -0.68   -0.27    0.09    3.10   -5.28    4.18   35.55
T-A     0.09   -0.21   -0.21   -4.42    0.05   -1.66   -0.17   -0.80    3.45    1.85    1.41   31.65
