 146 base-pairs
   0  ***local base-pair & step parameters***
       Shear  Stretch  Stagger Buckle Prop-Tw Opening   Shift  Slide    Rise    Tilt    Roll   Twist
A-T    -0.10   -0.37   -0.73  -11.30   -0.94    0.54    0.00    0.00    0.00    0.00    0.00    0.00
T-A    -1.01    0.44   -0.05    1.66  -10.14    2.54   -0.92   -0.30    2.97   -5.91   -0.11   23.03
C-G     0.72   -0.15   -0.56    4.90  -11.36    7.49    1.03    0.31    3.23    5.72    4.89   43.36
A-T     0.17   -0.08   -0.26    4.74  -17.07    5.19   -0.56    1.28    3.40   -2.32    4.21   33.76
A-T     0.50   -0.19   -0.23    0.97  -14.71    2.71   -0.05   -0.01    3.37    1.06    3.25   35.58
T-A    -0.68   -0.00   -0.22   18.18  -10.99    1.40    0.54   -0.64    2.78    0.88    0.77   25.03
A-T     0.58    0.25    0.07    7.15  -15.42    2.81    0.22   -0.01    3.60    1.67   -2.59   45.47
T-A     0.67   -0.02   -0.32   -2.36  -11.02    2.02    0.11   -0.51    3.53    2.76    2.03   33.39
C-G    -1.07    0.58    0.08   -6.22  -10.64    6.79    0.97    0.20    3.33   -0.63   -2.10   34.05
C-G     0.36   -0.34   -0.16   -2.81    4.68   -4.76   -0.51    0.52    3.20    1.47    9.37   36.70
A-T    -0.48    0.06    0.24    6.87    1.07  -17.23   -0.82   -0.06    3.07   -7.79    7.38   25.96
C-G    -1.24    0.34    0.52    2.37   -8.58   -8.95    0.43   -1.20    3.47   -3.67   -3.09   31.01
C-G     1.32    0.22    0.28   -7.85  -23.79    4.16    1.04   -0.19    3.59    9.57    8.08   49.03
T-A     0.57   -0.08   -0.43    4.43  -26.52   12.91   -0.39    0.79    3.00   10.37    6.66   21.86
G-C    -1.23    0.24   -0.65  -11.90  -11.68    3.36   -0.09    2.58    3.43    1.80    8.33   39.23
C-G     0.87   -0.38    1.44   -8.79    1.38   -2.02   -0.53    0.65    3.19  -16.92    9.67   39.61
A-T     0.88   -0.47    1.27   15.34   -5.62   -9.96   -0.08    1.71    2.80   -0.21  -31.55   44.18
G-C     0.43    0.32    0.44   10.78  -25.68   -4.18    0.64   -0.13    3.53    7.20   -0.04   32.74
A-T    -0.02    0.93   -1.00  -11.69  -22.15   -3.52    0.14   -1.10    3.87    7.65    1.67   34.85
T-A    -2.74    0.49   -0.66   -4.01   -5.11   -6.77    0.21    0.22    3.12   -1.32   -7.50   22.36
T-A     3.29    1.44   -1.32   -7.11  -20.73   -0.12   -0.06   -0.60    3.45    6.51    6.65   53.65
C-G    -1.82   -0.28   -1.46   12.46  -11.16   -7.88    0.16   -0.71    2.41    7.55   11.39    8.82
T-A    -0.01    0.02   -0.43    4.01  -13.42    0.81    0.14   -0.25    3.93   -8.35   14.04   38.96
A-T    -1.10    0.47   -1.33  -24.70  -23.08    6.06    0.74    0.15    3.86    9.85   21.50   28.94
C-G     0.30    0.23   -0.36    4.84  -18.19    8.21    0.04    0.11    2.64   -4.22   -1.27   30.99
C-G     0.87    0.39   -1.23   31.86  -28.68    3.02    0.19    0.99    2.49   14.39    7.67   34.37
A-T     0.23    0.08   -0.55   33.59  -43.60   -8.53    0.42    2.52    2.96    3.99   -3.57   38.26
A-T     0.80    0.77   -0.45   20.72  -33.00    9.21    1.41    0.29    3.81    5.41    7.13   35.18
A-T    -0.14   -0.03   -0.48   -3.87  -28.22    4.29    0.33    0.20    3.69   -1.81    4.19   35.76
A-T     0.62    0.20    0.60    6.19   -2.70    1.02    0.06   -0.36    2.77   -8.73    2.04   36.78
G-C     1.31   -0.02   -0.44   -8.98    0.23   -0.87   -0.47   -0.35    3.79    1.88    0.74   36.44
T-A    -1.10   -0.14   -1.10    2.36  -19.30    4.89   -0.31   -0.84    2.87    7.20    7.16   25.64
G-C    -1.37   -0.16   -0.56  -12.60   -6.62    0.76    0.63   -0.16    3.90   -7.59   11.20   30.63
T-A    -1.00   -0.25   -0.91    5.25    2.41  -12.24   -0.40   -0.00    2.94    4.31    0.67   34.30
A-T     0.38    0.05   -0.03   -1.64   -6.50    1.20    0.79   -0.66    3.69   -0.40    6.30   38.91
T-A    -0.78    0.18    0.17   -3.75    1.27   -2.31    0.32   -1.05    3.29    2.92    3.09   29.22
T-A    -0.18   -0.25    0.85   -6.97   -3.11    1.46    0.54   -0.61    3.39   -0.99   -2.78   37.24
T-A    -0.16   -0.43    0.87    3.31  -12.91   -2.10   -0.15   -0.45    2.99    4.54   -4.32   31.26
G-C     0.43   -0.25    1.23    4.30   -5.89   -1.60    0.06    2.40    3.48   -3.56  -20.63   51.73
G-C     0.22    0.23    1.57   26.31   15.28    5.68    1.70    0.68    2.99    0.02   -6.99   30.57
A-T    -0.27    0.35   -0.75  -11.54  -31.44   10.75   -1.52    1.34    4.56   12.17   14.66   35.96
A-T     0.12    0.03   -0.02   -0.43   -7.52   -2.49   -0.32    0.12    2.86  -12.44   -2.02   35.70
A-T     0.24    0.24    0.22    4.84   -6.34    4.17    0.31   -0.02    3.25    0.02    6.54   31.85
C-G    -0.07    0.34   -0.16   12.57   -8.85    3.80    0.30   -0.81    3.13    5.55    5.10   29.07
T-A     0.39    0.12   -0.21    1.69  -20.21   17.54    1.28    0.06    3.45    8.52   17.59   33.62
G-C     0.09    0.12    0.32   -8.28  -16.24   -2.50   -1.59    1.12    3.54   -9.30    4.91   36.35
C-G    -0.12   -0.16    1.02  -23.33    2.29   -0.33    0.41    0.53    3.74   -7.80    1.25   35.60
T-A    -0.43    0.00    0.71   -9.16  -21.62    3.73   -1.06    0.94    3.10    1.77  -21.11   39.10
C-G     0.50    0.14   -0.43   -4.55   10.92    3.71    1.16    1.13    3.25    8.45   -2.85   43.45
C-G     0.04    0.29    0.17   -3.54   -9.79   -3.87   -0.91    0.48    3.41   -5.85   -3.83   36.68
A-T    -0.48    0.07    0.13   10.59    1.14    2.51    0.78    0.69    3.14    1.64   -0.40   38.04
T-A    -0.19   -0.03   -0.38   28.20    0.83  -10.38    0.24   -0.72    2.89    2.51   -2.17   32.39
C-G    -0.49    0.37   -0.25    4.11   -4.92    5.13    1.18   -0.43    3.80    3.07   11.56   32.73
A-T    -0.86   -0.50   -1.05  -22.31  -13.22  -10.66   -1.28    0.21    4.15    2.37   20.39   35.02
A-T     1.06    0.58   -0.17  -13.27  -19.16   17.58    0.83    0.76    3.06   -3.27   -3.86   44.14
A-T     1.40    0.40    0.38   -1.67  -10.13    8.36   -0.84    0.38    2.71   -7.61    1.82   40.51
A-T     0.20   -0.10   -0.01  -14.52   -7.08   -3.62   -0.79   -0.47    3.64   -1.26   -8.15   32.37
G-C     0.34   -0.08   -0.46  -11.39  -15.63   -0.84   -0.20    0.21    3.32    2.86   12.40   35.00
G-C     0.18    0.05    2.12   37.70   29.15  -10.19    0.58    1.58    3.30  -18.92  -65.08   47.59
C-G    -0.16    0.59    0.68   30.94    3.26   10.17    1.43   -0.59    4.00   10.37    5.02   31.61
A-T     1.42   -0.07   -1.57    2.57  -30.91    8.69   -1.04    0.97    4.19   19.77   15.30   44.28
T-A    -1.13    0.20   -0.73   16.30  -15.53   16.33    1.14   -0.23    2.61   -5.25    1.98   22.26
G-C     0.38   -0.17   -0.28   -7.30   -7.16    4.03   -0.51    1.75    4.38   -4.24   20.37   39.82
T-A    -0.01   -0.20   -0.47   -3.01  -13.03    2.09   -0.84   -0.25    3.22    1.83    7.21   27.93
T-A     0.44   -0.00   -0.29    4.78  -11.15    3.43    0.34    0.31    3.18    0.84    3.21   31.47
C-G    -0.07   -0.07   -0.32   14.71   -9.77   -2.12    0.75    0.80    3.03    4.69    7.70   32.19
A-T    -0.05   -0.08    0.38    7.59  -25.12   -5.26   -0.60    1.74    3.52   -1.10   -3.01   45.30
G-C    -0.35   -0.37    0.24    4.12  -11.05   -3.67    0.79    0.92    3.38    1.08    1.69   34.44
C-G    -0.84   -0.22    0.21   -0.64  -19.17   -5.19   -0.63    0.67    3.61   -1.34  -10.19   37.76
G-C    -0.29    0.07    0.24    6.15    0.23    3.59    0.85    1.33    3.22    0.85   -0.97   41.03
G-C    -0.54   -0.03    0.23   11.10   -2.25    1.57    0.61    0.59    3.25    0.87    5.38   30.08
A-T    -0.26   -0.03    0.09    3.00   -5.25    2.27   -0.79    0.18    3.51   -1.89    5.40   37.45
A-T     0.26   -0.29   -0.28   -7.12  -18.23    0.20   -0.09   -0.35    3.62    3.53    6.40   35.95
T-A    -0.05   -0.06   -0.10    3.16  -13.83    0.94    0.12   -0.60    2.94   -1.06    9.35   27.49
T-A    -0.68   -0.11   -0.19   -4.55   -9.90   -4.16    0.06   -0.28    3.41    2.84    6.70   32.41
C-G     0.80   -0.19    0.22   -0.93   -4.51    0.94    0.26    0.36    3.43   -1.83    9.27   34.84
C-G    -0.26   -0.10    0.04   10.42  -15.31   -4.13   -0.70    1.21    3.01    1.64   -5.70   35.74
G-C    -0.23   -0.23    0.33    1.88   -3.65   -1.61    1.01    1.47    3.60    0.56   -2.65   40.18
C-G     0.40   -0.21    0.26   -3.04  -16.59   -3.01   -1.04    1.10    3.59   -0.08   -3.27   38.32
T-A     0.07   -0.11   -0.23   -8.65  -13.07   -0.90    0.72    1.41    3.43    2.87   -4.40   43.72
G-C    -0.27    0.07   -0.38   -7.39   -8.73    5.51   -0.29    1.28    3.41   -2.35    7.71   34.82
A-T    -0.29    0.01   -0.23    5.61  -17.06    1.08   -0.52    0.33    2.94   -2.21    6.82   30.01
A-T     0.21   -0.18   -0.14    1.53   -9.12    3.36    0.35    0.23    3.50   -1.43    7.83   34.54
C-G    -0.10   -0.10   -0.35    3.35   -8.41    5.03    0.34   -0.47    3.24    3.57    7.55   29.05
A-T     0.55    0.04    0.28   -3.11  -11.10    3.08   -0.25    0.59    3.61   -2.61    8.72   38.42
T-A    -0.24    0.09    0.04    3.31   -9.95    3.63    0.23   -0.51    3.15    4.97    2.44   25.10
G-C    -0.17   -0.22   -0.01   10.10   -0.14    0.57    0.99    0.53    3.22    2.15    4.16   35.95
C-G     0.29   -0.18    0.58    4.93  -21.06   -1.96   -1.15    0.66    3.82   -1.52   -6.55   39.44
C-G     0.19   -0.27    1.01  -17.14  -12.84   -6.45    0.19    1.61    3.93   -1.46   -9.15   44.59
T-A    -0.17    0.03    0.16  -11.67  -20.60   -2.88   -0.25    1.19    3.18    2.64   -9.54   40.42
T-A     0.38   -0.03   -0.54    3.33  -16.62    1.49    0.35    0.48    2.92    1.75    3.97   34.28
T-A     0.35   -0.02   -0.52   -1.85  -14.94   10.59    0.70    0.37    3.41    2.54   14.31   30.74
T-A     0.07   -0.42   -0.61   -0.82  -12.41    2.58   -0.34    0.22    3.36   -1.28   16.21   24.63
G-C     1.05   -0.11   -0.68  -16.63  -10.55    4.94    0.29   -0.41    3.91    1.24   19.30   32.92
A-T    -0.58   -0.22   -0.41  -10.63   -0.19   -2.26   -0.40   -0.08    3.09   -6.88    5.99   23.97
T-A    -0.35   -0.03    0.47  -12.44   -3.34    1.11   -0.33   -1.11    3.56   -2.19    0.26   29.28
G-C    -0.56    0.16   -0.16    4.33  -10.79   -0.74    0.15    0.65    2.89    7.41    1.40   33.75
G-C     0.18   -0.29   -0.37    3.27    0.18   -2.06    1.13    0.53    3.22    4.89    4.24   39.46
A-T     0.50    0.12    0.26    3.64  -24.56    1.29   -0.97    1.43    3.40   -4.84   -5.72   42.55
G-C    -0.78    0.09    1.02   12.18   -4.04    3.18    1.40    0.13    3.05   -4.29   -7.73   27.87
C-G     0.63    0.04    0.52    2.94  -23.48    3.38   -0.49    0.27    3.67    3.53   -0.81   41.56
A-T    -0.26   -0.04   -0.50  -12.69  -10.87   10.19    1.02    0.65    3.68    8.29    5.83   36.72
G-C     0.32    0.03   -0.16  -13.63   -8.16    0.36   -1.79   -0.03    3.20  -11.34   11.33   33.65
T-A    -0.23    0.02    0.36  -11.26   -2.65   -1.54   -0.30   -0.50    3.34   -6.63    2.33   30.30
T-A     0.27    0.01   -0.27   -0.85  -14.73   -1.65   -0.29   -0.39    2.99    5.76    5.19   33.36
T-A    -0.51    0.16   -0.51  -11.55  -24.61   -1.31   -0.01    0.13    3.38    5.03    7.27   31.52
C-G    -0.13    0.58   -0.42   -1.00   -7.60    7.23    1.50    1.16    3.17    6.57    2.49   38.96
C-G     0.17    0.06   -0.91   24.73  -16.40    1.15   -0.74    1.51    2.74    7.12   -1.84   31.87
A-T     0.08   -0.33    0.65    3.83  -11.72   -8.61    0.13    2.30    3.95   -5.62   -2.53   48.35
A-T    -0.19   -0.10    0.04   -2.93  -14.58    1.83    0.48   -0.21    3.64    2.67    0.56   32.41
A-T     0.65    0.03   -0.41   -5.75   -6.52   -3.60   -0.60   -0.39    3.22   -0.74   -2.36   40.06
T-A     0.08   -0.00   -0.75    7.48   -6.85   -0.99    0.04   -0.59    3.03    2.64   -5.40   33.74
A-T    -0.45    0.51    0.02    1.54  -11.47    3.76    0.28   -0.44    3.41   -4.15    7.50   32.44
C-G    -0.66    0.39   -0.82    5.19    0.20   -1.91   -0.06   -0.67    3.38    1.77    6.02   26.71
A-T     0.33    0.36   -1.39  -28.54  -21.03    5.89    0.25    0.14    4.26    7.42   19.80   38.35
C-G     0.39   -0.09   -0.57   -2.68  -12.73    3.76    0.29   -0.21    2.63   -8.24    2.15   33.15
T-A     0.18    0.41    0.37   -6.05   -3.87   12.74    0.68   -0.28    3.38   -1.81    0.22   33.68
T-A     0.45    0.20    0.58   -2.52   -6.19   12.07    0.15    0.01    3.20    1.21   -3.23   33.99
T-A    -0.84    0.33   -0.58  -10.49  -18.39   -0.01   -1.01   -0.20    3.02   10.50    2.55   36.40
T-A    -0.67    0.23   -0.57  -21.54  -22.60   -6.03   -0.84   -0.27    3.81   -0.27    1.03   31.34
G-C    -0.11    0.49   -0.56  -24.82  -18.74    2.33    0.27    2.76    3.14   -4.37    0.50   47.61
G-C    -0.57    0.26    0.27    6.12   -3.60    1.27   -0.44    0.30    2.48  -12.68    0.54   26.68
T-A    -0.56    0.33   -0.95   14.47  -25.66   12.48    0.87    0.35    2.96   13.33    5.49   32.00
A-T     0.09   -0.36   -1.39  -11.05  -26.91   -0.62   -1.18    0.43    3.99   -1.55   27.05   30.60
G-C     0.97    0.50   -0.72   -0.70  -18.86   11.55    0.42    0.83    3.23   -3.92   13.77   32.24
A-T     0.85   -0.06   -1.55  -10.35  -34.09    3.13   -0.47   -0.71    3.84    3.35   12.20   25.95
A-T    -0.41    0.26    0.39   -3.49   -6.82   12.19    0.62    0.56    2.67  -15.84    3.44   33.76
T-A     0.15    0.90   -0.51   10.67  -15.56    2.82   -0.34   -0.37    2.92    9.47   -6.21   30.90
C-G     0.42    0.35    0.51   -4.30  -22.13    1.50    0.03   -0.85    3.60   -4.01    2.38   37.00
T-A    -0.07   -0.24    1.32  -16.33  -15.56   -2.91   -0.52   -0.19    3.61   -5.70    4.82   31.23
G-C    -0.11    0.13   -0.00   -7.44   -9.02    0.84   -0.43    2.29    3.02    5.12  -16.53   48.18
C-G     0.23   -0.17    0.08    3.86  -11.41    4.03    0.57    1.01    3.07   -1.09    4.16   29.73
A-T    -0.33    0.01   -0.37    1.43  -15.62    0.17   -0.53    2.34    3.43   -0.06   -0.62   42.83
G-C    -0.08    0.09    0.12    6.78  -11.64    8.49    1.02    0.80    3.21   -5.12    5.69   29.11
G-C    -0.09   -0.03   -0.10   -5.61   -3.77   -1.23   -0.67   -0.51    3.32   -3.75   15.59   36.84
T-A    -0.36   -0.27    0.01   -2.99   -7.84    1.63   -0.89   -1.12    3.32   -1.07    5.38   28.20
G-C    -0.54   -0.61   -0.10   -3.45   -6.56   -6.73    0.11    0.34    3.44    1.15    5.62   34.29
G-C    -0.01   -0.02   -0.03    3.72  -12.74    7.31    0.69    0.62    3.12   -0.99    8.98   31.57
A-T     0.07   -0.00   -0.14   -4.54   -5.02    2.65   -0.88    0.03    3.38   -3.63    3.62   37.96
T-A    -0.10   -0.09   -0.08    5.31   -7.81    1.13   -0.01   -0.72    3.12   -1.00   -3.21   29.93
A-T    -0.12   -0.40    0.02   -6.39   -7.71    2.25    0.11    0.13    3.65   -1.57   -5.79   42.65
T-A    -0.44   -0.45    0.14   -3.49   -9.66   -2.27   -0.67   -0.88    3.20   -1.92   -0.71   28.85
T-A     0.25   -0.15   -0.37   -4.10   -7.03    1.45    0.57    0.12    3.25    6.48    1.31   39.40
G-C     0.18    0.36   -0.09    3.00   -2.71    1.51    0.25    0.12    3.25   -2.10    5.53   29.08
A-T     0.67   -0.35   -0.18    9.37   -3.15   -3.95   -0.22   -0.17    3.24   -2.09    1.70   41.25
T-A     0.22   -0.36   -0.59   11.76   -3.20    9.60    1.18   -0.66    3.32    4.63    3.07   30.25
