 146 base-pairs
   0  ***local base-pair & step parameters***
       Shear  Stretch  Stagger Buckle Prop-Tw Opening   Shift  Slide    Rise    Tilt    Roll   Twist
A-T     0.00    0.00    0.00    0.00    0.00    0.00   -0.07   -0.13    2.81   -0.89    4.49   27.17
T-A     0.00    0.00    0.00    0.00    0.00    0.00   -0.19    0.01    2.86   -1.26    4.11   28.69
C-G     0.00    0.00    0.00    0.00    0.00    0.00   -0.22    0.21    3.02   -1.30    3.45   31.85
A-T     0.00    0.00    0.00    0.00    0.00    0.00   -0.15    0.32    3.22   -0.93    2.28   35.40
A-T     0.00    0.00    0.00    0.00    0.00    0.00   -0.01    0.26    3.40   -0.16    0.54   38.01
T-A     0.00    0.00    0.00    0.00    0.00    0.00    0.14    0.03    3.49    0.81   -1.36   38.76
A-T     0.00    0.00    0.00    0.00    0.00    0.00    0.23   -0.27    3.47    1.68   -2.54   37.50
T-A     0.00    0.00    0.00    0.00    0.00    0.00    0.24   -0.51    3.34    2.14   -2.14   34.82
C-G     0.00    0.00    0.00    0.00    0.00    0.00    0.16   -0.61    3.19    1.99    0.17   31.74
C-G     0.00    0.00    0.00    0.00    0.00    0.00    0.05   -0.54    3.05    1.27    3.80   29.31
A-T     0.00    0.00    0.00    0.00    0.00    0.00   -0.04   -0.32    2.99    0.23    7.43   28.20
C-G     0.00    0.00    0.00    0.00    0.00    0.00   -0.09   -0.05    3.01   -0.76    9.49   28.65
C-G     0.00    0.00    0.00    0.00    0.00    0.00   -0.08    0.21    3.09   -1.37    8.97   30.40
T-A     0.00    0.00    0.00    0.00    0.00    0.00   -0.02    0.42    3.19   -1.44    5.87   32.93
G-C     0.00    0.00    0.00    0.00    0.00    0.00    0.05    0.53    3.25   -0.98    1.24   35.54
C-G     0.00    0.00    0.00    0.00    0.00    0.00    0.11    0.53    3.28   -0.20   -3.30   37.56
A-T     0.00    0.00    0.00    0.00    0.00    0.00    0.15    0.39    3.26    0.67   -6.17   38.43
G-C     0.00    0.00    0.00    0.00    0.00    0.00    0.16    0.12    3.23    1.40   -6.44   37.86
A-T     0.00    0.00    0.00    0.00    0.00    0.00    0.13   -0.24    3.21    1.85   -4.04   35.96
T-A     0.00    0.00    0.00    0.00    0.00    0.00    0.08   -0.58    3.22    1.96    0.28   33.25
T-A     0.00    0.00    0.00    0.00    0.00    0.00    0.03   -0.79    3.26    1.72    5.28   30.59
C-G     0.00    0.00    0.00    0.00    0.00    0.00    0.00   -0.78    3.31    1.20    9.52   28.91
T-A     0.00    0.00    0.00    0.00    0.00    0.00    0.00   -0.55    3.34    0.51   11.73   28.87
A-T     0.00    0.00    0.00    0.00    0.00    0.00    0.04   -0.15    3.35   -0.20   11.10   30.57
C-G     0.00    0.00    0.00    0.00    0.00    0.00    0.10    0.28    3.31   -0.71    7.59   33.45
C-G     0.00    0.00    0.00    0.00    0.00    0.00    0.15    0.60    3.25   -0.90    2.05   36.53
A-T     0.00    0.00    0.00    0.00    0.00    0.00    0.17    0.73    3.18   -0.72   -3.83   38.75
A-T     0.00    0.00    0.00    0.00    0.00    0.00    0.14    0.66    3.15   -0.26   -8.02   39.41
A-T     0.00    0.00    0.00    0.00    0.00    0.00    0.07    0.44    3.17    0.28   -8.88   38.40
A-T     0.00    0.00    0.00    0.00    0.00    0.00    0.01    0.14    3.23    0.68   -5.88   36.20
G-C     0.00    0.00    0.00    0.00    0.00    0.00   -0.03   -0.17    3.32    0.83   -0.02   33.69
T-A     0.00    0.00    0.00    0.00    0.00    0.00   -0.02   -0.42    3.40    0.72    6.47   31.75
G-C     0.00    0.00    0.00    0.00    0.00    0.00    0.03   -0.57    3.45    0.50   11.01   31.01
T-A     0.00    0.00    0.00    0.00    0.00    0.00    0.09   -0.59    3.45    0.29   11.77   31.64
A-T     0.00    0.00    0.00    0.00    0.00    0.00    0.11   -0.43    3.41    0.21    8.54   33.36
T-A     0.00    0.00    0.00    0.00    0.00    0.00    0.10   -0.12    3.34    0.22    2.76   35.56
T-A     0.00    0.00    0.00    0.00    0.00    0.00    0.05    0.30    3.29    0.25   -3.06   37.52
T-A     0.00    0.00    0.00    0.00    0.00    0.00    0.01    0.69    3.27    0.19   -6.56   38.62
G-C     0.00    0.00    0.00    0.00    0.00    0.00    0.01    0.91    3.29    0.03   -6.45   38.53
G-C     0.00    0.00    0.00    0.00    0.00    0.00    0.05    0.86    3.33   -0.19   -3.07   37.30
A-T     0.00    0.00    0.00    0.00    0.00    0.00    0.12    0.56    3.37   -0.37    1.93   35.44
A-T     0.00    0.00    0.00    0.00    0.00    0.00    0.16    0.13    3.39   -0.46    6.43   33.68
A-T     0.00    0.00    0.00    0.00    0.00    0.00    0.14   -0.27    3.38   -0.49    8.66   32.78
C-G     0.00    0.00    0.00    0.00    0.00    0.00    0.06   -0.46    3.36   -0.52    7.90   33.15
T-A     0.00    0.00    0.00    0.00    0.00    0.00   -0.06   -0.37    3.34   -0.61    4.56   34.71
G-C     0.00    0.00    0.00    0.00    0.00    0.00   -0.16   -0.07    3.35   -0.72   -0.10   36.81
C-G     0.00    0.00    0.00    0.00    0.00    0.00   -0.19    0.30    3.38   -0.73   -4.45   38.56
T-A     0.00    0.00    0.00    0.00    0.00    0.00   -0.13    0.59    3.42   -0.51   -7.02   39.16
C-G     0.00    0.00    0.00    0.00    0.00    0.00   -0.01    0.69    3.46    0.01   -6.87   38.35
C-G     0.00    0.00    0.00    0.00    0.00    0.00    0.12    0.61    3.47    0.69   -3.84   36.47
A-T     0.00    0.00    0.00    0.00    0.00    0.00    0.22    0.45    3.45    1.26    1.28   34.38
T-A     0.00    0.00    0.00    0.00    0.00    0.00    0.23    0.29    3.40    1.42    6.92   32.99
C-G     0.00    0.00    0.00    0.00    0.00    0.00    0.17    0.21    3.35    0.99   11.08   32.89
A-T     0.00    0.00    0.00    0.00    0.00    0.00    0.05    0.22    3.32    0.02   12.02   34.07
A-T     0.00    0.00    0.00    0.00    0.00    0.00   -0.07    0.28    3.31   -1.19    8.98   35.97
A-T     0.00    0.00    0.00    0.00    0.00    0.00   -0.16    0.36    3.34   -2.21    2.72   37.77
A-T     0.00    0.00    0.00    0.00    0.00    0.00   -0.19    0.44    3.38   -2.67   -4.61   38.78
G-C     0.00    0.00    0.00    0.00    0.00    0.00   -0.16    0.49    3.42   -2.39  -10.22   38.72
G-C     0.00    0.00    0.00    0.00    0.00    0.00   -0.09    0.52    3.45   -1.46  -11.79   37.72
C-G     0.00    0.00    0.00    0.00    0.00    0.00    0.01    0.51    3.45   -0.18   -8.56   36.23
A-T     0.00    0.00    0.00    0.00    0.00    0.00    0.10    0.44    3.44    1.05   -1.74   34.78
T-A     0.00    0.00    0.00    0.00    0.00    0.00    0.15    0.32    3.42    1.89    5.99   33.74
G-C     0.00    0.00    0.00    0.00    0.00    0.00    0.14    0.19    3.39    2.14   11.58   33.33
T-A     0.00    0.00    0.00    0.00    0.00    0.00    0.07    0.13    3.37    1.78   12.98   33.60
T-A     0.00    0.00    0.00    0.00    0.00    0.00   -0.02    0.21    3.36    0.95    9.94   34.47
C-G     0.00    0.00    0.00    0.00    0.00    0.00   -0.11    0.45    3.36   -0.11    4.00   35.76
A-T     0.00    0.00    0.00    0.00    0.00    0.00   -0.14    0.78    3.37   -1.10   -2.28   37.14
G-C     0.00    0.00    0.00    0.00    0.00    0.00   -0.10    1.06    3.39   -1.77   -6.46   38.17
C-G     0.00    0.00    0.00    0.00    0.00    0.00   -0.01    1.13    3.40   -1.93   -7.19   38.39
T-A     0.00    0.00    0.00    0.00    0.00    0.00    0.08    0.93    3.40   -1.57   -4.61   37.55
G-C     0.00    0.00    0.00    0.00    0.00    0.00    0.13    0.50    3.39   -0.81   -0.05   35.78
A-T     0.00    0.00    0.00    0.00    0.00    0.00    0.11    0.00    3.38    0.07    4.60   33.60
A-T     0.00    0.00    0.00    0.00    0.00    0.00    0.03   -0.36    3.36    0.81    7.67   31.85
T-A     0.00    0.00    0.00    0.00    0.00    0.00   -0.07   -0.41    3.36    1.19    8.19   31.27
T-A     0.00    0.00    0.00    0.00    0.00    0.00   -0.13   -0.14    3.36    1.20    6.16   32.21
C-G     0.00    0.00    0.00    0.00    0.00    0.00   -0.12    0.36    3.37    0.94    2.40   34.42
A-T     0.00    0.00    0.00    0.00    0.00    0.00   -0.05    0.90    3.39    0.61   -1.66   37.06
G-C     0.00    0.00    0.00    0.00    0.00    0.00    0.06    1.27    3.40    0.37   -4.47   39.10
C-G     0.00    0.00    0.00    0.00    0.00    0.00    0.13    1.36    3.40    0.26   -4.82   39.68
T-A     0.00    0.00    0.00    0.00    0.00    0.00    0.14    1.15    3.39    0.21   -2.29   38.50
G-C     0.00    0.00    0.00    0.00    0.00    0.00    0.08    0.73    3.36    0.10    2.42   35.95
A-T     0.00    0.00    0.00    0.00    0.00    0.00   -0.01    0.22    3.34   -0.14    7.65   32.91
A-T     0.00    0.00    0.00    0.00    0.00    0.00   -0.08   -0.20    3.32   -0.42   11.30   30.46
C-G     0.00    0.00    0.00    0.00    0.00    0.00   -0.10   -0.43    3.31   -0.61   11.70   29.47
A-T     0.00    0.00    0.00    0.00    0.00    0.00   -0.06   -0.40    3.32   -0.56    8.39   30.30
T-A     0.00    0.00    0.00    0.00    0.00    0.00    0.01   -0.11    3.34   -0.24    2.46   32.69
G-C     0.00    0.00    0.00    0.00    0.00    0.00    0.08    0.34    3.37    0.24   -3.81   35.86
C-G     0.00    0.00    0.00    0.00    0.00    0.00    0.10    0.80    3.39    0.66   -7.89   38.73
C-G     0.00    0.00    0.00    0.00    0.00    0.00    0.07    1.10    3.41    0.84   -8.11   40.30
T-A     0.00    0.00    0.00    0.00    0.00    0.00    0.01    1.12    3.42    0.71   -4.36   39.96
T-A     0.00    0.00    0.00    0.00    0.00    0.00   -0.05    0.83    3.40    0.38    1.86   37.74
T-A     0.00    0.00    0.00    0.00    0.00    0.00   -0.09    0.35    3.37    0.06    8.14   34.37
T-A     0.00    0.00    0.00    0.00    0.00    0.00   -0.10   -0.12    3.32   -0.07   12.24   31.07
G-C     0.00    0.00    0.00    0.00    0.00    0.00   -0.06   -0.39    3.28    0.02   12.93   29.05
A-T     0.00    0.00    0.00    0.00    0.00    0.00   -0.01   -0.33    3.25    0.22   10.35   29.13
T-A     0.00    0.00    0.00    0.00    0.00    0.00    0.04    0.03    3.25    0.32    5.73   31.26
G-C     0.00    0.00    0.00    0.00    0.00    0.00    0.08    0.50    3.28    0.17    0.78   34.62
G-C     0.00    0.00    0.00    0.00    0.00    0.00    0.09    0.84    3.33   -0.25   -3.02   37.84
A-T     0.00    0.00    0.00    0.00    0.00    0.00    0.07    0.89    3.38   -0.79   -4.75   39.63
G-C     0.00    0.00    0.00    0.00    0.00    0.00    0.00    0.61    3.41   -1.20   -4.17   39.35
C-G     0.00    0.00    0.00    0.00    0.00    0.00   -0.08    0.13    3.41   -1.31   -1.62   37.24
A-T     0.00    0.00    0.00    0.00    0.00    0.00   -0.14   -0.31    3.39   -1.05    2.18   34.31
G-C     0.00    0.00    0.00    0.00    0.00    0.00   -0.17   -0.53    3.35   -0.52    6.16   31.86
T-A     0.00    0.00    0.00    0.00    0.00    0.00   -0.14   -0.44    3.32    0.07    9.12   30.87
T-A     0.00    0.00    0.00    0.00    0.00    0.00   -0.06   -0.09    3.29    0.52   10.02   31.58
T-A     0.00    0.00    0.00    0.00    0.00    0.00    0.03    0.35    3.28    0.67    8.37   33.50
C-G     0.00    0.00    0.00    0.00    0.00    0.00    0.08    0.70    3.27    0.48    4.60   35.66
C-G     0.00    0.00    0.00    0.00    0.00    0.00    0.07    0.86    3.26    0.03    0.05   37.13
A-T     0.00    0.00    0.00    0.00    0.00    0.00   -0.01    0.79    3.25   -0.57   -3.46   37.39
A-T     0.00    0.00    0.00    0.00    0.00    0.00   -0.11    0.55    3.24   -1.17   -4.37   36.53
A-T     0.00    0.00    0.00    0.00    0.00    0.00   -0.20    0.23    3.26   -1.64   -2.15   35.06
T-A     0.00    0.00    0.00    0.00    0.00    0.00   -0.21   -0.10    3.29   -1.86    2.35   33.61
A-T     0.00    0.00    0.00    0.00    0.00    0.00   -0.14   -0.37    3.34   -1.77    7.21   32.69
C-G     0.00    0.00    0.00    0.00    0.00    0.00   -0.02   -0.56    3.39   -1.42   10.28   32.50
A-T     0.00    0.00    0.00    0.00    0.00    0.00    0.08   -0.60    3.41   -0.92   10.17   32.98
C-G     0.00    0.00    0.00    0.00    0.00    0.00    0.11   -0.48    3.39   -0.46    6.90   33.92
T-A     0.00    0.00    0.00    0.00    0.00    0.00    0.05   -0.20    3.34   -0.21    1.83   35.05
T-A     0.00    0.00    0.00    0.00    0.00    0.00   -0.08    0.21    3.26   -0.24   -2.98   36.11
T-A     0.00    0.00    0.00    0.00    0.00    0.00   -0.22    0.61    3.19   -0.50   -5.66   36.81
T-A     0.00    0.00    0.00    0.00    0.00    0.00   -0.30    0.90    3.14   -0.84   -5.31   36.93
G-C     0.00    0.00    0.00    0.00    0.00    0.00   -0.29    0.96    3.13   -1.07   -2.22   36.30
G-C     0.00    0.00    0.00    0.00    0.00    0.00   -0.20    0.76    3.15   -1.11    2.36   35.00
T-A     0.00    0.00    0.00    0.00    0.00    0.00   -0.06    0.37    3.20   -1.00    6.84   33.31
A-T     0.00    0.00    0.00    0.00    0.00    0.00    0.06   -0.10    3.25   -0.90    9.80   31.77
G-C     0.00    0.00    0.00    0.00    0.00    0.00    0.12   -0.51    3.29   -0.93   10.42   30.90
A-T     0.00    0.00    0.00    0.00    0.00    0.00    0.11   -0.77    3.31   -1.14    8.58   31.08
A-T     0.00    0.00    0.00    0.00    0.00    0.00    0.03   -0.82    3.31   -1.43    4.83   32.31
T-A     0.00    0.00    0.00    0.00    0.00    0.00   -0.08   -0.66    3.29   -1.59    0.25   34.22
C-G     0.00    0.00    0.00    0.00    0.00    0.00   -0.18   -0.34    3.28   -1.46   -3.82   36.19
T-A     0.00    0.00    0.00    0.00    0.00    0.00   -0.25    0.08    3.26   -1.03   -6.05   37.57
G-C     0.00    0.00    0.00    0.00    0.00    0.00   -0.26    0.50    3.24   -0.45   -5.64   37.88
C-G     0.00    0.00    0.00    0.00    0.00    0.00   -0.20    0.82    3.22    0.02   -2.62   36.97
A-T     0.00    0.00    0.00    0.00    0.00    0.00   -0.11    0.93    3.17    0.16    2.03   35.06
G-C     0.00    0.00    0.00    0.00    0.00    0.00    0.00    0.78    3.11   -0.11    6.61   32.65
G-C     0.00    0.00    0.00    0.00    0.00    0.00    0.08    0.40    3.06   -0.65    9.42   30.43
T-A     0.00    0.00    0.00    0.00    0.00    0.00    0.10   -0.11    3.02   -1.21    9.43   29.09
G-C     0.00    0.00    0.00    0.00    0.00    0.00    0.05   -0.56    3.03   -1.53    6.77   29.12
G-C     0.00    0.00    0.00    0.00    0.00    0.00   -0.06   -0.79    3.09   -1.46    2.68   30.64
A-T     0.00    0.00    0.00    0.00    0.00    0.00   -0.15   -0.73    3.20   -1.04   -1.11   33.26
T-A     0.00    0.00    0.00    0.00    0.00    0.00   -0.20   -0.41    3.34   -0.42   -3.20   36.16
A-T     0.00    0.00    0.00    0.00    0.00    0.00   -0.16   -0.01    3.44    0.17   -3.06   38.28
T-A     0.00    0.00    0.00    0.00    0.00    0.00   -0.05    0.30    3.47    0.56   -1.20   38.74
T-A     0.00    0.00    0.00    0.00    0.00    0.00    0.08    0.39    3.40    0.68    1.27   37.20
G-C     0.00    0.00    0.00    0.00    0.00    0.00    0.16    0.27    3.24    0.52    3.32   34.11
A-T     0.00    0.00    0.00    0.00    0.00    0.00    0.16    0.05    3.04    0.14    4.43   30.55
T-A     0.00    0.00    0.00    0.00    0.00    0.00    0.07   -0.12    2.88   -0.38    4.69   27.89
