 146 base-pairs
   0  ***local base-pair & step parameters***
       Shear  Stretch  Stagger Buckle Prop-Tw Opening   Shift  Slide    Rise    Tilt    Roll   Twist 
A-T     0.00    0.00    0.00    0.00    0.00    0.00    0.00    0.00    0.00    0.00    0.00    0.00
T-A     0.00    0.00    0.00    0.00    0.00    0.00   -0.23   -0.90    3.28   -0.00   -0.19   30.28
C-G     0.00    0.00    0.00    0.00    0.00    0.00    0.58    0.10    3.37    1.11    2.94   38.13
A-T     0.00    0.00    0.00    0.00    0.00    0.00    0.16   -0.15    3.22    1.50   10.75   23.83
A-T     0.00    0.00    0.00    0.00    0.00    0.00   -0.52    0.05    3.32   -2.79   -0.14   35.88
T-A     0.00    0.00    0.00    0.00    0.00    0.00   -0.07   -0.93    3.26   -0.00   -2.91   32.00
A-T     0.00    0.00    0.00    0.00    0.00    0.00    0.87    0.46    3.44    3.76    0.88   43.97
T-A     0.00    0.00    0.00    0.00    0.00    0.00   -0.08   -0.78    3.24   -0.19   -1.18   29.80
C-G     0.00    0.00    0.00    0.00    0.00    0.00    0.28    0.22    3.25    2.10    2.15   36.61
C-G     0.00    0.00    0.00    0.00    0.00    0.00   -0.35   -0.40    3.39   -2.54    5.70   31.94
A-T     0.00    0.00    0.00    0.00    0.00    0.00   -0.49   -0.57    3.50    0.64   12.92   33.61
C-G     0.00    0.00    0.00    0.00    0.00    0.00   -0.12   -0.61    3.25   -4.06    4.27   32.70
C-G     0.00    0.00    0.00    0.00    0.00    0.00    1.00   -0.01    3.47    3.10   10.51   36.83
T-A     0.00    0.00    0.00    0.00    0.00    0.00    0.35   -0.34    3.25    3.43    3.16   27.25
G-C     0.00    0.00    0.00    0.00    0.00    0.00    0.38    1.07    3.03    2.52    4.41   33.50
C-G     0.00    0.00    0.00    0.00    0.00    0.00   -0.49    0.38    3.41   -1.10   -7.42   38.63
A-T     0.00    0.00    0.00    0.00    0.00    0.00    1.36    0.68    3.43    7.25   -4.49   46.42
G-C     0.00    0.00    0.00    0.00    0.00    0.00   -0.06   -0.11    3.18   -0.53    2.53   22.77
A-T     0.00    0.00    0.00    0.00    0.00    0.00   -0.09   -0.07    3.53   -1.32   -2.61   42.18
T-A     0.00    0.00    0.00    0.00    0.00    0.00   -0.21   -0.88    3.15    0.99   -0.96   32.17
T-A     0.00    0.00    0.00    0.00    0.00    0.00    0.70   -0.44    3.29   -0.20    0.27   31.75
C-G     0.00    0.00    0.00    0.00    0.00    0.00   -0.37   -0.94    3.43   -1.97    6.94   33.33
T-A     0.00    0.00    0.00    0.00    0.00    0.00    0.67   -0.41    3.32    3.15    8.68   33.58
A-T     0.00    0.00    0.00    0.00    0.00    0.00   -0.39   -0.19    3.27    1.86   13.09   28.00
C-G     0.00    0.00    0.00    0.00    0.00    0.00   -0.10   -0.66    3.31   -2.23   -0.03   35.06
C-G     0.00    0.00    0.00    0.00    0.00    0.00    0.56    0.29    3.39    5.08    1.87   37.41
A-T     0.00    0.00    0.00    0.00    0.00    0.00    0.34    1.22    3.42    2.53   -2.85   39.61
A-T     0.00    0.00    0.00    0.00    0.00    0.00    0.53   -0.67    3.19   -2.24   -3.16   24.16
A-T     0.00    0.00    0.00    0.00    0.00    0.00   -0.28   -0.52    3.79   -2.88  -13.86   36.21
A-T     0.00    0.00    0.00    0.00    0.00    0.00    0.07   -0.55    3.27   -0.62   -3.00   33.59
G-C     0.00    0.00    0.00    0.00    0.00    0.00   -0.52   -0.52    3.60   -6.12    1.02   38.46
T-A     0.00    0.00    0.00    0.00    0.00    0.00   -0.62   -0.96    3.42    1.63    0.40   32.76
G-C     0.00    0.00    0.00    0.00    0.00    0.00    0.56    0.45    3.26   -1.19    9.54   33.57
T-A     0.00    0.00    0.00    0.00    0.00    0.00   -0.01   -0.46    3.29   -0.23    1.47   25.80
A-T     0.00    0.00    0.00    0.00    0.00    0.00   -0.16    0.51    3.42    4.69    9.10   38.64
T-A     0.00    0.00    0.00    0.00    0.00    0.00    0.38   -0.67    3.35   -1.26   -1.58   33.68
T-A     0.00    0.00    0.00    0.00    0.00    0.00    0.60   -0.17    3.53    4.22   -4.48   40.51
T-A     0.00    0.00    0.00    0.00    0.00    0.00   -0.15   -0.37    3.23    1.83   -1.47   26.20
G-C     0.00    0.00    0.00    0.00    0.00    0.00   -0.34    1.24    3.63   -0.98  -15.52   46.08
G-C     0.00    0.00    0.00    0.00    0.00    0.00    0.37    0.11    3.23   -2.07   -0.06   28.08
A-T     0.00    0.00    0.00    0.00    0.00    0.00   -0.63    0.23    3.43   -1.89   -0.57   39.35
A-T     0.00    0.00    0.00    0.00    0.00    0.00   -0.22   -0.09    3.35   -2.10    3.67   34.94
A-T     0.00    0.00    0.00    0.00    0.00    0.00   -0.26   -0.22    3.34   -3.57    4.36   36.61
C-G     0.00    0.00    0.00    0.00    0.00    0.00   -0.19   -0.62    3.43   -1.46    2.78   34.00
T-A     0.00    0.00    0.00    0.00    0.00    0.00   -0.07   -0.44    3.32    2.14    3.54   34.46
G-C     0.00    0.00    0.00    0.00    0.00    0.00    1.08    0.76    3.40    5.80    4.99   34.55
C-G     0.00    0.00    0.00    0.00    0.00    0.00   -0.27    0.19    3.60   -5.56  -10.05   44.80
T-A     0.00    0.00    0.00    0.00    0.00    0.00    0.69    0.16    3.50    4.66   -3.17   38.40
C-G     0.00    0.00    0.00    0.00    0.00    0.00    0.46    0.63    3.06   -1.11    0.35   33.50
C-G     0.00    0.00    0.00    0.00    0.00    0.00   -1.48    0.06    3.84   -6.41  -13.24   36.50
A-T     0.00    0.00    0.00    0.00    0.00    0.00   -0.05    0.70    3.30    0.66    7.72   36.56
T-A     0.00    0.00    0.00    0.00    0.00    0.00   -0.09   -0.57    3.14    1.50   -2.54   30.48
C-G     0.00    0.00    0.00    0.00    0.00    0.00   -0.47    0.39    3.28   -1.99    7.09   36.61
A-T     0.00    0.00    0.00    0.00    0.00    0.00    0.62    1.03    3.42    4.43   14.78   37.57
A-T     0.00    0.00    0.00    0.00    0.00    0.00   -0.55    0.75    3.30   -0.67   10.15   32.58
A-T     0.00    0.00    0.00    0.00    0.00    0.00    0.44    0.27    3.28    0.61    6.61   31.36
A-T     0.00    0.00    0.00    0.00    0.00    0.00   -0.88    0.84    3.56   -3.84   -7.00   46.57
G-C     0.00    0.00    0.00    0.00    0.00    0.00    1.54    0.73    3.39    0.25  -14.74   32.37
G-C     0.00    0.00    0.00    0.00    0.00    0.00   -0.62    0.47    3.56   -3.19   -4.18   38.52
C-G     0.00    0.00    0.00    0.00    0.00    0.00    0.41    0.15    3.61    3.51  -11.78   36.97
A-T     0.00    0.00    0.00    0.00    0.00    0.00   -0.37    0.44    3.58    0.10    7.04   38.09
T-A     0.00    0.00    0.00    0.00    0.00    0.00    0.16   -0.38    3.34   -0.66    2.53   28.24
G-C     0.00    0.00    0.00    0.00    0.00    0.00    0.69   -0.14    3.46   -1.37   15.45   33.66
T-A     0.00    0.00    0.00    0.00    0.00    0.00   -0.58   -0.97    3.54    0.63    2.34   33.53
T-A     0.00    0.00    0.00    0.00    0.00    0.00   -0.08   -0.02    3.30    3.89    4.38   34.47
C-G     0.00    0.00    0.00    0.00    0.00    0.00    1.15    0.69    3.16   -1.12    2.01   34.06
A-T     0.00    0.00    0.00    0.00    0.00    0.00   -0.29    0.92    3.56    0.04   -5.72   47.20
G-C     0.00    0.00    0.00    0.00    0.00    0.00    0.09    0.05    3.16   -1.49   -1.76   24.35
C-G     0.00    0.00    0.00    0.00    0.00    0.00   -0.23    0.44    3.89   -2.44  -17.71   45.35
G-C     0.00    0.00    0.00    0.00    0.00    0.00    0.12    0.26    3.30    3.94   -6.34   35.60
G-C     0.00    0.00    0.00    0.00    0.00    0.00    0.28   -0.10    3.06   -2.75    6.95   24.68
A-T     0.00    0.00    0.00    0.00    0.00    0.00   -0.76    0.03    3.48    0.15    3.73   37.93
A-T     0.00    0.00    0.00    0.00    0.00    0.00   -0.12   -0.29    3.41   -2.39    5.80   35.38
T-A     0.00    0.00    0.00    0.00    0.00    0.00    0.00   -0.78    3.38   -0.05    1.55   32.16
T-A     0.00    0.00    0.00    0.00    0.00    0.00    0.36   -0.18    3.41    3.30    4.26   36.94
C-G     0.00    0.00    0.00    0.00    0.00    0.00    0.24    0.05    3.36    0.44    3.94   34.01
C-G     0.00    0.00    0.00    0.00    0.00    0.00    0.39    0.44    3.07    0.43    3.50   32.79
G-C     0.00    0.00    0.00    0.00    0.00    0.00   -0.93    0.08    3.58   -4.78   -7.02   37.67
C-G     0.00    0.00    0.00    0.00    0.00    0.00    0.36    0.69    3.58    1.04  -15.22   37.43
T-A     0.00    0.00    0.00    0.00    0.00    0.00    0.16    0.38    3.36    1.31   -6.95   34.16
G-C     0.00    0.00    0.00    0.00    0.00    0.00   -0.35    0.46    3.42   -2.62    7.74   40.11
A-T     0.00    0.00    0.00    0.00    0.00    0.00   -0.46    0.15    3.30   -1.09    8.16   34.01
A-T     0.00    0.00    0.00    0.00    0.00    0.00    0.34   -0.66    3.33   -2.72    4.70   30.16
C-G     0.00    0.00    0.00    0.00    0.00    0.00   -0.41   -0.51    3.26    0.97    2.03   33.28
A-T     0.00    0.00    0.00    0.00    0.00    0.00    0.78    0.62    3.37    3.99    7.81   37.91
T-A     0.00    0.00    0.00    0.00    0.00    0.00   -0.10   -0.74    3.33   -0.21   -0.13   31.58
G-C     0.00    0.00    0.00    0.00    0.00    0.00    0.68    0.10    3.32   -0.07    9.15   32.87
C-G     0.00    0.00    0.00    0.00    0.00    0.00   -0.38    0.33    3.96   -0.71  -17.82   45.39
C-G     0.00    0.00    0.00    0.00    0.00    0.00   -0.04   -0.10    3.24   -2.05   -1.26   25.90
T-A     0.00    0.00    0.00    0.00    0.00    0.00   -1.32    0.14    3.47   -1.46  -13.20   38.52
T-A     0.00    0.00    0.00    0.00    0.00    0.00    0.65    0.27    3.55    1.59   -3.90   41.73
T-A     0.00    0.00    0.00    0.00    0.00    0.00    0.09    0.07    3.26   -0.61    4.83   29.74
T-A     0.00    0.00    0.00    0.00    0.00    0.00    0.32   -0.06    3.24    1.37    7.68   32.85
G-C     0.00    0.00    0.00    0.00    0.00    0.00    0.34   -0.59    3.37   -1.72   19.08   25.13
A-T     0.00    0.00    0.00    0.00    0.00    0.00   -0.01   -0.81    3.25    0.97    4.31   33.80
T-A     0.00    0.00    0.00    0.00    0.00    0.00   -0.48   -0.82    3.19    0.87    0.59   29.93
G-C     0.00    0.00    0.00    0.00    0.00    0.00    0.55    0.05    3.24    2.25    6.51   33.66
G-C     0.00    0.00    0.00    0.00    0.00    0.00    0.21    0.85    3.58    2.78   -9.60   42.33
A-T     0.00    0.00    0.00    0.00    0.00    0.00   -0.20    0.60    3.15   -3.36   -1.44   29.21
G-C     0.00    0.00    0.00    0.00    0.00    0.00   -0.35   -0.32    3.64   -3.97   -6.39   38.58
C-G     0.00    0.00    0.00    0.00    0.00    0.00    0.25    0.35    3.47    3.25   -8.06   41.87
A-T     0.00    0.00    0.00    0.00    0.00    0.00   -0.06    0.21    3.01   -1.54    5.09   26.25
G-C     0.00    0.00    0.00    0.00    0.00    0.00   -1.01   -0.13    3.37   -5.40    4.97   37.70
T-A     0.00    0.00    0.00    0.00    0.00    0.00    0.02   -0.63    3.40    1.47    2.52   34.14
T-A     0.00    0.00    0.00    0.00    0.00    0.00    0.16   -0.14    3.37    2.40    5.07   36.91
T-A     0.00    0.00    0.00    0.00    0.00    0.00    0.22   -0.08    3.39    1.91    4.04   36.16
C-G     0.00    0.00    0.00    0.00    0.00    0.00    0.96    0.43    3.34    2.69   -0.01   39.99
C-G     0.00    0.00    0.00    0.00    0.00    0.00   -0.77    0.30    3.23    0.89   -1.50   27.70
A-T     0.00    0.00    0.00    0.00    0.00    0.00    0.54    1.34    3.36    1.95  -10.12   44.69
A-T     0.00    0.00    0.00    0.00    0.00    0.00   -0.15    0.09    3.27   -2.59   -2.02   29.53
A-T     0.00    0.00    0.00    0.00    0.00    0.00   -0.59   -0.10    3.47   -2.97   -1.91   39.77
T-A     0.00    0.00    0.00    0.00    0.00    0.00   -0.24   -0.68    3.34    0.59   -2.08   33.61
A-T     0.00    0.00    0.00    0.00    0.00    0.00    0.73    1.67    3.25   -1.54    5.21   33.58
C-G     0.00    0.00    0.00    0.00    0.00    0.00    0.15   -0.14    3.24   -0.42    0.32   30.55
A-T     0.00    0.00    0.00    0.00    0.00    0.00    0.19   -0.39    3.35    2.44    9.47   35.69
C-G     0.00    0.00    0.00    0.00    0.00    0.00    0.28   -1.07    3.44   -2.04    0.15   33.90
T-A     0.00    0.00    0.00    0.00    0.00    0.00   -0.04   -1.14    3.37    1.39    2.01   31.21
T-A     0.00    0.00    0.00    0.00    0.00    0.00   -0.05   -0.92    3.31    2.12    0.67   34.87
T-A     0.00    0.00    0.00    0.00    0.00    0.00    1.51   -0.26    3.72    5.04  -10.98   36.55
T-A     0.00    0.00    0.00    0.00    0.00    0.00   -0.91    0.68    4.13    0.21  -32.27   45.21
G-C     0.00    0.00    0.00    0.00    0.00    0.00    0.04    0.37    3.58    0.14    6.34   36.71
G-C     0.00    0.00    0.00    0.00    0.00    0.00   -0.36    0.45    2.85   -2.98    6.17   26.19
T-A     0.00    0.00    0.00    0.00    0.00    0.00    0.34   -0.71    3.22    0.11    1.80   32.53
A-T     0.00    0.00    0.00    0.00    0.00    0.00    0.16   -0.43    3.17   -0.33   12.48   27.67
G-C     0.00    0.00    0.00    0.00    0.00    0.00   -0.52   -0.60    3.30   -3.13    6.31   31.98
A-T     0.00    0.00    0.00    0.00    0.00    0.00   -0.18   -0.42    3.39    1.18    5.28   33.26
A-T     0.00    0.00    0.00    0.00    0.00    0.00   -0.25   -0.40    3.31   -1.89    2.83   35.22
T-A     0.00    0.00    0.00    0.00    0.00    0.00    0.11   -0.86    3.30    1.01   -0.48   32.05
C-G     0.00    0.00    0.00    0.00    0.00    0.00    0.09   -0.74    3.53   -2.18   -0.97   40.82
T-A     0.00    0.00    0.00    0.00    0.00    0.00   -0.52   -0.61    3.27    2.28   -0.55   22.30
G-C     0.00    0.00    0.00    0.00    0.00    0.00   -1.03    0.99    3.29   -6.41   -3.25   43.14
C-G     0.00    0.00    0.00    0.00    0.00    0.00    0.71    0.31    3.46    1.35   -9.01   39.23
A-T     0.00    0.00    0.00    0.00    0.00    0.00   -0.02   -0.02    2.92   -1.57    6.02   23.34
G-C     0.00    0.00    0.00    0.00    0.00    0.00   -1.05   -0.20    3.38   -5.73    3.78   38.58
G-C     0.00    0.00    0.00    0.00    0.00    0.00   -0.18   -1.28    3.63    0.23    7.27   33.60
T-A     0.00    0.00    0.00    0.00    0.00    0.00   -0.63   -0.47    3.15    0.60    4.12   32.21
G-C     0.00    0.00    0.00    0.00    0.00    0.00    0.69   -0.03    3.31    0.73   13.95   31.53
G-C     0.00    0.00    0.00    0.00    0.00    0.00   -0.13   -0.36    3.44   -0.02    8.67   33.95
A-T     0.00    0.00    0.00    0.00    0.00    0.00    0.13   -0.05    3.29    0.05    0.48   38.79
T-A     0.00    0.00    0.00    0.00    0.00    0.00    0.42   -0.58    3.11   -0.42   -1.16   27.84
A-T     0.00    0.00    0.00    0.00    0.00    0.00   -0.12   -0.50    3.48   -0.27    1.34   40.14
T-A     0.00    0.00    0.00    0.00    0.00    0.00   -0.05   -0.96    3.28   -0.72   -3.25   31.96
T-A     0.00    0.00    0.00    0.00    0.00    0.00   -0.25   -0.68    3.27    2.96   -0.02   32.26
G-C     0.00    0.00    0.00    0.00    0.00    0.00    0.40   -0.73    3.57   -2.81   12.24   34.56
A-T     0.00    0.00    0.00    0.00    0.00    0.00   -0.58   -0.95    3.22   -0.29    1.42   24.03
T-A     0.00    0.00    0.00    0.00    0.00    0.00    1.37   -2.37    3.03   -0.90    6.52   70.33
