 146 base-pairs
   0  ***local base-pair & step parameters***
       Shear  Stretch  Stagger Buckle Prop-Tw Opening   Shift  Slide    Rise    Tilt    Roll   Twist
A-T    -0.27   -0.38   -0.30  -11.15    2.68   -3.37    0.00    0.00    0.00    0.00    0.00    0.00
T-A    -0.49    0.06    0.10  -10.00   -2.95   -6.11   -1.13   -0.78    3.32   -3.49   -1.10   31.28
C-G    -0.40   -0.07   -0.66    1.63   -6.53    2.55    0.96   -0.08    2.92    5.32    3.08   36.75
A-T     0.19   -0.13   -0.10    2.95  -10.11    6.07   -0.25    0.75    3.51   -4.05    4.09   35.33
A-T     0.20    0.16    0.24    0.43   -7.67    2.94   -0.52    0.18    3.24   -3.92    0.25   38.48
T-A     0.70   -0.13   -0.40   15.05   -4.89    2.01    0.50   -0.74    2.99    7.61   -2.06   33.11
A-T     0.80    0.14    0.32    3.55  -13.98    1.17    0.00   -0.10    3.61   -4.81   -3.28   40.53
T-A     0.34    0.33   -0.50    1.96  -10.03   -2.49   -0.14   -1.03    3.21    5.68   -2.15   34.00
C-G    -1.06    0.56   -0.32   -4.31   -6.83    9.75    1.06    0.12    3.38    1.06   -0.67   33.36
C-G     0.00   -0.04   -0.32    6.34    8.62   -6.79   -0.30   -0.02    3.14   -1.31    9.89   27.21
A-T     0.03    0.65   -0.33    1.35   -5.85  -19.72   -1.14    0.57    3.44   -1.25    6.12   32.41
C-G     0.24    0.70   -0.36    0.76   -9.92   -9.98    0.47   -0.98    3.33   -0.98    6.07   33.73
C-G    -0.02    0.32   -0.01   -5.52  -18.12    2.09    0.56   -0.14    3.40    1.62   12.57   30.71
T-A    -0.77    0.07    0.56  -12.56  -19.35   -4.47   -1.12    0.28    3.55   -6.33    7.45   31.98
G-C    -2.04   -0.13    0.25  -10.22   -5.75   -1.35    0.53    1.17    3.25    4.53   -6.81   40.09
C-G     0.28   -0.27    1.13  -10.00    3.64   -2.08   -0.25    0.12    3.50   -6.96    5.12   38.01
A-T    -0.31   -0.02    1.02   10.71  -14.96   -8.02    0.03    1.68    3.03    3.24  -21.54   41.32
G-C     0.33    0.25    0.57    4.61  -24.70   -0.62    0.49    0.08    3.51    3.11    1.73   36.32
A-T     0.11    0.67    0.14   -1.92   -5.24   -2.91    0.01   -0.87    3.24    0.98   -5.90   36.33
T-A     0.74    1.66    0.08    8.70  -15.72    5.82    0.26    0.18    3.00    2.69   -5.24   36.70
T-A    -0.13    0.99    0.18   -7.02  -31.29   10.58    0.01   -1.38    3.40    3.43    4.22   29.58
C-G    -0.26    0.42   -0.66   12.35  -14.65   -6.26   -0.36   -0.33    2.72    3.83    9.75   27.11
T-A    -0.85    0.10   -1.04   11.40  -18.89   -4.68   -0.24   -0.41    3.81    1.16   11.70   28.65
A-T    -0.90    0.95   -0.39  -18.52  -17.07   15.00    1.92    0.79    3.68    2.05   22.10   33.83
C-G    -0.15   -0.03    0.57   -0.66   -0.91    0.75   -1.23   -0.17    2.93  -12.25    3.65   30.85
C-G     0.60   -0.16   -0.67   23.14   -9.12    5.51    0.59   -0.23    2.71   13.90    7.80   29.60
A-T    -0.07    0.02    0.62   26.87  -24.82   -6.55   -0.04    2.65    3.17   -4.49  -15.04   41.98
A-T     0.43    0.49    0.39   10.97  -33.56    2.09    0.52    0.40    3.61    4.01    3.19   38.90
A-T     0.58   -0.24    0.41    9.93  -23.97    3.20    0.52   -0.25    3.30   -1.35   -8.34   40.33
A-T     0.22   -0.03    0.35    3.05  -10.28   -4.73   -0.08   -0.44    3.28   -2.23    3.51   31.81
G-C     0.62   -0.29    0.13   -7.05  -10.72   -0.07    0.19   -0.53    3.54    0.81   -0.67   36.79
T-A    -0.87    0.30   -0.65    4.13   -8.83    2.83   -0.40   -0.76    3.00    4.25   -1.83   27.83
G-C    -0.52    0.53   -0.48  -11.98  -19.99   14.63    1.22    0.10    3.82    2.93   13.47   34.15
T-A    -1.52    0.02   -0.66    5.69   -5.09   -6.88   -1.40   -0.58    2.85   -2.70   16.14   23.94
A-T     0.54    0.22    0.09  -10.71   -2.45   -1.47    0.22   -0.62    3.79   -4.81    1.20   42.41
T-A    -0.50    0.23   -0.08  -13.30   -4.62   -1.73    0.37   -1.04    3.42    1.55    2.31   31.47
T-A    -0.50   -0.17   -0.21   -9.38  -12.54   -2.98    0.21   -0.29    3.03    3.21   -7.79   39.15
T-A     0.11   -0.09    1.08  -12.54  -10.22   -0.58   -0.06   -0.35    3.56   -6.84    4.41   31.61
G-C    -0.04   -0.28    0.41   -6.81  -12.64   -4.55   -0.87    2.29    3.18    1.34  -21.34   47.45
G-C     0.21   -0.11   -0.85   -2.58   -7.02    4.21    1.02    1.01    3.44    6.63    5.70   29.57
A-T    -0.29    0.25    0.03    8.36  -18.14    1.34   -1.33    0.94    3.05  -11.89    0.85   36.78
A-T     0.05    0.24    0.32    9.19  -13.58    5.39    0.39   -0.28    3.24   -1.12    4.40   33.85
A-T    -0.20    0.20   -0.05   -7.52   -9.09    1.33   -0.17   -0.12    3.59   -2.08   14.76   31.61
C-G     0.25    0.58   -0.46   12.91  -12.02    4.87    0.27   -0.40    2.93    3.99   -2.37   33.22
T-A    -0.07   -0.33    0.17    7.33   -8.56    7.23    1.21   -0.14    3.29    1.55   12.40   33.32
G-C    -0.22   -0.10    0.38  -12.80  -21.88   -4.15   -1.48    0.41    3.64   -5.72   10.45   36.84
C-G     0.32    0.09    0.56  -19.00   -6.98    3.65    0.54    1.03    3.59    0.02  -11.97   46.67
T-A     0.26   -0.24    0.23    0.02  -28.25   -2.36   -1.26   -0.11    2.78   -0.15   -1.12   31.18
C-G     0.74   -0.09   -0.72    4.32   -5.10    4.56    1.67    1.75    3.22    7.81  -10.65   42.86
C-G     0.13   -0.07   -0.24   -2.15  -18.21   -3.80   -0.99    0.42    3.46   -4.81    6.05   36.03
A-T    -0.02   -0.15   -0.04   10.85    0.33   -2.68    0.43    1.02    3.38   -4.51   -4.13   41.40
T-A     0.06    0.28   -0.80   27.80   -5.42   -0.28    0.70   -0.45    2.92    6.19    0.71   29.15
C-G    -0.55    0.19   -0.96   18.96   -8.59   -1.03    0.31   -0.15    3.51    3.57   10.15   33.02
A-T    -0.46   -0.65   -1.27   -3.06  -19.06   -1.80   -0.36    0.34    4.14    3.87   18.85   34.72
A-T     1.61   -0.18   -0.46   -1.96  -15.39    7.98    0.51    0.61    3.05   -4.22    6.86   42.92
A-T    -0.20    0.72   -0.37   -7.02  -21.07    2.53   -0.91    0.43    3.02   -4.79   -4.83   35.31
A-T    -0.13    0.53   -0.02  -17.87  -10.95   -3.38   -0.17   -0.92    3.52   -4.21    0.05   35.25
G-C     0.73    1.12   -0.28  -18.00   -6.58    1.24   -0.28    1.00    3.65   -2.73   -6.62   40.54
G-C    -0.96   -0.76    2.09   14.21  -24.76  -13.08   -0.91    0.12    3.19   -6.49  -29.03   30.66
C-G    -0.68    0.07   -0.01   16.47   13.80    3.57    1.41   -0.00    4.55    0.28  -20.65   38.54
A-T     1.26    0.18   -1.03   21.05  -20.89    7.80   -0.15    0.85    3.25   14.87    7.29   42.53
T-A    -0.49    0.49   -0.25   13.52  -20.48    7.23    0.38   -0.57    3.33   -2.94   16.43   22.00
G-C     0.35    0.12    0.02   -3.33   -7.52    3.17   -0.02    1.29    4.09   -0.62    8.23   41.09
T-A    -0.33   -0.07    0.24   -5.91  -13.58    0.39   -0.77   -0.70    3.38   -1.68    7.74   26.93
T-A    -0.22   -0.07   -0.28    6.14   -8.26    1.45    0.34    0.11    2.99    4.03    3.36   32.17
C-G     0.01   -0.19   -0.42    9.01   -1.54   -1.65    0.85    0.66    3.24    4.23    7.57   36.74
A-T     0.08    0.17    0.30    0.18  -27.52   -3.12   -0.74    1.57    3.65   -2.37   -5.67   44.71
G-C    -0.46   -0.38   -0.34   -7.48   -6.79   -6.77    0.73    1.01    3.52    5.09   -1.60   32.22
C-G     0.31    0.13    0.39   -6.54  -21.94    0.55   -0.47    0.68    3.28   -6.24   -4.48   41.11
T-A    -0.62    0.05   -0.04   -6.78  -16.71   -3.37    0.06    0.89    3.30    3.96   -1.18   36.32
G-C     0.15   -0.09   -0.22    3.54   -5.51    2.34    0.93    1.10    3.17    0.15    3.80   34.63
A-T    -0.01   -0.09    0.13   -1.85   -5.17    0.25   -0.77    0.06    3.35   -6.66    7.26   34.23
A-T     0.05    0.08   -0.05    2.43   -9.23    1.92   -0.14   -0.31    3.20    1.92    4.46   33.74
T-A    -0.08   -0.12    0.19   -1.40  -13.68    3.46    0.19   -0.74    3.39   -0.73    8.43   29.17
T-A     0.16   -0.18   -0.05   -1.14  -15.10   -0.55   -0.11   -0.35    3.20    3.58    8.13   33.77
C-G     0.24   -0.22   -0.04    4.88   -7.40   -0.65    0.02    0.21    3.26    1.80    6.01   30.13
A-T     0.02   -0.02   -0.08    2.09  -24.10   -2.91   -0.66    1.80    3.41   -1.23   -0.27   42.22
G-C     0.02   -0.26    0.32    2.98   -0.36   -3.51    0.96    0.73    3.32   -1.33   -3.84   36.04
C-G     0.11   -0.15    0.47    0.32  -26.37   -1.47   -1.10    1.04    3.39   -3.06   -7.08   38.27
T-A     0.02   -0.06    0.26  -11.19  -11.08    1.61    1.24    1.45    3.74    3.54   -4.99   43.40
G-C    -0.28   -0.09   -0.18    1.10   -7.48    2.83   -0.76    0.87    2.95   -2.97    6.14   33.59
A-T     0.04   -0.15   -0.00    4.15  -12.05    1.96   -0.43    0.18    3.35   -1.86    4.84   33.37
A-T     0.13   -0.09   -0.18    2.11  -13.69    3.79    0.35    0.13    3.32    2.24    9.48   33.70
C-G     0.13   -0.11   -0.17    4.02  -11.86    3.97    0.23   -0.53    3.29    0.05    5.21   30.37
A-T     0.06   -0.03   -0.06   -4.81  -12.51    3.55   -0.45    0.55    3.67    0.35   11.52   35.30
T-A    -0.34    0.06   -0.09    3.68   -9.40    0.97    0.24   -0.49    3.10    1.26   -0.06   27.85
G-C    -0.27   -0.20    0.12    1.40    5.70    0.88    0.92    0.41    3.42   -0.42    8.80   35.99
C-G    -0.21    0.19    0.46    6.22  -34.17   -3.28   -1.52    0.46    3.33   -2.05  -14.68   37.76
C-G     0.18   -0.33    0.64  -12.14  -16.21   -4.99    0.60    1.53    4.03    1.71   -7.76   45.91
T-A    -0.14   -0.33    0.14  -17.22  -17.26   -3.65   -0.26    1.44    3.36    1.69   -9.09   41.40
T-A    -0.09   -0.14    0.05   -2.40  -12.34    2.42    0.33    0.13    2.93   -3.49    4.63   31.32
T-A    -0.18   -0.01   -0.08   -2.80  -11.20    5.95    0.31   -0.03    3.28    1.55    9.37   31.30
T-A     0.57   -0.21   -0.46   -5.81  -12.49    2.62   -0.14    0.31    3.50    1.66   13.51   33.15
G-C     0.20   -0.17   -0.99  -19.38   -8.99   -3.07    0.01   -1.12    3.84    5.12   19.96   23.63
A-T     0.01   -0.21   -0.17   -9.99   -6.40   -4.11    0.11   -0.04    2.91   -8.91    8.43   32.02
T-A    -0.12    0.05    0.22   -5.63   -4.07    2.92   -0.22   -0.77    3.26   -2.35    3.73   25.61
G-C    -0.10   -0.04    0.04    4.90  -13.62    1.13   -0.32    0.83    3.16    1.03   -1.48   38.89
G-C    -0.35   -0.41   -0.62   -1.02   -1.34    0.63    0.98    0.38    3.45    7.27    2.14   33.77
A-T     0.24    0.34    0.35    2.33  -25.37   -0.13   -1.12    1.27    3.23   -8.82   -4.94   43.01
G-C     0.21   -0.38    0.37    9.85    1.95   -2.30    1.15    0.31    3.12    0.27   -7.27   35.26
C-G     0.06    0.06    0.39    5.43  -21.15    3.34   -0.55    0.21    3.45   -0.14   -3.06   35.28
A-T    -0.37   -0.10    0.00   -3.12   -6.69    6.75    1.10    0.51    3.43    4.06    3.64   36.83
G-C     0.26    0.45   -0.21  -18.92   -9.02    5.49   -1.32   -0.24    3.70   -4.36   10.28   36.76
T-A     0.09   -0.16   -0.36  -17.32  -22.09   -2.84   -0.92   -0.45    3.17   -0.17   13.33   30.00
T-A     0.66    0.36   -0.27  -13.25    1.11   -4.61   -0.55   -0.25    3.22   -2.46    0.03   32.22
T-A    -0.05    0.29    0.12  -13.26  -22.40    5.34    0.79    0.09    3.24    1.17    8.66   34.44
C-G     0.10    0.03   -0.58    5.23   -3.93    3.29    1.30    0.95    2.83    9.33    1.14   35.99
C-G    -0.05   -0.19    0.62   -1.32   -4.74   -5.71   -1.23    1.04    3.62  -10.02    6.24   30.53
A-T     0.02   -0.18    0.21   10.23  -16.81   -0.28    0.39    2.28    3.22    7.97  -19.87   48.26
A-T     0.23   -0.01    0.29   11.99   -9.29   -3.21    0.15   -0.33    3.16   -2.67    4.63   31.99
A-T     0.23   -0.12   -0.53   -7.45   -9.15   -5.14   -0.64   -0.45    3.63    0.01    3.02   38.09
T-A    -1.05    0.20   -0.72   -4.49  -11.34   -1.04   -0.36   -0.56    3.10    0.48   -5.28   30.94
A-T     0.30   -0.15    0.47    4.39   -4.49    3.14    0.29   -0.31    3.20  -11.93    4.88   38.29
C-G    -1.00   -0.12    0.04   14.84   -4.62   -8.11   -0.06   -0.94    3.05    3.15    3.07   22.49
A-T     0.25   -0.03   -0.48   -0.16  -16.39   -3.73    0.23   -0.32    3.84    5.44   11.58   41.21
C-G     0.70    0.18   -0.38   -4.82   -9.41    5.07    0.68   -0.41    3.38   -1.60    7.66   35.40
T-A    -0.53    0.23   -0.43   -6.74  -11.73    1.99   -0.44   -0.17    3.17    1.48    5.32   33.81
T-A    -0.32    0.07    0.27  -14.29  -11.99    4.52    0.02   -0.05    3.52   -5.62   -3.94   34.18
T-A    -0.90    0.46   -0.27   -8.22  -16.15    6.64   -0.70   -0.26    2.99    2.83    1.16   33.79
T-A     0.31    0.51   -0.03  -21.22  -20.15    0.81   -0.44    0.32    3.56   -2.59   -6.27   40.97
G-C    -0.26    0.37   -0.77  -26.23   -9.48    3.23    0.02    2.49    3.27    1.66   -3.90   40.98
G-C    -0.43    0.14    0.22    3.67   -6.04    2.29   -0.53    0.21    2.67  -12.71    2.15   26.08
T-A    -0.69    0.66   -0.29    6.59  -14.14   12.57    0.61   -0.42    3.23    4.17    7.02   31.26
A-T     0.35    0.37   -0.56   -4.03  -20.75    4.28   -0.71    0.22    3.62    3.33   14.72   35.23
G-C     0.02    0.24   -0.52   -2.71  -24.48    1.88    0.32    0.08    3.29    0.60   10.64   29.83
A-T    -0.85    0.33   -0.33   -2.31  -11.84   -0.46   -0.42   -0.87    3.08   -5.12   14.40   24.28
A-T     0.71    0.82    0.91    5.50   -6.03    9.11    1.00   -0.45    3.06   -7.35    2.15   36.93
T-A    -0.25    0.91    0.62    5.30   -5.03   -0.50   -0.48   -1.06    3.32   -0.06  -10.35   29.97
C-G     0.19    0.24    0.70  -12.01  -19.71    1.49    0.38   -0.59    3.48    3.70   -3.28   40.81
T-A     0.08   -0.01    1.21  -16.61  -11.23   -5.77   -0.91   -0.40    3.43   -5.75    5.20   32.02
G-C    -0.09   -0.14    0.19   -3.46   -5.23   -0.56   -0.35    2.30    2.95    1.91  -17.34   45.84
C-G     0.68    0.01   -0.28    7.79  -12.84    2.02    0.32    0.54    3.04    4.21    6.15   30.66
A-T    -0.17   -0.16   -0.38   -3.43  -18.41    8.75    0.25    2.56    3.47    1.52   -4.70   45.07
G-C     0.11    0.10    0.41   17.02  -16.13    8.31    0.35    0.84    2.83   -5.83    8.44   28.38
G-C    -0.62   -0.08   -0.30   -4.67   -9.74    2.16   -0.43   -0.41    3.59   -0.09   17.26   32.10
T-A     0.20   -0.02   -0.19   -5.15   -7.91    0.71   -0.60   -0.54    3.32   -2.01    6.00   33.02
G-C    -0.46   -0.44   -0.32   -5.85   -3.39   -2.87    0.09   -0.01    3.46    1.77    9.35   33.60
G-C    -0.07   -0.02   -0.21    2.92   -6.85    9.70    0.67    0.35    3.14   -0.08    5.91   28.63
A-T     0.17   -0.20    0.06    0.81   -8.60    1.97   -0.53   -0.40    3.17   -3.94    3.08   39.27
T-A     0.12   -0.25    0.14    4.21   -6.60   -2.17   -0.16   -0.79    3.27   -0.81   -3.26   30.02
A-T     0.06   -0.50   -0.19  -13.65  -11.50   -0.32   -0.21    0.01    3.74    1.95   -2.13   41.87
T-A    -0.11   -0.04    0.28   -2.48  -14.23    0.64   -0.54   -0.70    3.03   -5.60   -4.19   30.89
T-A    -0.06   -0.20    0.16   -5.58  -13.57    1.72    0.68    0.09    3.32    3.71    2.04   36.03
G-C     1.59   -0.07   -0.61   -3.07    2.68   -7.99   -0.16   -0.03    3.38    4.59    3.40   37.14
A-T     0.44   -0.55   -0.60   -0.75   -6.38   -1.02   -0.10    0.01    3.27   -2.99    6.96   29.83
T-A     0.30   -0.37   -0.51    5.86   -1.11    2.40    0.80   -0.79    3.16   -1.00   -0.47   36.51
