 146 base-pairs
   0  ***local base-pair & step parameters***
       Shear  Stretch  Stagger Buckle Prop-Tw Opening   Shift  Slide    Rise    Tilt    Roll   Twist
A-T     0.00    0.00    0.00    0.00    0.00    0.00    0.12   -0.64    2.80   -0.24    6.32   31.95
T-A     0.00    0.00    0.00    0.00    0.00    0.00    0.17   -0.39    2.85    0.00    5.93   30.96
C-G     0.00    0.00    0.00    0.00    0.00    0.00    0.20   -0.14    2.99    0.31    4.79   30.90
A-T     0.00    0.00    0.00    0.00    0.00    0.00    0.19    0.05    3.17    0.66    3.21   31.83
A-T     0.00    0.00    0.00    0.00    0.00    0.00    0.17    0.10    3.34    0.99    1.65   33.42
T-A     0.00    0.00    0.00    0.00    0.00    0.00    0.15    0.01    3.43    1.18    0.60   35.07
A-T     0.00    0.00    0.00    0.00    0.00    0.00    0.13   -0.21    3.43    1.13    0.45   36.12
T-A     0.00    0.00    0.00    0.00    0.00    0.00    0.11   -0.47    3.34    0.81    1.34   36.16
C-G     0.00    0.00    0.00    0.00    0.00    0.00    0.10   -0.68    3.22    0.33    3.07   35.18
C-G     0.00    0.00    0.00    0.00    0.00    0.00    0.10   -0.78    3.09   -0.13    5.12   33.60
A-T     0.00    0.00    0.00    0.00    0.00    0.00    0.11   -0.72    3.03   -0.33    6.79   32.06
C-G     0.00    0.00    0.00    0.00    0.00    0.00    0.14   -0.52    3.02   -0.14    7.40   31.19
C-G     0.00    0.00    0.00    0.00    0.00    0.00    0.20   -0.24    3.08    0.46    6.56   31.33
T-A     0.00    0.00    0.00    0.00    0.00    0.00    0.26    0.04    3.17    1.27    4.31   32.40
G-C     0.00    0.00    0.00    0.00    0.00    0.00    0.32    0.24    3.26    1.98    1.17   33.97
C-G     0.00    0.00    0.00    0.00    0.00    0.00    0.35    0.29    3.33    2.26   -1.97   35.39
A-T     0.00    0.00    0.00    0.00    0.00    0.00    0.33    0.18    3.36    1.96   -4.11   36.14
G-C     0.00    0.00    0.00    0.00    0.00    0.00    0.26   -0.05    3.37    1.13   -4.52   35.97
A-T     0.00    0.00    0.00    0.00    0.00    0.00    0.15   -0.33    3.37    0.07   -2.97   35.00
T-A     0.00    0.00    0.00    0.00    0.00    0.00    0.04   -0.56    3.37   -0.78    0.14   33.66
T-A     0.00    0.00    0.00    0.00    0.00    0.00   -0.02   -0.68    3.37   -1.04    3.84   32.48
C-G     0.00    0.00    0.00    0.00    0.00    0.00   -0.03   -0.65    3.38   -0.56    6.92   31.88
T-A     0.00    0.00    0.00    0.00    0.00    0.00    0.04   -0.48    3.38    0.52    8.29   32.06
A-T     0.00    0.00    0.00    0.00    0.00    0.00    0.16   -0.23    3.36    1.76    7.37   32.87
C-G     0.00    0.00    0.00    0.00    0.00    0.00    0.28    0.03    3.35    2.63    4.32   33.99
C-G     0.00    0.00    0.00    0.00    0.00    0.00    0.34    0.21    3.33    2.69    0.01   35.00
A-T     0.00    0.00    0.00    0.00    0.00    0.00    0.32    0.26    3.34    1.84   -4.21   35.60
A-T     0.00    0.00    0.00    0.00    0.00    0.00    0.20    0.18    3.36    0.33   -6.99   35.66
A-T     0.00    0.00    0.00    0.00    0.00    0.00    0.02   -0.01    3.40   -1.32   -7.42   35.25
A-T     0.00    0.00    0.00    0.00    0.00    0.00   -0.15   -0.23    3.44   -2.48   -5.35   34.59
G-C     0.00    0.00    0.00    0.00    0.00    0.00   -0.25   -0.41    3.47   -2.70   -1.50   33.96
T-A     0.00    0.00    0.00    0.00    0.00    0.00   -0.25   -0.50    3.47   -1.91    2.79   33.57
G-C     0.00    0.00    0.00    0.00    0.00    0.00   -0.13   -0.47    3.46   -0.39    6.01   33.55
T-A     0.00    0.00    0.00    0.00    0.00    0.00    0.04   -0.34    3.43    1.25    7.04   33.87
A-T     0.00    0.00    0.00    0.00    0.00    0.00    0.21   -0.15    3.41    2.38    5.53   34.43
T-A     0.00    0.00    0.00    0.00    0.00    0.00    0.31    0.04    3.41    2.57    2.05   35.05
T-A     0.00    0.00    0.00    0.00    0.00    0.00    0.28    0.17    3.42    1.75   -2.06   35.55
T-A     0.00    0.00    0.00    0.00    0.00    0.00    0.14    0.22    3.44    0.24   -5.25   35.77
G-C     0.00    0.00    0.00    0.00    0.00    0.00   -0.08    0.18    3.45   -1.37   -6.28   35.68
G-C     0.00    0.00    0.00    0.00    0.00    0.00   -0.28    0.09    3.43   -2.53   -4.74   35.32
A-T     0.00    0.00    0.00    0.00    0.00    0.00   -0.40   -0.01    3.40   -2.84   -1.25   34.86
A-T     0.00    0.00    0.00    0.00    0.00    0.00   -0.39   -0.09    3.35   -2.29    2.82   34.52
A-T     0.00    0.00    0.00    0.00    0.00    0.00   -0.26   -0.10    3.31   -1.18    5.81   34.49
C-G     0.00    0.00    0.00    0.00    0.00    0.00   -0.05   -0.05    3.30    0.03    6.45   34.87
T-A     0.00    0.00    0.00    0.00    0.00    0.00    0.16    0.05    3.33    0.86    4.40   35.62
G-C     0.00    0.00    0.00    0.00    0.00    0.00    0.30    0.16    3.38    1.08    0.40   36.49
C-G     0.00    0.00    0.00    0.00    0.00    0.00    0.31    0.25    3.45    0.70   -3.98   37.19
T-A     0.00    0.00    0.00    0.00    0.00    0.00    0.20    0.29    3.50    0.00   -6.93   37.40
C-G     0.00    0.00    0.00    0.00    0.00    0.00    0.02    0.28    3.51   -0.68   -7.14   37.00
C-G     0.00    0.00    0.00    0.00    0.00    0.00   -0.16    0.22    3.47   -1.02   -4.35   36.07
A-T     0.00    0.00    0.00    0.00    0.00    0.00   -0.28    0.15    3.40   -0.93    0.52   34.95
T-A     0.00    0.00    0.00    0.00    0.00    0.00   -0.29    0.12    3.32   -0.51    5.66   34.07
C-G     0.00    0.00    0.00    0.00    0.00    0.00   -0.20    0.14    3.27   -0.01    9.06   33.83
A-T     0.00    0.00    0.00    0.00    0.00    0.00   -0.04    0.23    3.25    0.32    9.34   34.40
A-T     0.00    0.00    0.00    0.00    0.00    0.00    0.12    0.36    3.28    0.31    6.25   35.63
A-T     0.00    0.00    0.00    0.00    0.00    0.00    0.23    0.49    3.34   -0.02    0.86   37.08
A-T     0.00    0.00    0.00    0.00    0.00    0.00    0.25    0.58    3.42   -0.50   -4.86   38.22
G-C     0.00    0.00    0.00    0.00    0.00    0.00    0.19    0.58    3.47   -0.89   -8.76   38.56
G-C     0.00    0.00    0.00    0.00    0.00    0.00    0.08    0.47    3.49   -0.98   -9.38   37.96
C-G     0.00    0.00    0.00    0.00    0.00    0.00   -0.03    0.29    3.47   -0.71   -6.48   36.60
A-T     0.00    0.00    0.00    0.00    0.00    0.00   -0.09    0.08    3.44   -0.15   -1.15   34.98
T-A     0.00    0.00    0.00    0.00    0.00    0.00   -0.08   -0.08    3.40    0.49    4.58   33.70
G-C     0.00    0.00    0.00    0.00    0.00    0.00   -0.02   -0.13    3.37    0.98    8.57   33.22
T-A     0.00    0.00    0.00    0.00    0.00    0.00    0.08   -0.04    3.36    1.14    9.36   33.68
T-A     0.00    0.00    0.00    0.00    0.00    0.00    0.16    0.16    3.38    0.93    6.74   34.87
C-G     0.00    0.00    0.00    0.00    0.00    0.00    0.19    0.43    3.40    0.42    1.80   36.26
A-T     0.00    0.00    0.00    0.00    0.00    0.00    0.16    0.65    3.43   -0.21   -3.51   37.29
G-C     0.00    0.00    0.00    0.00    0.00    0.00    0.08    0.75    3.45   -0.76   -7.16   37.54
C-G     0.00    0.00    0.00    0.00    0.00    0.00   -0.02    0.67    3.45   -1.08   -7.81   36.93
G-C     0.00    0.00    0.00    0.00    0.00    0.00   -0.09    0.44    3.44   -1.08   -5.31   35.70
G-C     0.00    0.00    0.00    0.00    0.00    0.00   -0.11    0.10    3.43   -0.81   -0.74   34.31
A-T     0.00    0.00    0.00    0.00    0.00    0.00   -0.06   -0.23    3.41   -0.36    4.07   33.27
A-T     0.00    0.00    0.00    0.00    0.00    0.00    0.03   -0.44    3.40    0.10    7.21   32.92
T-A     0.00    0.00    0.00    0.00    0.00    0.00    0.12   -0.49    3.40    0.45    7.48   33.33
T-A     0.00    0.00    0.00    0.00    0.00    0.00    0.18   -0.34    3.41    0.58    4.83   34.27
C-G     0.00    0.00    0.00    0.00    0.00    0.00    0.17   -0.08    3.42    0.46    0.31   35.35
C-G     0.00    0.00    0.00    0.00    0.00    0.00    0.10    0.22    3.44    0.13   -4.29   36.17
G-C     0.00    0.00    0.00    0.00    0.00    0.00   -0.01    0.43    3.45   -0.30   -7.20   36.43
C-G     0.00    0.00    0.00    0.00    0.00    0.00   -0.13    0.49    3.46   -0.71   -7.26   36.06
T-A     0.00    0.00    0.00    0.00    0.00    0.00   -0.20    0.38    3.45   -0.96   -4.41   35.20
G-C     0.00    0.00    0.00    0.00    0.00    0.00   -0.21    0.14    3.42   -0.97    0.33   34.11
A-T     0.00    0.00    0.00    0.00    0.00    0.00   -0.14   -0.14    3.37   -0.74    5.26   33.14
A-T     0.00    0.00    0.00    0.00    0.00    0.00   -0.02   -0.37    3.33   -0.35    8.60   32.55
C-G     0.00    0.00    0.00    0.00    0.00    0.00    0.09   -0.47    3.30    0.06    9.16   32.51
A-T     0.00    0.00    0.00    0.00    0.00    0.00    0.16   -0.43    3.29    0.31    6.74   33.04
T-A     0.00    0.00    0.00    0.00    0.00    0.00    0.16   -0.26    3.32    0.30    2.16   33.99
G-C     0.00    0.00    0.00    0.00    0.00    0.00    0.08   -0.05    3.36    0.00   -2.97   35.11
C-G     0.00    0.00    0.00    0.00    0.00    0.00   -0.04    0.13    3.42   -0.50   -6.89   36.08
C-G     0.00    0.00    0.00    0.00    0.00    0.00   -0.16    0.22    3.46   -1.00   -8.27   36.61
T-A     0.00    0.00    0.00    0.00    0.00    0.00   -0.23    0.19    3.46   -1.30   -6.65   36.51
T-A     0.00    0.00    0.00    0.00    0.00    0.00   -0.21    0.07    3.41   -1.24   -2.61   35.77
T-A     0.00    0.00    0.00    0.00    0.00    0.00   -0.13   -0.10    3.34   -0.77    2.45   34.58
T-A     0.00    0.00    0.00    0.00    0.00    0.00    0.01   -0.23    3.26   -0.01    6.83   33.34
G-C     0.00    0.00    0.00    0.00    0.00    0.00    0.14   -0.29    3.21    0.81    9.05   32.47
A-T     0.00    0.00    0.00    0.00    0.00    0.00    0.22   -0.24    3.20    1.40    8.42   32.32
T-A     0.00    0.00    0.00    0.00    0.00    0.00    0.22   -0.10    3.25    1.55    5.23   32.99
G-C     0.00    0.00    0.00    0.00    0.00    0.00    0.14    0.09    3.32    1.18    0.63   34.29
G-C     0.00    0.00    0.00    0.00    0.00    0.00    0.02    0.26    3.40    0.39   -3.75   35.77
A-T     0.00    0.00    0.00    0.00    0.00    0.00   -0.10    0.36    3.44   -0.56   -6.39   36.87
G-C     0.00    0.00    0.00    0.00    0.00    0.00   -0.18    0.36    3.44   -1.36   -6.45   37.19
C-G     0.00    0.00    0.00    0.00    0.00    0.00   -0.18    0.24    3.39   -1.70   -4.01   36.59
A-T     0.00    0.00    0.00    0.00    0.00    0.00   -0.10    0.05    3.33   -1.46   -0.07   35.33
G-C     0.00    0.00    0.00    0.00    0.00    0.00    0.02   -0.16    3.27   -0.67    3.82   33.95
T-A     0.00    0.00    0.00    0.00    0.00    0.00    0.15   -0.31    3.25    0.43    6.16   33.04
T-A     0.00    0.00    0.00    0.00    0.00    0.00    0.25   -0.36    3.28    1.51    6.05   33.01
T-A     0.00    0.00    0.00    0.00    0.00    0.00    0.28   -0.27    3.34    2.23    3.53   33.88
C-G     0.00    0.00    0.00    0.00    0.00    0.00    0.24   -0.07    3.41    2.38   -0.42   35.28
C-G     0.00    0.00    0.00    0.00    0.00    0.00    0.15    0.20    3.46    1.90   -4.25   36.57
A-T     0.00    0.00    0.00    0.00    0.00    0.00    0.03    0.45    3.47    0.97   -6.45   37.15
A-T     0.00    0.00    0.00    0.00    0.00    0.00   -0.07    0.59    3.43   -0.14   -6.10   36.71
A-T     0.00    0.00    0.00    0.00    0.00    0.00   -0.12    0.57    3.37   -1.09   -3.30   35.37
T-A     0.00    0.00    0.00    0.00    0.00    0.00   -0.12    0.38    3.31   -1.59    0.93   33.66
A-T     0.00    0.00    0.00    0.00    0.00    0.00   -0.07    0.07    3.29   -1.51    4.94   32.31
C-G     0.00    0.00    0.00    0.00    0.00    0.00    0.00   -0.28    3.32   -0.91    7.15   31.90
A-T     0.00    0.00    0.00    0.00    0.00    0.00    0.08   -0.55    3.38    0.00    6.62   32.64
C-G     0.00    0.00    0.00    0.00    0.00    0.00    0.13   -0.66    3.45    0.89    3.46   34.25
T-A     0.00    0.00    0.00    0.00    0.00    0.00    0.15   -0.59    3.51    1.47   -1.26   36.08
T-A     0.00    0.00    0.00    0.00    0.00    0.00    0.12   -0.36    3.53    1.55   -5.82   37.37
T-A     0.00    0.00    0.00    0.00    0.00    0.00    0.06   -0.05    3.50    1.11   -8.55   37.58
T-A     0.00    0.00    0.00    0.00    0.00    0.00   -0.02    0.22    3.44    0.30   -8.42   36.60
G-C     0.00    0.00    0.00    0.00    0.00    0.00   -0.09    0.35    3.37   -0.62   -5.43   34.79
G-C     0.00    0.00    0.00    0.00    0.00    0.00   -0.14    0.30    3.30   -1.33   -0.60   32.82
T-A     0.00    0.00    0.00    0.00    0.00    0.00   -0.16    0.08    3.27   -1.64    4.45   31.38
A-T     0.00    0.00    0.00    0.00    0.00    0.00   -0.14   -0.24    3.27   -1.48    8.04   30.92
G-C     0.00    0.00    0.00    0.00    0.00    0.00   -0.10   -0.55    3.29   -0.97    9.06   31.49
A-T     0.00    0.00    0.00    0.00    0.00    0.00   -0.05   -0.75    3.33   -0.32    7.33   32.74
A-T     0.00    0.00    0.00    0.00    0.00    0.00   -0.01   -0.80    3.38    0.18    3.61   34.15
T-A     0.00    0.00    0.00    0.00    0.00    0.00    0.00   -0.69    3.42    0.34   -0.73   35.20
C-G     0.00    0.00    0.00    0.00    0.00    0.00   -0.02   -0.49    3.44    0.11   -4.19   35.61
T-A     0.00    0.00    0.00    0.00    0.00    0.00   -0.08   -0.30    3.44   -0.43   -5.69   35.41
G-C     0.00    0.00    0.00    0.00    0.00    0.00   -0.14   -0.19    3.42   -1.05   -4.89   34.79
C-G     0.00    0.00    0.00    0.00    0.00    0.00   -0.19   -0.20    3.36   -1.53   -2.20   34.07
A-T     0.00    0.00    0.00    0.00    0.00    0.00   -0.20   -0.33    3.27   -1.69    1.41   33.46
G-C     0.00    0.00    0.00    0.00    0.00    0.00   -0.17   -0.50    3.16   -1.50    4.77   33.00
G-C     0.00    0.00    0.00    0.00    0.00    0.00   -0.11   -0.65    3.07   -1.06    6.98   32.66
T-A     0.00    0.00    0.00    0.00    0.00    0.00   -0.04   -0.71    3.01   -0.53    7.59   32.35
G-C     0.00    0.00    0.00    0.00    0.00    0.00    0.02   -0.66    3.01   -0.12    6.69   32.08
G-C     0.00    0.00    0.00    0.00    0.00    0.00    0.05   -0.52    3.08    0.07    4.83   31.97
A-T     0.00    0.00    0.00    0.00    0.00    0.00    0.03   -0.36    3.21    0.00    2.72   32.19
T-A     0.00    0.00    0.00    0.00    0.00    0.00   -0.02   -0.26    3.34   -0.23    1.06   32.83
A-T     0.00    0.00    0.00    0.00    0.00    0.00   -0.07   -0.25    3.44   -0.51    0.27   33.82
T-A     0.00    0.00    0.00    0.00    0.00    0.00   -0.12   -0.35    3.45   -0.71    0.50   34.87
T-A     0.00    0.00    0.00    0.00    0.00    0.00   -0.13   -0.53    3.37   -0.78    1.58   35.57
G-C     0.00    0.00    0.00    0.00    0.00    0.00   -0.09   -0.71    3.21   -0.73    3.13   35.59
A-T     0.00    0.00    0.00    0.00    0.00    0.00   -0.03   -0.81    3.02   -0.60    4.70   34.80
T-A     0.00    0.00    0.00    0.00    0.00    0.00    0.05   -0.79    2.87   -0.43    5.87   33.42
