 147 base-pairs
   0  ***local base-pair & step parameters***
       Shear  Stretch  Stagger Buckle Prop-Tw Opening   Shift  Slide    Rise    Tilt    Roll   Twist
A-T     0.00    0.00    0.00    0.00    0.00    0.00    0.00    0.00    0.00    0.00    0.00    0.00  
T-A     0.00    0.00    0.00    0.00    0.00    0.00   -0.07   -0.12    3.30   -0.47    5.91   33.56  
C-G     0.00    0.00    0.00    0.00    0.00    0.00   -0.12   -0.04    3.30   -1.02    4.58   34.22  
A-T     0.00    0.00    0.00    0.00    0.00    0.00   -0.10    0.07    3.29   -1.10    2.15   35.29  
A-T     0.00    0.00    0.00    0.00    0.00    0.00   -0.00    0.14    3.27   -0.67   -0.58   36.39  
T-A     0.00    0.00    0.00    0.00    0.00    0.00    0.13    0.10    3.26    0.07   -2.71   37.09  
A-T     0.00    0.00    0.00    0.00    0.00    0.00    0.25   -0.06    3.27    0.77   -3.48   37.09  
T-A     0.00    0.00    0.00    0.00    0.00    0.00    0.29   -0.30    3.29    1.12   -2.56   36.30  
C-G     0.00    0.00    0.00    0.00    0.00    0.00    0.24   -0.53    3.31    0.97   -0.15   34.91  
C-G     0.00    0.00    0.00    0.00    0.00    0.00    0.10   -0.67    3.32    0.44    3.01   33.31  
A-T     0.00    0.00    0.00    0.00    0.00    0.00   -0.05   -0.63    3.31   -0.19    5.91   32.01  
C-G     0.00    0.00    0.00    0.00    0.00    0.00   -0.17   -0.41    3.29   -0.57    7.56   31.46  
C-G     0.00    0.00    0.00    0.00    0.00    0.00   -0.20   -0.05    3.27   -0.48    7.34   31.88  
T-A     0.00    0.00    0.00    0.00    0.00    0.00   -0.13    0.34    3.26    0.05    5.26   33.21  
G-C     0.00    0.00    0.00    0.00    0.00    0.00    0.02    0.65    3.27    0.76    1.96   35.03  
C-G     0.00    0.00    0.00    0.00    0.00    0.00    0.18    0.78    3.30    1.28   -1.44   36.75  
A-T     0.00    0.00    0.00    0.00    0.00    0.00    0.28    0.68    3.34    1.30   -3.72   37.74  
G-C     0.00    0.00    0.00    0.00    0.00    0.00    0.29    0.37    3.37    0.72   -3.99   37.58  
A-T     0.00    0.00    0.00    0.00    0.00    0.00    0.20   -0.06    3.39   -0.27   -2.04   36.23  
T-A     0.00    0.00    0.00    0.00    0.00    0.00    0.05   -0.49    3.37   -1.26    1.59   34.03  
A-T     0.00    0.00    0.00    0.00    0.00    0.00   -0.10   -0.81    3.34   -1.83    5.72   31.68  
C-G     0.00    0.00    0.00    0.00    0.00    0.00   -0.19   -0.92    3.29   -1.71    8.94   29.96  
T-A     0.00    0.00    0.00    0.00    0.00    0.00   -0.18   -0.78    3.25   -0.91   10.11   29.48  
A-T     0.00    0.00    0.00    0.00    0.00    0.00   -0.10   -0.43    3.23    0.26    8.75   30.45  
C-G     0.00    0.00    0.00    0.00    0.00    0.00    0.02    0.05    3.24    1.35    5.29   32.61  
C-G     0.00    0.00    0.00    0.00    0.00    0.00    0.13    0.51    3.27    1.93    0.89   35.25  
A-T     0.00    0.00    0.00    0.00    0.00    0.00    0.18    0.84    3.31    1.79   -2.95   37.50  
A-T     0.00    0.00    0.00    0.00    0.00    0.00    0.17    0.94    3.34    1.02   -4.88   38.60  
A-T     0.00    0.00    0.00    0.00    0.00    0.00    0.11    0.77    3.36   -0.05   -4.21   38.20  
A-T     0.00    0.00    0.00    0.00    0.00    0.00    0.03    0.40    3.35   -1.00   -1.19   36.50  
G-C     0.00    0.00    0.00    0.00    0.00    0.00   -0.04   -0.08    3.33   -1.46    3.09   34.15  
T-A     0.00    0.00    0.00    0.00    0.00    0.00   -0.06   -0.51    3.30   -1.33    7.09   32.04  
G-C     0.00    0.00    0.00    0.00    0.00    0.00   -0.05   -0.77    3.27   -0.74    9.35   30.98  
T-A     0.00    0.00    0.00    0.00    0.00    0.00   -0.02   -0.77    3.25    0.03    9.01   31.36  
A-T     0.00    0.00    0.00    0.00    0.00    0.00    0.00   -0.52    3.25    0.65    6.19   33.04  
T-A     0.00    0.00    0.00    0.00    0.00    0.00   -0.00   -0.10    3.26    0.90    1.89   35.41  
T-A     0.00    0.00    0.00    0.00    0.00    0.00   -0.02    0.34    3.28    0.78   -2.34   37.57  
T-A     0.00    0.00    0.00    0.00    0.00    0.00   -0.05    0.67    3.29    0.44   -4.94   38.71  
G-C     0.00    0.00    0.00    0.00    0.00    0.00   -0.06    0.79    3.30    0.10   -4.92   38.43  
G-C     0.00    0.00    0.00    0.00    0.00    0.00   -0.04    0.68    3.30   -0.04   -2.25   36.83  
A-T     0.00    0.00    0.00    0.00    0.00    0.00    0.02    0.41    3.30    0.07    2.16   34.52  
A-T     0.00    0.00    0.00    0.00    0.00    0.00    0.09    0.10    3.29    0.35    6.71   32.38  
A-T     0.00    0.00    0.00    0.00    0.00    0.00    0.15   -0.14    3.28    0.63    9.77   31.19  
C-G     0.00    0.00    0.00    0.00    0.00    0.00    0.16   -0.20    3.28    0.72   10.20   31.40  
T-A     0.00    0.00    0.00    0.00    0.00    0.00    0.11   -0.07    3.29    0.54    7.79   32.92  
G-C     0.00    0.00    0.00    0.00    0.00    0.00    0.02    0.18    3.30    0.13    3.40   35.19  
C-G     0.00    0.00    0.00    0.00    0.00    0.00   -0.09    0.45    3.33   -0.38   -1.42   37.35  
T-A     0.00    0.00    0.00    0.00    0.00    0.00   -0.18    0.63    3.35   -0.80   -4.88   38.61  
C-G     0.00    0.00    0.00    0.00    0.00    0.00   -0.22    0.65    3.37   -1.01   -5.68   38.47  
C-G     0.00    0.00    0.00    0.00    0.00    0.00   -0.21    0.52    3.37   -0.95   -3.43   36.95  
A-T     0.00    0.00    0.00    0.00    0.00    0.00   -0.15    0.31    3.36   -0.65    1.18   34.51  
T-A     0.00    0.00    0.00    0.00    0.00    0.00   -0.05    0.11    3.33   -0.24    6.60   31.95  
C-G     0.00    0.00    0.00    0.00    0.00    0.00    0.05    0.03    3.29    0.17   10.98   30.10  
A-T     0.00    0.00    0.00    0.00    0.00    0.00    0.12    0.10    3.26    0.48   12.79   29.56  
A-T     0.00    0.00    0.00    0.00    0.00    0.00    0.15    0.33    3.25    0.61   11.41   30.47  
A-T     0.00    0.00    0.00    0.00    0.00    0.00    0.13    0.62    3.28    0.53    7.32   32.52  
A-T     0.00    0.00    0.00    0.00    0.00    0.00    0.08    0.89    3.33    0.25    1.94   35.05  
G-C     0.00    0.00    0.00    0.00    0.00    0.00    0.01    1.02    3.39   -0.22   -2.85   37.24  
G-C     0.00    0.00    0.00    0.00    0.00    0.00   -0.06    0.97    3.44   -0.79   -5.41   38.40  
C-G     0.00    0.00    0.00    0.00    0.00    0.00   -0.13    0.74    3.46   -1.36   -4.89   38.20  
A-T     0.00    0.00    0.00    0.00    0.00    0.00   -0.19    0.41    3.44   -1.79   -1.55   36.75  
T-A     0.00    0.00    0.00    0.00    0.00    0.00   -0.21    0.08    3.39   -1.94    3.35   34.56  
G-C     0.00    0.00    0.00    0.00    0.00    0.00   -0.20   -0.14    3.32   -1.71    8.03   32.41  
T-A     0.00    0.00    0.00    0.00    0.00    0.00   -0.16   -0.17    3.25   -1.12   10.82   31.02  
T-A     0.00    0.00    0.00    0.00    0.00    0.00   -0.10    0.01    3.22   -0.32   10.75   30.89  
C-G     0.00    0.00    0.00    0.00    0.00    0.00   -0.01    0.35    3.23    0.47    7.93   32.07  
A-T     0.00    0.00    0.00    0.00    0.00    0.00    0.07    0.75    3.28    0.99    3.44   34.20  
G-C     0.00    0.00    0.00    0.00    0.00    0.00    0.12    1.09    3.34    1.06   -1.06   36.54  
C-G     0.00    0.00    0.00    0.00    0.00    0.00    0.14    1.26    3.40    0.65   -3.93   38.31  
T-A     0.00    0.00    0.00    0.00    0.00    0.00    0.12    1.18    3.42   -0.09   -4.21   38.91  
G-C     0.00    0.00    0.00    0.00    0.00    0.00    0.05    0.88    3.41   -0.88   -1.90   38.14  
G-C     0.00    0.00    0.00    0.00    0.00    0.00   -0.03    0.43    3.37   -1.44    2.00   36.34  
A-T     0.00    0.00    0.00    0.00    0.00    0.00   -0.12   -0.03    3.32   -1.56    5.91   34.19  
A-T     0.00    0.00    0.00    0.00    0.00    0.00   -0.17   -0.35    3.29   -1.23    8.28   32.56  
T-A     0.00    0.00    0.00    0.00    0.00    0.00   -0.19   -0.42    3.28   -0.58    8.16   32.12  
C-G     0.00    0.00    0.00    0.00    0.00    0.00   -0.17   -0.19    3.30    0.12    5.58   33.11  
C-G     0.00    0.00    0.00    0.00    0.00    0.00   -0.11    0.26    3.33    0.62    1.52   35.21  
A-T     0.00    0.00    0.00    0.00    0.00    0.00   -0.03    0.80    3.36    0.75   -2.43   37.64  
G-C     0.00    0.00    0.00    0.00    0.00    0.00    0.03    1.25    3.38    0.53   -4.70   39.44  
C-G     0.00    0.00    0.00    0.00    0.00    0.00    0.08    1.44    3.38    0.11   -4.31   39.83  
T-A     0.00    0.00    0.00    0.00    0.00    0.00    0.10    1.31    3.35   -0.29   -1.31   38.53  
G-C     0.00    0.00    0.00    0.00    0.00    0.00    0.08    0.88    3.32   -0.50    3.30   35.91  
A-T     0.00    0.00    0.00    0.00    0.00    0.00    0.05    0.31    3.30   -0.44    7.87   32.83  
A-T     0.00    0.00    0.00    0.00    0.00    0.00    0.00   -0.21    3.30   -0.17   10.71   30.41  
C-G     0.00    0.00    0.00    0.00    0.00    0.00   -0.03   -0.48    3.32    0.14   10.72   29.55  
A-T     0.00    0.00    0.00    0.00    0.00    0.00   -0.05   -0.42    3.34    0.34    7.84   30.60  
T-A     0.00    0.00    0.00    0.00    0.00    0.00   -0.06   -0.05    3.37    0.31    3.03   33.23  
G-C     0.00    0.00    0.00    0.00    0.00    0.00   -0.04    0.49    3.40    0.06   -2.01   36.49  
C-G     0.00    0.00    0.00    0.00    0.00    0.00   -0.03    1.00    3.40   -0.31   -5.46   39.19  
C-G     0.00    0.00    0.00    0.00    0.00    0.00   -0.02    1.29    3.40   -0.66   -6.04   40.30  
T-A     0.00    0.00    0.00    0.00    0.00    0.00   -0.02    1.25    3.38   -0.86   -3.47   39.39  
T-A     0.00    0.00    0.00    0.00    0.00    0.00   -0.04    0.92    3.37   -0.86    1.43   36.75  
T-A     0.00    0.00    0.00    0.00    0.00    0.00   -0.06    0.43    3.35   -0.68    6.99   33.30  
T-A     0.00    0.00    0.00    0.00    0.00    0.00   -0.08   -0.04    3.33   -0.40   11.30   30.26  
G-C     0.00    0.00    0.00    0.00    0.00    0.00   -0.07   -0.30    3.31   -0.13   12.88   28.67  
A-T     0.00    0.00    0.00    0.00    0.00    0.00   -0.05   -0.29    3.30    0.08   11.21   29.06  
T-A     0.00    0.00    0.00    0.00    0.00    0.00    0.00   -0.02    3.29    0.17    6.88   31.21  
G-C     0.00    0.00    0.00    0.00    0.00    0.00    0.05    0.36    3.29    0.16    1.41   34.29  
G-C     0.00    0.00    0.00    0.00    0.00    0.00    0.09    0.69    3.31    0.05   -3.29   37.19  
A-T     0.00    0.00    0.00    0.00    0.00    0.00    0.10    0.84    3.34   -0.15   -5.63   38.90  
G-C     0.00    0.00    0.00    0.00    0.00    0.00    0.07    0.74    3.37   -0.41   -4.89   38.91  
C-G     0.00    0.00    0.00    0.00    0.00    0.00    0.01    0.45    3.39   -0.69   -1.43   37.37  
A-T     0.00    0.00    0.00    0.00    0.00    0.00   -0.07    0.09    3.39   -0.92    3.40   34.99  
G-C     0.00    0.00    0.00    0.00    0.00    0.00   -0.13   -0.20    3.37   -1.01    7.80   32.74  
T-A     0.00    0.00    0.00    0.00    0.00    0.00   -0.16   -0.30    3.33   -0.88   10.16   31.49  
T-A     0.00    0.00    0.00    0.00    0.00    0.00   -0.15   -0.18    3.27   -0.53    9.66   31.69  
T-A     0.00    0.00    0.00    0.00    0.00    0.00   -0.10    0.08    3.23   -0.03    6.53   33.19  
C-G     0.00    0.00    0.00    0.00    0.00    0.00   -0.03    0.39    3.21    0.47    1.98   35.37  
C-G     0.00    0.00    0.00    0.00    0.00    0.00    0.03    0.62    3.22    0.79   -2.30   37.34  
A-T     0.00    0.00    0.00    0.00    0.00    0.00    0.06    0.68    3.25    0.80   -4.72   38.36  
A-T     0.00    0.00    0.00    0.00    0.00    0.00    0.07    0.54    3.29    0.46   -4.41   38.04  
A-T     0.00    0.00    0.00    0.00    0.00    0.00    0.06    0.26    3.32   -0.10   -1.53   36.53  
T-A     0.00    0.00    0.00    0.00    0.00    0.00    0.04   -0.06    3.33   -0.66    2.82   34.42  
A-T     0.00    0.00    0.00    0.00    0.00    0.00    0.04   -0.33    3.33   -1.00    6.98   32.50  
C-G     0.00    0.00    0.00    0.00    0.00    0.00    0.04   -0.47    3.31   -0.96    9.39   31.50  
A-T     0.00    0.00    0.00    0.00    0.00    0.00    0.04   -0.44    3.28   -0.55    9.13   31.77  
C-G     0.00    0.00    0.00    0.00    0.00    0.00    0.03   -0.25    3.27    0.06    6.30   33.23  
T-A     0.00    0.00    0.00    0.00    0.00    0.00   -0.01    0.03    3.28    0.60    1.95   35.33  
T-A     0.00    0.00    0.00    0.00    0.00    0.00   -0.07    0.34    3.29    0.83   -2.33   37.30  
T-A     0.00    0.00    0.00    0.00    0.00    0.00   -0.14    0.59    3.31    0.66   -4.96   38.44  
T-A     0.00    0.00    0.00    0.00    0.00    0.00   -0.19    0.73    3.31    0.14   -4.94   38.30  
G-C     0.00    0.00    0.00    0.00    0.00    0.00   -0.17    0.71    3.29   -0.49   -2.25   36.88  
G-C     0.00    0.00    0.00    0.00    0.00    0.00   -0.09    0.53    3.27   -0.98    2.19   34.61  
T-A     0.00    0.00    0.00    0.00    0.00    0.00    0.03    0.22    3.24   -1.15    6.87   32.19  
A-T     0.00    0.00    0.00    0.00    0.00    0.00    0.17   -0.14    3.24   -0.95   10.19   30.37  
G-C     0.00    0.00    0.00    0.00    0.00    0.00    0.26   -0.46    3.26   -0.52   11.06   29.68  
T-A     0.00    0.00    0.00    0.00    0.00    0.00    0.27   -0.66    3.30   -0.10    9.25   30.29  
A-T     0.00    0.00    0.00    0.00    0.00    0.00    0.19   -0.66    3.35    0.11    5.43   31.97  
T-A     0.00    0.00    0.00    0.00    0.00    0.00    0.04   -0.45    3.38    0.01    0.92   34.16  
C-G     0.00    0.00    0.00    0.00    0.00    0.00   -0.13   -0.09    3.38   -0.31   -2.78   36.15  
T-A     0.00    0.00    0.00    0.00    0.00    0.00   -0.25    0.32    3.35   -0.67   -4.53   37.35  
G-C     0.00    0.00    0.00    0.00    0.00    0.00   -0.28    0.66    3.30   -0.88   -3.86   37.44  
C-G     0.00    0.00    0.00    0.00    0.00    0.00   -0.21    0.81    3.24   -0.82   -1.13   36.47  
A-T     0.00    0.00    0.00    0.00    0.00    0.00   -0.07    0.72    3.21   -0.56    2.68   34.81  
G-C     0.00    0.00    0.00    0.00    0.00    0.00    0.08    0.43    3.21   -0.25    6.26   33.03  
G-C     0.00    0.00    0.00    0.00    0.00    0.00    0.18    0.02    3.24   -0.11    8.51   31.73  
T-A     0.00    0.00    0.00    0.00    0.00    0.00    0.21   -0.37    3.29   -0.24    8.75   31.28  
G-C     0.00    0.00    0.00    0.00    0.00    0.00    0.15   -0.62    3.33   -0.62    7.03   31.80  
G-C     0.00    0.00    0.00    0.00    0.00    0.00    0.05   -0.67    3.35   -1.05    3.95   33.07  
A-T     0.00    0.00    0.00    0.00    0.00    0.00   -0.04   -0.53    3.34   -1.28    0.51   34.67  
T-A     0.00    0.00    0.00    0.00    0.00    0.00   -0.08   -0.28    3.31   -1.13   -2.25   36.08  
A-T     0.00    0.00    0.00    0.00    0.00    0.00   -0.06   -0.03    3.26   -0.57   -3.56   36.90  
T-A     0.00    0.00    0.00    0.00    0.00    0.00    0.02    0.14    3.23    0.20   -3.13   36.95  
T-A     0.00    0.00    0.00    0.00    0.00    0.00    0.09    0.17    3.22    0.87   -1.23   36.28  
G-C     0.00    0.00    0.00    0.00    0.00    0.00    0.13    0.09    3.23    1.17    1.47   35.22  
A-T     0.00    0.00    0.00    0.00    0.00    0.00    0.10   -0.03    3.26    0.95    4.06   34.18  
T-A     0.00    0.00    0.00    0.00    0.00    0.00    0.02   -0.12    3.29    0.31    5.72   33.55  
