 146 base-pairs
   0  ***local base-pair & step parameters***
       Shear  Stretch  Stagger Buckle Prop-Tw Opening   Shift  Slide    Rise    Tilt    Roll   Twist
A-T    -0.17    0.18   -0.31  -16.91    7.02   -2.42    0.00    0.00    0.00    0.00    0.00    0.00
T-A    -0.03    0.11   -0.00   -2.13   -2.92   -0.31   -0.79   -0.43    3.22   -1.60   -4.99   34.31
C-G     0.13    0.42   -0.22   -3.50   -2.53    2.25    0.84   -0.03    3.19    3.21    7.44   36.83
A-T    -0.15    0.10    0.05    2.76  -12.88    7.95   -0.32    0.47    3.41    0.34    2.44   31.10
A-T     0.20    0.68    0.05    1.12  -12.06    4.44   -0.55    0.18    3.20   -3.22    1.99   39.60
T-A     0.16    0.36   -0.36    6.72  -10.00    7.91    0.56   -1.14    3.23    4.99    0.96   26.55
A-T     1.05    0.74   -0.00    6.38  -13.55    9.67    0.18    0.41    3.44   -0.96   -5.86   44.24
T-A     0.72    0.44   -0.32    2.04  -12.73    7.96    0.05   -0.84    3.32    2.30    2.21   32.79
C-G    -1.62    0.40   -0.17   -1.02  -10.94    5.89    0.43    0.27    3.27   -0.31   -5.89   29.77
C-G    -0.50    0.06   -0.73    6.97   -1.15   -6.80   -0.12   -0.13    3.26    4.35    8.83   33.95
A-T     0.73    0.36   -0.22   -2.29   -3.94  -23.53   -1.05    0.24    3.79   -3.19   11.65   35.98
C-G    -0.79    0.69   -0.86   10.88  -12.18  -13.94    0.24   -0.94    2.98    2.69   -0.21   26.06
C-G     0.62    0.31    0.35   -9.57  -20.20    5.82    1.40   -0.36    3.92   -0.08   18.26   38.91
T-A     0.78    0.11   -0.27   -4.02  -28.58   13.39   -0.12    0.84    3.13    9.82   12.15   28.30
G-C    -1.14    0.62    0.15   -5.28   -9.58   11.88    0.29    2.75    3.19   -1.62   -3.77   40.76
C-G     0.69   -0.39    1.11    6.82  -20.14   -7.62   -0.91    0.61    3.13   -3.55    0.08   38.29
A-T    -0.26    0.15    1.08   15.47   -7.91   -6.45    1.05    1.99    3.08    7.20  -20.76   40.41
G-C    -0.74    0.79    0.61    2.26   -1.16   12.50    1.73   -0.43    3.77   -0.66    8.43   30.87
A-T    -0.45    0.13    0.37    4.47  -11.05    5.35   -0.76   -0.39    3.54   -2.44   -7.78   39.03
T-A    -0.42    0.33   -0.34    5.72  -25.75    0.72   -0.62   -0.43    3.17    5.24   -5.65   36.91
T-A    -0.20    0.50   -0.64   -1.69  -25.64   -0.39    0.04   -0.58    3.26    3.23   -0.95   36.63
C-G     0.37    0.27   -0.97    1.51  -23.46   -8.58   -0.21   -0.21    3.18    5.30   -0.04   42.22
T-A    -0.49    0.30   -0.02  -19.70  -23.00   -7.24    0.23   -0.37    3.94   -1.55   19.05   26.61
A-T     0.24   -0.03   -0.11   -2.77  -14.08   -6.53    0.30    0.85    3.24    1.17    5.28   37.31
C-G    -0.44    0.12    0.52    7.19   -7.20    2.59    0.31    0.22    2.93   -3.19   -1.33   35.28
C-G    -0.76    0.74    0.82    3.75  -14.54    8.86    0.11    0.01    3.30   -1.85   10.97   36.91
A-T    -0.05    0.45   -0.57  -13.72  -34.71   -3.02   -0.79    2.82    3.97    5.76  -20.16   49.90
A-T     0.12    0.21    0.07   -5.05   -5.08    4.98    0.80    0.46    3.19   -9.47   -0.10   32.90
A-T     0.91    0.40    0.55    4.89   -6.39    0.62   -0.81    0.16    3.18   -8.17   -4.44   40.38
A-T    -0.10    0.87    0.34   16.77   -5.38   18.31    0.94    0.18    3.12    4.07   -2.77   31.92
G-C    -0.63    0.33   -0.16   -2.57   -0.83   -2.81   -2.59    0.55    3.57   -6.31   18.30   33.56
T-A    -0.89    0.20   -0.39   13.81  -21.94  -20.56   -0.85   -1.50    3.20    7.62   -3.82   28.47
G-C     0.72    0.08    0.14   -3.89  -19.20  -12.70    0.94   -0.46    3.77    1.23   12.04   38.95
T-A    -0.93   -0.08    0.45  -12.04  -14.77   -6.47    1.06    0.50    3.78    0.50   13.84   22.18
A-T     0.18    0.01   -0.08   -0.29   -9.27   -5.63    0.28    0.18    3.35    0.24    4.75   42.08
T-A    -0.16    0.08   -0.15    3.45   -2.20    0.85    1.02   -0.28    3.08    2.57   -6.97   36.28
T-A    -0.19   -0.04    0.44   -0.33   -5.61    0.80    0.07   -0.85    3.38   -2.52    6.98   27.60
T-A    -0.94    0.13    0.67   -6.20  -29.73   -5.31   -0.59    1.32    3.44   -1.16  -15.85   41.65
G-C     1.08   -0.12    0.15   12.76   11.58   -3.71    1.32    1.44    3.12    5.31   -8.11   41.93
G-C    -0.81    0.16    0.09    9.24  -22.02    0.04   -0.67    0.21    3.63   -0.81    5.58   27.92
A-T    -0.02    0.22   -0.67   -1.95  -17.33   -1.07   -0.14    0.08    3.56    3.64   11.11   38.16
A-T    -0.63    0.29   -0.50  -20.68  -11.17   -5.39   -0.22   -0.35    3.74   -5.78   21.30   28.18
A-T     0.62    0.72    0.77    2.86  -10.30    0.92   -0.42    0.21    2.73  -10.22   -5.07   38.79
C-G    -0.09    0.31    0.30   10.50  -10.44    4.68    0.86   -1.32    3.20    6.51   -1.71   27.11
T-A    -1.37   -0.14    0.26    0.91  -25.06   -1.64   -0.07   -0.31    3.48    4.10   11.51   30.76
G-C    -0.51    0.02    0.41    2.42   -8.64    9.22    1.41    1.56    3.18    3.06    1.24   43.48
C-G    -0.83    0.52    0.98   -9.74  -24.14    0.85   -1.68    0.82    3.57   -9.78   -1.51   35.39
T-A     0.69    0.20   -0.16  -14.79  -13.37    1.63    0.26    1.08    3.51    4.50    0.17   46.68
C-G     0.05    0.38   -0.30   -2.98  -20.96    3.07   -0.99    0.24    3.11   -7.17  -10.76   31.04
C-G    -0.56    0.10   -0.67   -5.20    6.47   -7.37   -0.19   -0.07    3.53    2.36    0.15   34.28
A-T    -0.15    0.24   -0.45   -6.27   -3.59    3.82    0.37    0.35    3.28   -1.78   16.69   33.78
T-A     0.20    0.16   -0.38   -5.47   -5.95   -3.83   -0.82   -1.27    3.36   -2.10    6.49   27.58
C-G    -0.49    0.41   -0.23    6.16   -2.65   10.57    1.36   -0.14    2.99   -1.22    4.48   30.30
A-T    -0.61   -0.47   -0.42   -0.24   -8.68    2.15   -0.46   -0.13    3.60    3.67   20.70   24.55
A-T    -0.07    0.24   -0.12    4.41  -19.05    2.75   -0.03    1.02    3.22   -1.51    6.44   35.09
A-T    -0.18    0.64    0.44    4.00  -18.91   -5.53   -1.00    0.11    3.14   -5.31    5.38   36.42
A-T    -0.16    0.08    1.40   26.97  -17.08   -8.60    0.88    0.18    2.84    1.76  -18.91   35.31
G-C     0.66   -0.03    0.09    0.44  -33.28   -0.44    0.49    0.97    4.48   11.41   -7.20   43.56
G-C    -1.33    0.02   -0.87  -26.97  -20.44    7.60    1.30    1.01    3.85    7.43    3.26   31.72
C-G    -0.33    0.32   -0.08    2.14   -9.26    4.26   -0.85    0.35    2.73  -11.15   -2.93   36.56
A-T     0.89   -0.13   -0.68   -6.05  -13.36    2.72   -0.48    0.34    3.67    4.18    6.02   40.34
T-A    -0.62    0.00   -0.43    5.55  -11.32   -4.14    0.06   -0.54    2.93   -4.03    5.21   26.31
G-C     0.40    0.10    0.00   -8.35   -9.45    3.62    0.64    0.63    3.75   -0.70   10.66   40.57
T-A    -0.23    0.02   -0.27   -2.70  -17.18    2.76   -0.79   -0.32    3.21    2.69    8.89   27.99
T-A     0.10    0.12   -0.14    0.66   -9.93    5.38    0.32    0.26    3.30   -0.65    3.28   31.82
C-G    -0.27    0.01   -0.35   14.17  -15.26    0.47    0.71    0.49    2.92    5.07    7.89   33.63
A-T    -0.14    0.16    0.49    4.65  -34.81   -2.99   -0.96    1.59    3.62   -4.19   -1.91   43.89
G-C     0.24   -0.26    0.17    5.72    0.52   -0.46    1.18    1.31    3.34    0.75   -8.46   38.94
C-G    -0.79    0.31    0.41    3.03  -22.43    1.85   -0.75    0.54    3.54   -0.98   -4.93   32.17
G-C    -0.69    0.28    0.53    4.89    3.67    6.53    1.01    1.52    3.44   -0.11   -5.79   43.03
G-C     0.56    0.31    0.08    4.81   -8.55    4.91    0.02    0.44    3.41    3.28    9.11   32.78
A-T     0.06    0.43   -0.03   -4.82   -7.16    3.41   -0.74   -0.00    3.43   -2.99    6.69   34.71
A-T     0.72    0.31    0.19    1.93  -12.49    1.34   -0.14   -0.34    3.19   -1.24    3.22   34.49
T-A     0.15    0.38   -0.04    1.38  -11.42   -0.18   -0.11   -0.69    3.26    2.22    7.60   29.29
T-A    -0.08    0.17    0.36   -8.16  -10.25    3.18    0.74   -0.06    3.45    0.81    5.77   35.00
C-G     0.23   -0.02    0.34    0.16   -5.00    0.61   -0.42    0.34    3.23    0.04    8.63   30.65
C-G    -0.67   -0.05    0.41    5.42  -16.64   -5.77   -0.65    0.90    3.35   -1.78   -9.90   34.85
G-C     0.47   -0.20   -0.17   -4.53   -6.79    2.82    1.33    1.26    3.64    8.97    0.52   43.91
C-G     0.19    0.04    0.22   -3.34  -26.28    3.26   -1.14    1.38    3.37   -3.48   -5.36   35.77
T-A    -0.49   -0.15    0.17   -5.35   -8.72   -0.75    1.01    1.45    3.43    1.12   -7.58   39.94
G-C    -0.71    0.02   -0.49    0.30   -7.01    4.19   -0.51    0.90    3.21    1.04    9.75   35.18
A-T     0.05    0.17    0.03    4.74  -14.86   -0.36   -0.41    0.23    3.23   -2.83    6.22   34.92
A-T     0.34    0.17   -0.09    2.18   -8.43    4.01    0.45    0.08    3.36   -0.42    9.42   34.39
C-G     0.02    0.09    0.24   -1.59   -6.69    4.14    0.09   -0.58    3.51   -1.75    4.98   30.18
A-T     0.66    0.24    0.44   -4.02  -10.15    3.66   -0.29    0.43    3.43   -0.55    6.62   36.80
T-A    -0.84    0.13   -0.04    0.84  -10.09    1.01   -0.07   -0.73    3.15    4.56    3.98   24.87
G-C    -0.03   -0.17   -0.29    0.04    6.35    3.97    0.94    0.66    3.51    1.50    5.36   38.69
C-G     0.04    0.19    0.35    9.82  -36.57   -1.06   -1.40    0.73    3.23   -2.44  -15.03   40.03
C-G     0.05   -0.13    1.07  -18.11   -1.84   -2.21    0.75    1.39    4.34   -3.36   -7.95   42.57
T-A    -0.62   -0.15    0.23   -9.47  -22.33   -2.02   -0.42    1.06    3.20    6.25  -10.55   37.81
T-A    -0.28    0.17   -0.08   -1.56  -19.79    5.27    0.49    0.20    3.11   -0.85    5.38   33.85
T-A    -0.48    0.43   -0.10   -3.22   -7.62    7.38    0.38    0.22    3.28    2.63   10.00   31.39
T-A    -0.52   -0.10   -0.67   -1.60  -21.26   -8.83   -0.45   -0.37    3.31    2.89   19.19   27.33
G-C     0.70    0.16   -0.29  -16.12   -4.38   -0.72    1.02   -0.14    4.09   -2.92   14.50   32.19
A-T     0.17    0.06   -0.15   -9.06   -3.05   -4.67   -0.73   -0.02    3.01   -3.70    4.42   29.77
T-A    -0.62    0.34    0.84   -5.80    0.05    2.69    0.22   -1.09    3.42   -3.75    0.90   26.84
G-C    -0.32    0.22    0.19    8.00   -8.07    0.56    0.19    0.15    2.94    5.62    3.36   37.88
G-C     0.67   -0.12   -0.59    8.11    2.73    3.38    0.95    0.40    3.47    9.35    0.51   39.04
A-T     1.13    0.47    0.44    6.52  -23.59   -1.81   -0.88    1.13    3.33   -7.89   -8.71   40.43
G-C    -0.11    0.15    0.40    9.12   -5.54   -0.77    1.36    0.19    3.13    4.62   -3.59   31.48
C-G     0.35    0.21    0.92    6.21  -21.36    1.89   -0.57    0.01    3.45   -5.06    1.99   34.94
A-T    -1.04    0.24   -0.23   -9.52   -9.97   10.78    0.82    0.91    3.66    5.29    1.13   34.53
G-C     1.16    0.34   -0.29  -15.84   -3.29   -5.70   -1.74   -0.05    3.56   -7.57    7.88   43.27
T-A     0.15    0.23   -0.46   -5.82  -10.76   -6.03   -0.28   -1.07    3.22    4.19    2.60   27.26
T-A     0.97    0.93    0.07   -7.03    0.10    9.52    0.91   -0.44    3.27   -1.33    3.34   32.90
T-A    -0.55    0.11    0.14   -9.31  -11.76    0.66    0.42   -0.26    3.13    4.06   10.38   30.36
C-G     0.29    0.40    1.07  -19.78    9.46   11.18    1.64    0.76    3.98   -3.10    3.64   40.29
C-G     0.55    0.01    0.06   14.26  -17.11   -2.98   -1.72    0.80    2.50    9.39   -6.24   34.13
A-T    -0.49    0.24    0.54    3.53   -8.94   -0.42    0.52    1.95    3.56   -0.13  -13.96   42.68
A-T     0.70    0.16    0.22   -1.24   -9.57   -1.02    0.02   -0.47    3.38    1.74    6.36   35.91
A-T     0.86    0.14    0.72    2.52   -0.34    0.54   -0.58   -0.33    3.17   -9.09   -5.09   35.83
T-A    -0.53    0.43   -0.43    5.68  -11.30   -9.58   -1.10   -0.56    3.52    7.40   -0.55   30.43
A-T    -0.34    0.14    1.01   19.60  -15.46   -5.28    0.88   -0.45    2.86   -6.01    4.42   31.15
C-G    -1.16    0.43   -0.70   16.97  -27.58  -12.08   -0.04   -0.44    3.34    9.65    7.37   25.98
A-T     0.36   -0.00   -0.48  -14.06  -16.54  -18.45   -0.04    0.26    4.24   -4.10   23.28   42.06
C-G     0.42    0.09    0.11   -3.32    3.89   -2.51    1.08   -0.42    3.35   -4.69   -5.32   33.46
T-A    -0.08    0.37   -0.28   -6.10  -11.70    6.44    0.89   -0.08    3.36   11.35   11.76   34.91
T-A     0.14   -0.19    0.15    2.13   -0.12    2.72    0.25    0.47    3.35   -4.27   -1.62   37.11
T-A    -0.07   -0.12    0.88  -16.91   -9.27    0.76   -0.51   -0.29    3.91   -2.96    8.05   29.86
T-A     0.09    0.80    0.10  -13.54  -26.68   10.34   -0.45    1.73    3.28    5.15  -23.55   46.46
G-C     0.17    0.89   -0.02  -19.35   -4.69   12.55    0.45    1.62    3.44   -0.44   -1.59   36.44
G-C    -1.12   -0.29   -0.13   -5.53   -7.46   -2.70   -0.45    0.32    2.76    1.63    6.89   26.48
T-A    -0.32    0.46   -0.92    5.35   -9.37   11.96    1.44    0.28    3.12    7.36   10.84   33.44
A-T     1.13   -0.44   -1.03   -9.05    0.83    4.47   -0.14    1.19    3.71    2.54   13.08   32.52
G-C     1.66    0.01   -1.09   -5.67  -11.25   -3.03   -0.96    0.13    3.00   -0.11   11.48   31.52
A-T    -1.35    0.05   -1.74   -3.15  -22.33  -24.00   -0.29   -0.46    2.58    4.89   19.99   16.36
A-T    -0.29    0.37   -1.15   -1.73  -20.31   -8.55    1.11   -0.86    2.96   -6.45   -0.05   36.00
T-A    -0.78   -0.02   -0.52    2.15  -16.25    4.00    0.97   -0.79    2.64   -4.96   -3.06   34.81
C-G    -0.06    0.49    0.10  -11.69   -1.95    5.50    0.81   -0.65    3.45   -4.16    3.58   40.09
T-A     0.52    0.37    0.60   -9.58    0.71    2.07   -0.95   -0.22    3.28   -3.98    6.12   33.28
G-C    -0.50    0.08    0.00  -19.23  -34.23    1.51   -1.11    2.91    3.34    2.34  -10.42   45.46
C-G     0.86    0.13    0.41   -1.53   -5.05    0.06   -0.35    0.96    3.18  -14.60   -1.00   32.35
A-T    -0.27    0.10   -0.32    3.60  -10.52    7.04    0.30    2.41    3.26    3.91  -11.91   43.60
G-C     0.22    0.01   -0.10   11.18  -19.24    6.94    0.18    0.71    3.12   -2.01   11.67   29.15
G-C     0.23    0.07   -0.65   -5.66  -16.18   -3.41   -0.51   -0.11    3.68    0.19   17.98   32.72
T-A    -0.41    0.10   -0.53   -0.90   -2.50   -2.81   -0.54   -0.87    3.11   -3.14    6.45   27.78
G-C    -0.31   -0.12   -0.82   -6.48   -3.58    2.46    0.21    0.32    3.68    2.54   13.40   34.98
G-C    -0.15    0.19   -0.54   -5.32  -11.12    7.48    0.53    0.40    3.44   -0.63    5.96   27.26
A-T     0.17    0.08   -0.31   -3.74   -9.02   -0.46   -0.60   -0.25    3.09   -5.65    4.56   38.54
T-A    -0.05    0.23    0.30    5.56   -2.49   -2.03   -0.15   -0.80    3.15   -4.08   -2.97   31.12
A-T     0.20   -0.24    0.23   -1.70   -2.21    0.59    0.03   -0.29    3.46   -0.60   -8.79   41.21
T-A    -0.10    0.12    0.30    0.05  -12.18    2.83   -0.44   -0.86    3.28    0.45   -2.89   31.56
T-A    -0.25    0.07   -0.31   -4.72  -14.80    4.97    0.85    0.24    3.31    7.88    3.25   35.65
G-C     0.74    0.27   -0.94   -6.31    1.80   -8.82   -0.32    0.01    3.63    3.47    6.37   31.16
A-T     0.92   -0.28   -0.34    6.14   -4.03   -3.91    0.14   -0.01    2.99   -6.75    3.59   39.95
T-A     0.64   -0.21   -0.87   18.13   -2.32    0.62    0.86   -0.55    3.17    6.88    5.11   32.29
