 146 base-pairs
   0  ***local base-pair & step parameters***
       Shear  Stretch  Stagger Buckle Prop-Tw Opening   Shift  Slide    Rise    Tilt    Roll   Twist
A-T    -0.22   -0.14   -0.08  -10.28   -2.48   -6.32    0.00    0.00    0.00    0.00    0.00    0.00
T-A    -0.93   -0.19   -0.00   -4.11   -7.38   -5.87   -0.93   -0.73    3.21   -2.58   -0.13   30.67
C-G    -0.50    0.26   -0.22   -5.02   -5.69   -4.05    0.71   -0.01    3.28    3.47    5.62   38.77
A-T    -0.18   -0.04   -0.24    2.44  -15.05    9.77   -0.08    0.52    3.27   -0.26    4.26   33.25
A-T    -0.08    0.33    0.03    2.13  -11.16    3.64   -0.53    0.32    3.23   -5.00    2.22   38.86
T-A     0.08   -0.48   -0.36   11.19  -13.23   -1.92    0.24   -0.53    3.03    4.00   -0.98   31.62
A-T     1.03    0.09    0.09    5.14  -13.40   -2.70    0.02   -0.24    3.54   -1.20   -0.71   42.31
T-A     0.29    0.03   -0.28    6.76  -11.34   -6.76   -0.24   -0.84    3.32    0.00   -6.22   33.06
C-G    -1.29   -0.02   -0.32    0.70   -8.69   -0.52    0.93    0.04    3.30    3.54    2.03   30.21
C-G    -0.62    0.27   -0.68    5.92  -11.39   -1.34    0.29    0.19    3.08    5.09   12.03   29.86
A-T     1.12    0.21    0.39    4.94   -3.61  -12.12   -1.22    0.49    3.52  -12.53    4.50   37.84
C-G    -0.09    0.40   -0.22    5.50   -5.64   -8.22    0.12   -1.06    3.26    3.42    2.68   27.11
C-G     0.63    0.14    0.47  -12.51  -18.53    7.29    1.05   -0.39    3.75    2.83   13.00   41.39
T-A     0.25   -0.36   -0.16   -0.12  -15.61    3.60   -0.38    0.38    3.10    6.61    7.97   24.62
G-C    -1.41    0.07   -0.03  -11.11  -16.71   -2.56    0.28    2.12    3.60    3.46   -0.52   39.35
C-G     0.77   -0.63    1.11    3.64   -2.41   -3.13    0.01    0.44    3.15   -6.55    1.46   38.29
A-T    -0.63    0.05    1.32   16.73    5.46    0.95    1.28    1.90    3.31    2.83  -27.59   37.17
G-C    -0.40    0.39    0.63   12.65   -4.16    8.47    0.85   -0.32    3.37    3.22    7.27   33.26
A-T    -0.40    0.14   -0.41   10.89  -10.68    7.08   -0.38   -0.46    3.46    4.00   -5.74   37.17
T-A    -0.46    0.28   -0.74   13.14  -26.75    2.80   -0.37   -0.18    3.12    2.02   -5.13   37.60
T-A     0.39   -0.37   -1.02    1.08  -15.26   -1.45   -0.31   -0.57    3.60   -0.44    0.74   42.02
C-G     0.77    0.47   -0.40  -17.83  -26.54    2.66    0.20   -0.06    3.79    1.18    5.96   41.02
T-A     0.07    0.13    0.16  -16.76  -12.24    0.59   -0.24   -0.51    3.29   -3.30    9.19   28.84
A-T    -0.28    0.34   -0.24   -0.42  -15.87  -22.89   -1.09    0.88    3.04    2.98    2.06   33.30
C-G    -0.62    0.14    0.45    2.23  -12.80   -2.40    0.52   -0.50    3.43    1.06    2.85   35.10
C-G    -0.32    0.47    0.52    2.74   -8.62    5.48    0.39    0.04    3.40   -1.54    5.56   37.69
A-T     0.12    0.16   -0.65   -9.42  -28.66   -5.29   -0.62    2.65    3.58    4.07  -13.01   51.17
A-T     0.84    0.25   -0.11   -3.40   -5.86    2.08    0.48    0.12    3.16   -8.27    2.39   32.44
A-T     0.59    0.20    0.70    3.53   -8.80   -1.86   -0.79    0.16    3.24  -12.72   -9.48   37.85
A-T    -0.65    0.66    0.12    7.94   -5.86   12.35    1.12   -0.13    3.28    6.13   -1.51   33.64
G-C     0.73   -0.30    1.33  -17.81   26.54   -1.82   -2.11    0.18    3.90  -17.24   17.55   40.43
T-A    -0.89    0.33    1.68   -9.88   -1.82   -4.70   -0.61   -2.21    3.31    5.23   -4.05   26.35
G-C     1.11    0.30    0.16    2.17  -10.62  -10.92    0.12    0.32    3.03   11.69   -3.00   40.18
T-A    -0.72    0.49    0.34   -8.17  -23.24   -1.08    1.28    0.07    3.44    4.53   13.04   22.05
A-T     1.10    0.60   -0.34    7.72  -25.67    8.53    0.26    1.01    3.17    6.44    6.80   43.27
T-A     0.31   -0.04   -0.56    6.94  -27.67    2.13    0.52   -0.39    2.93    5.07    4.67   30.84
T-A     0.39   -0.31    0.09    1.73  -29.60    7.25   -0.05    0.17    3.48   -1.52    5.99   33.52
T-A    -0.35   -0.03    0.03   -9.39  -30.27   -1.71   -0.43    1.70    3.56   -2.74   -4.24   40.34
G-C    -0.02    0.00   -0.96   -8.51   -7.60    1.94    1.08    1.85    3.41    4.23    7.72   33.66
G-C    -0.21    0.36   -0.21    2.57  -19.91    3.20   -1.24    0.84    2.92  -11.76    7.40   32.90
A-T    -0.70    0.18   -0.24   -0.54  -35.32    0.13   -0.49    0.73    3.21   -0.06    8.47   32.07
A-T    -0.38    0.12   -0.12  -12.90  -10.69  -14.83   -0.50    0.25    3.73   -9.11   20.58   30.51
A-T     1.07    0.56    0.03    0.68  -14.14   -6.94    0.12    0.55    3.14   -2.56   -3.84   40.61
C-G     0.51    0.43   -0.27   -0.42   -8.51   13.44    2.00   -0.50    3.20    7.39   12.76   28.74
T-A    -0.59    0.01    0.78   -5.31  -13.86    9.60   -0.56    0.62    3.64   -6.55    9.88   25.80
G-C    -0.05   -0.24    0.04   -4.02   -3.34    4.63    0.36    1.50    3.33    5.84    0.24   43.75
C-G    -0.13   -0.09    0.56   -8.69  -24.32   -5.67   -1.80    0.95    3.38   -9.18   -4.20   36.34
T-A     0.80    0.25    0.24  -13.78   -9.21    5.41    1.08    0.83    3.39    4.24    3.43   42.49
C-G     0.40    0.28    0.27   -3.64  -21.22    5.50   -1.28    0.17    3.03   -8.73   -7.78   32.70
C-G    -0.79    0.58   -0.16   -7.80  -21.72   -0.22    0.10   -0.26    3.38    1.19   10.55   32.46
A-T     1.01    0.51   -0.19    0.84  -11.55    9.26    0.26    1.31    3.25   -4.47    7.57   38.40
T-A     1.27    0.14   -0.68   17.81  -15.74   -4.94   -1.09   -1.27    3.00   -0.24   10.21   21.59
C-G    -0.48    0.30    0.10   -0.86  -17.34    5.66    0.19    0.62    3.71   -2.34    9.27   31.00
A-T     0.39   -0.31   -0.57   -1.46  -14.07   -0.47   -0.56    0.46    3.39    4.69   15.86   34.45
A-T    -0.21    0.40    0.58    1.28  -32.74    2.02    0.31    0.80    3.13   -7.87    3.58   27.90
A-T    -0.42    0.46    0.17    3.01  -17.17   -8.99   -0.60   -0.15    3.22    2.21    7.93   34.17
A-T     0.20   -0.06    0.97   26.00   -8.68  -10.76    1.38   -0.28    2.80    1.19   -7.85   32.47
G-C     0.77    0.29    0.60    1.42  -37.13   -2.17   -0.22    0.69    4.26    3.71   -9.00   43.32
G-C    -0.61    0.05    0.06   -8.26    1.28    4.94    1.30    0.68    3.79    3.35  -14.96   32.68
C-G    -1.35    0.10    0.07    3.62   -1.23    3.42   -0.48   -0.21    3.10   -1.94    2.66   31.49
A-T     1.24   -0.11   -0.02   -0.91  -15.64    3.07   -0.17    0.44    3.49    2.76    3.86   46.28
T-A    -0.56   -0.20   -0.17   -0.15  -11.71   -4.76    0.03   -0.77    3.21   -1.20    5.97   26.73
G-C     0.58   -0.37   -0.05   -4.09   -8.40    2.56    0.57    0.39    3.43    0.69    8.55   39.41
T-A    -0.50   -0.13    0.29   -5.65   -8.42    1.20   -0.76   -0.49    3.40   -2.98    8.08   25.56
T-A     0.31   -0.05   -0.07   -0.80   -7.25    0.34    0.32   -0.06    3.23    2.99    2.80   35.43
C-G    -1.09   -0.15   -0.32    9.64   -8.67    1.51    0.73    0.39    3.01    5.44    7.21   27.44
A-T    -0.21    0.25    0.16   -0.96  -29.39   -0.33   -1.02    1.85    3.64   -2.79   -3.34   48.87
G-C     1.07   -0.42   -0.04   -2.19  -11.15   -4.10    0.88    1.39    3.28    1.88   -2.69   43.31
C-G    -0.46   -0.31    0.25    2.75  -23.60   -3.83   -0.97    0.70    3.25   -4.88   -4.84   30.21
G-C    -0.65   -0.06   -0.12   -6.49   -6.88    0.35    1.05    1.58    3.69    4.32    0.33   40.19
G-C    -0.50    0.02    0.07    2.22  -10.66    4.96    0.15    0.74    3.05   -4.72   12.26   29.31
A-T    -0.27    0.17   -0.29   -3.66  -10.35   -1.63   -1.28    0.49    3.41   -1.59    7.04   36.34
A-T     0.90   -0.07    0.01   -4.49  -15.04   -9.48   -0.71    0.11    3.41   -4.55    6.46   36.69
T-A     0.19    0.27    0.01    1.90  -15.30   -0.21    0.47   -0.54    3.08    3.17    8.09   25.62
T-A    -0.03    0.01    0.11   -3.08   -5.13    0.48    0.93    0.24    3.52    0.52    5.73   37.25
C-G     0.09    0.02   -0.15    8.36   -7.67    0.61   -0.05    0.58    3.11    5.44   10.26   27.47
C-G    -0.90   -0.14    0.12    8.62  -19.62   -4.12   -0.92    1.31    3.43   -1.89   -3.27   34.96
G-C     0.52   -0.08    0.36   -2.26   -2.14    5.05    1.54    1.53    3.61    1.29   -0.31   46.32
C-G     0.08   -0.07   -0.00    0.16  -27.21    3.38   -1.31    1.08    3.28    3.14   -5.61   33.95
T-A    -0.66   -0.17    0.07   -5.12   -8.21   -2.50    0.95    1.47    3.44    0.38   -4.18   39.92
G-C    -0.43   -0.02   -0.22   -4.99  -10.66    3.70   -0.51    0.82    3.36   -2.18    8.23   36.55
A-T     0.08   -0.02   -0.12    3.23  -12.74    1.22   -0.36    0.18    3.18   -1.50    6.96   34.74
A-T     0.97   -0.25   -0.19    3.07   -8.29   -0.33    0.26    0.09    3.39   -0.86    8.80   35.22
C-G    -0.69   -0.03   -0.19    0.33  -10.97    5.04    0.12   -0.56    3.35    0.84    7.31   25.61
A-T     0.48   -0.00   -0.06    0.55  -10.18    2.63   -0.35    0.72    3.39   -0.87    7.38   38.01
T-A    -0.78    0.06    0.32   15.37  -10.66   -2.09    0.16   -0.67    2.96   -1.48    0.83   25.66
G-C    -0.02   -0.44    0.11   -0.66    0.02   -2.88    0.89    0.48    3.84    4.63    7.54   39.92
C-G     0.11    0.09    0.67    7.35  -30.78    1.70   -0.95    0.93    3.35   -3.99  -16.49   40.21
C-G     0.23   -0.35    0.40   -8.62  -11.94   -3.72    0.48    1.22    3.98    2.85   -7.86   42.46
T-A    -0.46    0.02   -0.14    1.03  -24.69    0.31   -0.61    0.64    3.02    0.72   -2.48   32.83
T-A    -0.23    0.15   -0.18   -4.15  -26.19    3.48   -0.13    0.32    3.34   -1.19   13.01   33.36
T-A     0.18    0.20   -0.43   -1.26  -11.53   -1.12   -0.33    0.60    3.34   -1.95    6.30   32.29
T-A    -0.06   -0.36    0.08   -2.03   -6.74   -8.39    0.54    0.11    3.40   -1.60    9.43   32.13
G-C    -0.64    0.02   -0.56  -17.82  -18.61    1.40    1.30   -0.02    3.73    8.79   13.38   29.06
A-T    -0.48   -0.03   -0.57  -11.07   -9.43   -3.34   -0.33    0.04    3.15   -4.16   14.30   28.94
T-A     0.09    0.23   -0.15    1.72   -6.95    7.06    0.25   -0.22    3.20    2.12    6.08   28.16
G-C    -0.08    0.16    0.25    4.65  -13.13    2.51    0.05    0.67    3.17   -2.58    7.11   36.06
G-C     0.77   -0.15   -0.42    9.55   -3.08    5.32    1.07    0.39    3.35    8.56    1.64   37.37
A-T     0.70   -0.07    0.22    0.94  -22.63   -6.42   -1.59    1.25    3.44   -9.62   -3.57   39.58
G-C     0.19    0.00    0.30    3.45    2.32    6.92    1.72    0.48    3.27    4.35   -8.39   38.56
C-G     0.39   -0.18    0.06   10.66  -17.98   -1.34   -1.16    0.15    3.18   -2.25    4.23   27.82
A-T    -0.17   -0.06   -0.82   -5.26  -15.22    8.59    0.97    1.49    3.84    9.00    4.93   39.06
G-C     0.61    0.46    0.39   -9.13   -9.33   -0.89   -1.37    0.38    3.44  -14.32   12.26   34.17
T-A    -0.43    0.61   -0.63   -1.21  -16.10   -7.77   -0.92   -0.58    3.02    8.98    3.23   28.57
T-A     0.11    0.69   -0.38   -2.10   -6.08   -4.59    0.52   -0.38    3.48   -0.80    8.18   30.54
T-A    -0.35    0.33    0.36   -5.47  -17.49    0.38    1.13    0.25    3.30    0.53   13.35   34.54
C-G     0.23    0.31    0.24   -8.53    1.27    6.34    1.55    0.62    3.70    5.61    3.93   39.73
C-G     0.17    0.08    0.55    2.17  -10.55   -9.86   -1.74    0.88    3.28   -2.44   -1.45   32.26
A-T    -0.40   -0.11   -0.18   -1.86  -13.42   -4.52    0.67    1.42    3.35    9.60  -12.98   40.67
A-T    -0.17    0.04   -1.04  -11.08  -15.70    5.83    0.45    0.20    3.48    7.13   11.73   33.09
A-T     0.87    0.17    0.19   -0.92   -6.90   -2.93   -1.13    0.17    2.91  -14.71    2.11   38.46
T-A    -0.58    0.31    0.34    3.35   -3.18   -5.94   -0.48   -0.96    3.18   -2.94    3.05   28.68
A-T    -0.50    0.19    0.55   17.35  -13.00   -4.80    0.00    0.83    3.05    1.79   -0.39   35.09
C-G    -1.16    0.17   -0.05    5.38  -14.61   -7.13    0.04   -0.52    3.65    1.73   10.63   27.52
A-T     0.56   -0.29    0.32   -5.68  -13.36   -9.66    0.40    0.28    3.72   -2.01   13.11   40.19
C-G    -1.05    0.34    0.59  -27.53   -8.78    7.94    1.58   -0.32    3.98   -2.14   12.44   29.42
T-A     0.34    0.23   -0.17   -7.86  -22.30    6.01   -0.78    0.13    2.98    5.84    0.65   39.25
T-A    -0.27    0.03    0.26  -20.86  -14.17    1.28   -0.19    0.86    3.66   -4.37    6.37   34.64
T-A    -0.53   -0.23    0.96  -18.51  -13.26   -0.26   -0.63   -0.22    3.39   -6.49   -2.82   32.73
T-A     1.05    1.85   -0.12  -13.94  -25.59   13.04   -0.63    1.27    3.13    5.74  -19.58   47.06
G-C     0.44    0.97   -0.48  -28.11   -7.65    7.04    0.32    1.65    3.42    1.81    3.47   36.07
G-C    -1.02   -0.38    0.76    5.65   -6.12    1.49   -0.69    0.05    2.40  -11.02    3.75   19.75
T-A     0.74    0.11   -0.58   -4.13  -17.75   14.91    1.15    0.31    3.57   15.63    9.80   42.30
A-T    -0.13    0.46    0.33   -4.47    4.05   27.52    1.19    1.29    2.99   -6.12   12.46   25.85
G-C     0.57    0.15    0.10    0.07  -14.56    0.10   -2.38    0.99    3.01   -2.68   10.72   38.47
A-T    -0.37   -0.06   -0.17   -4.43  -23.45    1.44    0.70   -1.93    2.94    5.53   17.34   24.45
A-T     0.71    0.55   -0.09    4.15  -16.80   -5.58    0.39    0.02    3.03   -3.90    0.98   30.45
T-A    -1.01    0.75   -0.37   24.53  -20.00   -5.08    0.36    0.22    2.25    1.19   -8.98   28.58
C-G    -0.50    0.07    0.22   -5.50  -24.36    3.70    1.13   -0.53    3.63   -0.47    5.46   43.54
T-A     0.12    0.01    1.31  -17.01  -10.72   -3.84   -0.58    0.00    3.68   -8.66   11.86   33.46
G-C    -0.15   -0.08   -0.15  -18.43  -22.25   -0.77   -0.94    2.53    3.15    4.25  -10.43   47.57
C-G     0.27   -0.01    0.05   -2.51  -16.00   -0.98   -0.17    0.95    3.02   -7.40    3.61   27.55
A-T     0.14    0.09   -0.52   -9.78  -12.80    4.18   -0.30    2.60    3.55   -2.01   -7.30   46.58
G-C     0.45   -0.07   -0.12    5.62  -20.54    7.56    0.27    0.64    2.99   -3.61   13.00   27.24
G-C    -0.17   -0.01   -0.21   -5.92  -13.93   -0.96   -0.26   -0.26    3.46   -5.92   12.57   30.95
T-A    -0.32   -0.20   -0.76    1.47   -5.08   -3.52   -0.65   -0.72    3.13    3.10    6.89   27.89
G-C    -0.19   -0.19   -0.25   -4.34   -2.23   -2.47    0.10    0.05    3.63   -3.04   11.12   36.42
G-C     0.07   -0.04   -0.05   -0.06  -11.05    0.87    0.66    0.06    3.33   -0.51    6.26   30.16
A-T    -0.04    0.02   -0.27   -4.22   -9.84   -1.39   -0.57   -0.33    3.27   -0.12    0.89   36.71
T-A    -0.20   -0.04    0.02    5.12   -7.53    2.41    0.07   -0.73    3.20   -2.04    0.80   30.25
A-T     0.07   -0.34   -0.18   -9.60   -9.25    1.35   -0.28   -0.20    3.67    0.02   -3.62   43.40
T-A     0.00   -0.01    0.10   -1.16  -15.84    2.30   -0.51   -0.40    3.07   -3.07   -4.08   31.77
T-A     0.06   -0.09   -0.04   -7.03   -4.70   -0.22    0.72    0.08    3.42    3.21   -0.90   36.82
G-C     0.41    0.16   -0.54   -1.32   -2.81   -0.29    0.36    0.13    3.32    5.30    8.19   27.70
A-T     0.29   -0.19   -0.28    4.41   -6.16    1.35   -0.07   -0.03    3.17   -4.05    2.23   39.32
T-A     0.50   -0.28   -0.54   11.94   -3.69    1.38    0.59   -0.75    3.14    1.42    7.40   34.14
