 146 base-pairs
   0  ***local base-pair & step parameters***
       Shear  Stretch  Stagger Buckle Prop-Tw Opening   Shift  Slide    Rise    Tilt    Roll   Twist
A-T    -0.55   -0.23    0.02  -13.21    1.77   -1.45    0.00    0.00    0.00    0.00    0.00    0.00
T-A    -0.28    0.27    0.00   -4.46   -3.08   -3.51   -0.97   -0.53    3.18   -0.36   -0.72   33.61
C-G     0.62    0.08   -0.30   -4.06   -6.46    6.06    0.97    0.13    3.27    3.78    4.05   40.32
A-T     0.26   -0.09    0.16    8.93   -3.96    0.04   -0.72    0.72    3.08   -4.95    1.99   33.16
A-T     0.61    0.33    0.01   -2.36   -6.46   -0.02   -0.31   -0.20    3.59   -0.21    5.59   37.02
T-A     0.11   -0.41    0.45    8.29   -5.74   -3.28    0.17   -0.91    3.06   -4.26   -3.53   30.68
A-T     0.41   -0.30   -0.11    5.91  -10.97   -3.79   -0.10   -0.24    3.32    4.32   -6.72   38.45
T-A     0.68   -0.06   -0.12    2.37   -6.65   -1.82   -0.02   -1.07    3.43   -2.94   -1.62   36.38
C-G    -1.23    0.59   -0.15  -10.10   -7.44    7.21    0.62   -0.03    3.39    1.50   -0.88   33.64
C-G     0.18   -0.35   -0.65    8.29    1.10   -4.49   -0.17    0.41    2.95    2.92    4.61   33.31
A-T     0.55    0.50   -0.05    2.73   -0.80  -16.45   -1.22    0.48    3.57   -5.45    9.10   31.23
C-G    -0.28    0.54   -0.34    4.26   -1.15   -9.83    0.09   -1.13    3.31   -1.47    0.46   28.64
C-G    -0.67    0.38    0.19  -10.82   -6.89    5.48    1.40   -0.64    3.60    1.45   15.64   32.24
T-A     0.02    0.03    0.50   -5.59   -7.13   -4.31   -1.06    0.79    3.42   -0.51   -2.78   35.48
G-C    -1.50   -0.33    0.31   -7.64   -6.16   -5.45    0.31    0.97    3.29    7.22   -0.22   39.43
C-G     0.32   -0.18    0.88   -1.23   -2.34   -4.25    0.00    0.13    3.24   -3.36    4.82   37.78
A-T     0.62   -0.35    1.20    6.52   -6.86  -14.01    0.10    1.42    3.32   -0.40  -20.31   42.24
G-C     0.20    0.24    0.56    4.38  -10.18    6.61    1.25    0.08    3.44    4.61    1.11   33.86
A-T     0.48    0.26   -0.09   -5.04   -7.74   -3.66   -0.89   -0.59    3.47    0.57   -1.07   38.32
T-A    -0.42    0.77    0.19   -8.41  -10.58    0.39   -0.28   -0.60    3.14   -2.36   -1.06   31.00
T-A     1.75   -0.91   -0.64  -10.22   -4.50   10.95    0.23    0.45    3.80    9.65  -12.41   42.52
C-G    -1.02    0.18   -0.05   -0.15   -6.37   -8.64   -0.35   -1.58    2.63   -1.93   21.36   15.59
T-A    -0.42    0.36   -0.33    9.03   -3.64   -2.73   -0.40   -0.30    3.33   -1.31    8.28   33.52
A-T    -0.89    0.62   -0.08   -7.88   -2.89   12.86    1.82    0.50    3.41    2.68   16.90   32.79
C-G    -0.20    0.29    0.51    5.55    0.32    3.02   -0.88   -0.26    3.14   -5.26    1.24   32.21
C-G     0.16    0.51   -0.33   20.54   -0.29   13.71    1.23   -0.15    2.86   12.07    8.28   28.96
A-T    -1.38   -0.39    0.02   21.47   -9.01  -17.78   -1.37    2.72    3.14    0.78   -2.17   34.26
A-T     1.55    0.78    0.84   22.45   -7.48   -8.71    0.56    0.17    3.38   -8.84  -10.79   49.86
A-T    -0.06   -0.40   -0.03    5.93   -4.64    0.20    0.60   -0.73    3.54    3.08   -0.45   32.43
A-T     0.66    0.09    0.40   -1.42   -3.06    1.17   -0.04   -0.35    3.36   -4.18   -2.36   36.78
G-C     0.25   -0.13    0.24   -4.51   -8.74    3.76    0.09   -0.56    3.33    0.43   -1.82   34.68
T-A    -1.50    0.21   -0.55   -5.32   -9.58    5.69   -0.44   -0.72    3.29    1.93    2.45   25.00
G-C    -0.30    0.49   -0.64  -14.95   -2.89    9.55    0.81    0.04    3.63   -1.51   12.23   37.02
T-A    -1.59    0.20   -0.89    6.90   -0.48    0.30   -0.93   -0.32    2.78    2.02    5.49   24.17
A-T     0.54    0.16   -0.18   -6.59   -7.83    2.29    0.26   -0.29    3.85   -2.64    7.66   42.19
T-A     0.03    0.02   -0.41   -3.52   -4.84   -0.46    0.05   -0.74    3.18    1.98   -0.04   35.58
T-A    -0.46   -0.04    0.41  -13.84   -3.07   -2.82    0.21   -0.40    3.62   -1.79   -2.75   35.75
T-A     0.40   -0.11    0.66  -10.11   -4.99    3.05    0.10   -0.53    3.20    0.18    1.17   33.84
G-C    -0.52   -0.43    0.73   -0.04   -8.05  -10.03   -0.85    1.93    3.15   -3.64  -24.24   41.87
G-C     0.02    0.40    0.44   -2.17    6.47    4.15    1.65    0.92    3.74    5.18    3.93   33.79
A-T    -0.87    0.18    0.61    8.38   -3.97    3.13   -0.97    0.92    3.23   -6.12   -2.96   33.63
A-T    -0.01    0.08   -0.25    6.36   -6.32    3.17    0.32    0.05    3.29    4.10    3.74   37.53
A-T    -0.22    0.40    0.08   -2.95   -1.91    1.09   -0.07   -0.13    3.41   -3.51   12.49   32.48
C-G    -0.09    0.43   -0.16    0.74   -3.31    8.39    0.27   -0.70    3.37    4.57    3.32   30.51
T-A    -0.26    0.05    0.08   -4.76   -4.99   17.54    1.61    0.26    3.43    5.30    5.50   33.47
G-C     0.31    0.02    0.01  -10.81   -9.01   -1.83   -1.50    0.61    3.41    1.03    7.57   39.17
C-G    -0.30    0.41    0.33   -7.37   -4.10    7.11    1.20    0.92    3.09   -2.37   -1.47   38.51
T-A    -0.39   -0.32    0.48   -8.31   -4.22   -6.43   -1.28    0.36    3.40   -4.51   -1.05   33.98
C-G     0.60   -0.08   -0.32   -3.41   -1.85    5.31    0.91    1.60    3.41    8.60  -12.82   46.44
C-G     0.41    0.04    0.02  -10.32   -3.76   -2.66   -0.88    0.58    3.51   -8.15    2.26   36.51
A-T     0.26    0.18    0.41   12.80    1.90    2.25    0.25    0.93    2.91   -5.69   -2.55   40.90
T-A    -0.47   -0.05   -0.18   18.74    0.91   -6.46   -0.05   -0.85    3.23    0.34    1.27   28.05
C-G    -0.50    0.39   -0.64   13.27   -3.27   -4.12    0.45   -0.50    3.63    5.08    2.70   34.72
A-T    -0.85   -0.57   -0.82    0.36   -5.22   -6.55   -0.20    0.17    3.79    1.61   11.50   33.11
A-T     0.93   -0.05   -0.14    4.90   -6.00    7.96    0.79    0.31    3.18   -0.15    6.71   42.34
A-T     0.85    0.59   -0.20   -7.16  -10.88   -1.20   -1.12    0.40    3.35   -3.76   -1.93   41.19
A-T    -0.31   -0.01    0.18  -14.47   -5.34    1.11    0.09   -0.90    3.46   -4.75   -6.65   32.34
G-C     1.35    0.70   -0.19  -12.49  -10.61    1.31   -0.21    0.66    3.56    2.27    1.78   41.73
G-C    -0.76   -0.46   -0.00   -8.40   10.29   -4.65   -0.81    1.23    4.26  -11.05  -33.28   33.32
C-G     0.67   -0.02    0.39    9.39   -1.45    5.21    0.04    0.07    3.47   -1.68   -4.73   40.19
A-T     0.12    0.08   -0.55    5.11   -7.67   11.44   -0.45    0.57    3.80    0.39    4.29   33.43
T-A    -0.94    0.29   -0.31    1.97   -8.16    6.36   -0.05   -0.42    3.20   -3.21    5.99   29.93
G-C     0.45   -0.06   -0.28  -12.15   -3.81   -0.38   -0.55    1.31    4.19   -0.74   13.68   39.91
T-A    -0.74   -0.07    0.36   -8.63   -9.23    2.71   -0.64   -0.57    3.26   -4.97    5.99   24.37
T-A     0.06    0.13    0.25   -3.49   -5.95    2.63    0.25   -0.00    3.22    1.19    0.49   33.11
C-G     0.26   -0.01   -0.29   12.26   -6.18   -1.68    0.89    0.84    2.96    8.21    3.02   39.49
A-T    -0.41   -0.20    0.29   10.98   -8.58   -9.97   -0.33    1.60    3.39   -0.75   -5.34   37.92
G-C     0.56   -0.15    0.53    5.51   -4.85   -6.51    0.11    0.41    3.39   -3.63    3.78   40.01
C-G    -0.24    0.42   -0.09    0.38   -1.73    5.31    0.43    0.65    3.79    3.34  -11.70   36.28
G-C    -0.66    0.36    0.02   -1.95   -9.20    4.89   -0.85    1.67    3.41   -3.19    2.71   38.19
G-C    -0.62    0.02   -0.15   -4.27   -7.88    9.20    1.06    1.13    3.38    0.78    3.84   28.44
A-T     0.14    0.35   -0.26   -1.28   -1.36    0.31   -1.36    0.10    3.17   -4.81    7.04   40.69
A-T     0.37   -0.04   -0.22    4.37   -7.16   -1.30    0.08   -0.43    3.27   -0.14   -0.36   33.72
T-A     0.37    0.01   -0.29    4.02   -8.32   -0.37    0.12   -0.77    3.23    3.11    7.95   31.28
T-A    -0.63   -0.12   -0.64    1.84   -4.76    1.98    0.91   -0.01    3.15    7.92    6.06   31.08
C-G     0.18   -0.10   -0.03    6.04   -7.49   -1.91   -0.50    0.67    3.55    0.14    7.49   29.59
C-G    -0.08   -0.18    0.30    0.45   -8.11   -5.12    0.54    1.47    3.46    2.28    0.03   40.95
G-C     0.05   -0.15    0.07    1.77   -4.47   -0.12    0.70    1.13    3.38    4.18    0.09   37.13
C-G     0.13   -0.30    0.72   -3.35  -11.70   -6.01   -0.84    0.62    3.56   -6.30   -2.25   35.43
T-A    -0.06   -0.13   -0.19   -3.55   -3.40   -3.65    0.57    1.43    3.42    5.64  -14.45   44.43
G-C    -0.16    0.35    0.02    0.29    2.89    8.60    0.01    1.12    3.23   -3.75    9.64   37.38
A-T    -0.21   -0.03   -0.07    6.91  -10.24    1.87   -0.60    0.10    3.23    1.97    3.52   30.65
A-T     0.03    0.07   -0.03    8.35   -3.76    4.13    0.54    0.20    3.28    1.44    7.49   33.72
C-G    -0.11    0.02   -0.03   -1.59    1.94    2.22    0.29   -0.77    3.65    0.26    8.22   29.23
A-T     0.37    0.29    0.03    1.04   -8.73    2.96   -0.14    0.44    3.27    3.06    6.86   38.04
T-A    -0.76    0.18   -0.11    5.40   -2.81   -0.76    0.13   -0.59    3.27    2.78    2.45   24.33
G-C    -0.22   -0.04    0.11    5.36    0.91    0.47    0.98    0.38    3.32    0.35    9.05   38.62
C-G     0.29   -0.28    0.50    2.11  -10.73   -4.45   -1.53    0.47    3.52   -6.03   -6.13   37.69
C-G    -0.28   -0.23    0.97  -12.23   -8.35   -0.25    0.26    1.76    3.92   -2.61  -16.42   42.14
T-A    -0.47    0.06    0.37  -23.08  -17.33   -6.86   -0.90    1.28    3.68   -1.66   -5.02   41.46
T-A     0.10    0.19   -0.33   -0.45   -8.74    1.74    0.26    0.27    2.76   -1.52   -0.30   32.23
T-A     0.30    0.09   -0.12   -4.13   -9.08    7.34    0.45    0.48    3.39    1.31   10.38   34.21
T-A     0.23   -0.35   -0.57    3.14   -5.77   -1.27   -0.53    0.12    3.24   -0.17    9.46   28.46
G-C     0.54   -0.19   -0.20   -2.66   -5.45   -4.07    0.29   -1.12    3.67    0.97   18.08   29.02
A-T    -0.97   -0.00   -0.06   -9.48   -5.03   -0.78    0.35   -0.17    3.39   -3.11    8.81   24.09
T-A    -0.01    0.00    0.10   -2.39   -5.28    3.64   -0.29   -0.67    3.24    1.47    0.76   33.98
G-C    -0.10    0.21    0.14    9.38   -4.49    1.53    0.11    0.71    3.08    2.06    0.83   34.45
G-C     0.44   -0.18   -0.61    3.46    1.53   -0.35    0.69    0.65    3.38    8.01    2.01   39.70
A-T     0.54    0.29   -0.17    3.22   -9.52   -8.65   -1.35    0.96    3.41   -5.68    0.80   37.86
G-C     0.47    0.11    0.62    9.23   -3.64    4.53    1.50    0.43    3.18   -4.19   -6.96   35.76
C-G     0.88   -0.12    0.48   -6.06  -14.62   -2.38   -1.15    0.21    3.71   -4.13    3.23   36.95
A-T    -0.41   -0.07   -0.17  -11.91   -3.25    6.47    0.90    0.61    3.44    1.57   -2.07   35.26
G-C     0.26    0.23    0.17   -6.44   -4.09    4.86   -1.49   -0.20    3.20   -8.51    3.42   35.46
T-A     0.01    0.10    0.14   -0.36   -6.29    2.07   -0.27   -0.59    3.12    0.75    4.84   30.14
T-A     0.37    0.58    0.14   -6.79   -3.96    1.03   -0.09   -0.50    3.57    0.90    6.51   32.72
T-A    -0.37    0.24    0.26  -11.79   -8.06   -7.87   -0.02    0.03    3.34    2.65    3.53   35.91
C-G    -0.37    0.50   -0.39    3.65   -4.10    9.97    1.95    0.61    2.89   10.31    4.78   35.65
C-G    -0.03    0.21    0.54    4.63   -1.78   -0.27   -1.34    0.98    3.54   -6.29    1.32   31.00
A-T    -0.19   -0.29    0.03    7.65   -5.63   -4.98    0.10    2.34    3.46    5.64  -14.89   47.47
A-T    -0.03    0.08    0.28    6.64   -4.15    1.15    0.43   -0.20    3.38   -3.21   -2.58   34.06
A-T     0.23    0.17    0.33   -3.22   -3.56    3.42   -0.03   -0.53    3.37   -2.52   -0.09   36.64
T-A    -0.57    0.30   -0.01   -2.72   -3.69    5.47   -0.40   -0.65    3.22    2.05   -4.41   31.38
A-T     0.74    0.10   -0.14    6.16   -3.78    9.90    0.31   -0.12    3.17   -1.30    2.25   40.56
C-G    -0.51    0.08   -0.78   12.32   -0.03  -11.70   -0.66   -0.68    3.23    2.06    7.32   22.81
A-T     0.07   -0.11   -0.55    1.23   -5.70    5.33    0.95   -0.14    3.75    1.94   10.33   37.42
C-G     0.21    0.04   -0.48   -0.97   -7.40    2.35    0.04   -0.54    3.38   -0.08    2.88   35.08
T-A     0.25    0.39   -0.30   -3.97   -3.38    2.32    0.06   -0.32    3.31    4.03    4.27   36.80
T-A    -0.09   -0.10    0.42   -9.03   -8.60   -2.53   -0.20   -0.30    3.35   -4.30   -0.56   31.51
T-A    -0.58    0.32    0.12  -10.75   -9.60    6.82   -0.02   -0.63    3.10    3.27   -0.60   34.42
T-A     0.32   -0.12    0.21  -15.39   -8.21   -6.94   -0.90    0.55    3.57   -3.07   -7.70   40.41
G-C    -0.28    0.41    0.29  -11.95   -5.76    8.26    0.56    2.28    3.25   -0.45  -12.69   40.41
G-C    -0.41    0.83   -0.07    2.94   -2.02    2.50   -0.64   -0.13    3.02   -0.55    5.81   29.04
T-A    -0.63    0.30    0.17   -1.89   -5.18    8.48    0.76   -0.15    3.47    0.09    3.93   32.03
A-T     0.19    0.38   -0.36    5.27   -5.68   -1.25   -0.32    0.04    3.13    7.48    6.52   34.48
G-C     0.68    0.35   -0.46   10.58   -3.14    0.74    0.93    0.18    3.29    5.67    9.72   30.44
A-T    -0.31    0.35   -0.91   -9.77   -7.04   -5.01   -0.33   -1.17    3.80    6.60   19.42   23.86
A-T    -0.33    0.39    0.08    3.09   -5.83    7.64    1.29   -0.16    2.87   -5.20    0.25   32.45
T-A    -0.49    0.64   -0.00    4.22    1.66   -0.99   -0.32   -0.96    3.13    1.33    0.13   31.25
C-G    -1.29    0.11    1.15  -16.22  -11.19   -0.59    0.47   -0.99    3.75   -2.13   -5.56   35.08
T-A     0.39    0.09    0.91  -15.51  -11.27   -0.58   -0.37    0.14    3.23    1.42    3.41   41.68
G-C    -0.48    0.23   -0.03   -9.55   -3.54    2.88   -0.49    2.44    2.96    1.51  -10.09   41.41
C-G     0.50   -0.12   -0.05    3.19   -5.10    1.97    0.00    0.88    3.14   -2.29    3.49   32.68
A-T    -0.26   -0.16    0.37    7.25   -4.85   -0.54   -0.29    1.94    3.21   -4.86   -5.49   41.79
G-C     0.33    0.18    0.38    9.99   -9.71    6.45    0.47    0.89    3.36   -2.08    6.78   31.08
G-C    -0.40    0.01   -0.48   -1.61   -4.55   -3.87   -0.74   -0.64    3.58   -0.12    8.67   33.22
T-A    -0.75   -0.14   -0.51    0.10   -4.50   -8.83   -0.64   -0.94    3.30    1.54    9.83   29.59
G-C    -1.25   -0.74   -0.27   -4.63   -3.70    0.97    0.82    0.03    3.55   -0.49   10.14   30.27
G-C     0.22   -0.00   -0.10    7.47   -4.13    5.10    0.36    0.68    3.09   -2.15    4.95   35.63
A-T     0.37   -0.02   -0.01   -6.31   -5.21   -3.12   -0.65   -0.52    3.57   -2.59    3.85   37.94
T-A     0.40   -0.10    0.07    2.27   -5.61    4.21    0.34   -0.81    3.03    0.13   -1.47   31.73
A-T     0.27   -0.37    0.02   -6.85   -4.80   -4.40   -0.74    0.24    3.57   -2.85   -5.79   41.34
T-A     0.02   -0.22    0.08  -10.21   -8.99    1.83   -0.37   -0.98    3.44   -1.65   -3.07   30.81
T-A     0.31   -0.34   -0.23   -4.04   -6.57    0.48    0.42    0.12    3.03    4.15    3.35   37.59
G-C     0.76   -0.12   -0.50   -4.44   -3.14   -8.52   -0.26    0.12    3.34    2.18    3.38   33.18
A-T     0.57   -0.46   -0.50    1.03    0.77    4.68    0.23   -0.14    3.33   -5.19    7.53   34.74
T-A     0.32   -0.45   -0.48    4.43    0.76    2.84    0.29   -0.82    3.30    0.94    0.98   33.09
