 146 base-pairs
   0  ***local base-pair & step parameters***
       Shear  Stretch  Stagger Buckle Prop-Tw Opening   Shift  Slide    Rise    Tilt    Roll   Twist
A-T    -0.93   -0.12    0.27   -8.08    7.38   -0.79    0.00    0.00    0.00    0.00    0.00    0.00
T-A    -1.04    0.17    0.77   -2.34   -6.15    7.03   -0.32   -0.88    3.41   -2.35   -2.66   32.57
C-G     0.74    0.01    0.58   -2.03   -6.85    7.42    0.60    0.30    3.19    3.74   -0.43   44.97
A-T    -0.34   -0.20    0.40    1.05   -5.76    2.19   -0.75    0.50    3.34    1.32    2.47   29.85
A-T     0.76    0.28    0.44   -4.81   -5.53    4.47   -0.30   -0.36    3.33   -4.47    4.93   39.69
T-A     0.06   -0.30    0.14   -0.43    0.91   -4.65   -0.21   -1.08    3.11    3.06   -3.78   29.18
A-T     1.77    0.12    0.44    7.33   -9.45   -7.89   -0.07   -0.31    3.09   -1.84  -10.26   43.89
T-A     0.39    0.64   -0.16    7.85   -2.83   -2.65    0.25   -1.25    3.36    4.43   -6.69   31.55
C-G    -1.83    0.56    0.52  -14.33   -9.14   12.33    1.77   -0.38    3.33    1.69    3.62   29.99
C-G    -1.36   -0.14    0.50    5.71  -12.93   -7.53   -0.34    0.49    3.17    3.53   -1.40   26.65
A-T    -0.14    0.30   -0.01    0.45    1.82  -22.37   -1.03    0.17    3.40   -1.40   13.00   37.30
C-G    -1.05    0.50   -0.10    0.41   -5.64  -12.44    0.22   -1.40    3.26   -2.07    4.86   30.00
C-G    -1.25    0.32    0.53   -9.63   -5.81   -0.13    1.17   -0.88    3.43   -3.01    8.85   34.09
T-A     0.14    0.18    0.43    2.03   -6.79    2.12   -0.45    0.38    3.07    0.58    0.53   35.84
G-C    -1.14   -0.64   -0.16   -6.03    0.18    0.45    0.39    1.06    3.88   12.92   -3.67   40.11
C-G    -0.19    0.35    0.56   -0.79   -3.05   -5.42   -0.53    0.92    3.19   -5.45    1.17   37.09
A-T     0.07   -0.21    0.41   12.71   -6.46    2.20    1.14    1.49    3.17    5.22  -14.21   41.49
G-C     0.62    0.26    0.12    5.88  -15.56    2.21    0.22    0.38    3.64    3.15    5.92   36.39
A-T     0.98    0.31    0.04   -5.73  -16.93   -3.23   -0.57   -0.43    3.62    0.17   -9.28   41.93
T-A    -1.56    0.91   -0.53   -2.58  -10.55   -4.65    0.36   -0.44    2.82    5.93   -4.16   27.40
T-A     0.05    0.33   -0.46   -4.69   -8.74    5.77    0.62   -1.00    3.24    2.90   -0.57   32.94
C-G     0.33    0.27    0.06   11.75   -8.61    2.07    0.42   -0.36    3.14    4.06   14.95   29.59
T-A    -1.46    0.45   -0.31   -2.28   -3.46   -9.18   -0.77   -0.48    3.52    4.60   17.29   27.62
A-T    -0.42    0.34   -0.09   -3.85   -5.66    6.42    1.96    1.07    3.13   -0.87   14.16   33.97
C-G    -0.55    0.39    0.09   -0.87    3.66    7.51   -0.96   -0.56    3.30   -6.98    6.97   29.43
C-G    -1.03   -0.05   -1.05   16.93    3.97    1.24    0.43   -0.17    2.72   10.57   11.70   23.98
A-T    -1.77   -0.02    0.07   22.39  -20.70   -7.37   -1.06    2.85    2.87   -3.25   -8.38   41.62
A-T     0.76    0.88    1.09   24.31  -14.54   -1.15    1.03    0.15    3.33   -6.77   -9.31   45.71
A-T    -0.31   -0.25    0.63   16.93  -15.24    1.96    0.51   -0.37    3.17    2.26   -4.73   34.99
A-T     0.17    0.13    0.11   11.65   -7.40   -5.83    0.12   -0.18    3.41    4.70   -5.11   37.51
G-C    -0.28   -0.39   -0.00   -4.58    2.94   -0.29    0.40   -0.68    3.64   -2.37    2.37   34.42
T-A    -1.15   -0.28   -0.43    1.28   -3.57   -6.33   -0.49   -1.35    3.16    3.09    5.34   27.31
G-C     0.85   -0.35   -0.14   -2.85   -0.60   -0.96    0.40   -0.20    3.59   -1.35   10.74   38.94
T-A    -0.70    0.04   -0.50    7.77   -5.00   -2.89   -0.50   -0.65    3.01    3.36    4.13   26.17
A-T     0.50   -0.01    0.31    4.25   -3.88   -2.38    0.14   -0.63    3.36   -6.81    5.02   41.10
T-A    -0.26    0.32   -0.04    0.95   -1.44   -2.60    0.04   -1.01    3.39    3.86   -0.43   31.09
T-A    -0.03   -0.13    0.72  -10.71    4.60   -3.02    0.09   -0.58    3.65   -3.69   -7.14   38.38
T-A     0.85   -0.39    0.72  -10.64   -9.51   -4.91   -0.55   -0.87    3.24    3.63    0.89   34.65
G-C     0.74   -0.00    1.37    7.07  -13.67   -0.60    0.12    2.09    3.15   -6.59  -27.20   44.84
G-C    -0.05    0.66    0.03   -0.47   -1.16   13.62    1.46    1.13    3.65   10.45    5.46   30.03
A-T    -0.09    0.35    0.57    9.25   -9.02    1.98   -1.65    1.15    3.27  -10.68    0.05   36.27
A-T     0.57    0.24    0.45    8.86   -6.48   -0.18   -0.09   -0.51    3.16   -1.06    3.65   35.55
A-T     0.23    0.79    0.77    3.65   -1.15    2.69    0.40   -0.04    3.55   -1.25    3.18   32.98
C-G    -0.52    0.55    0.23    3.65   -3.22    6.57    0.11   -1.11    3.31    3.77    4.39   27.02
T-A    -0.44   -0.28    0.30    1.56   -6.77    1.19    0.85   -0.31    3.30    4.90    8.03   37.61
G-C     0.38   -0.05    0.45   -2.06  -13.10   -7.53   -1.24    0.50    3.39   -1.25    4.36   37.85
C-G    -0.61    0.47    0.99  -19.24   -1.39    5.24    0.93    0.41    3.81   -2.45   -5.62   38.44
T-A    -0.30   -0.30    0.91  -18.04  -17.66   -9.38   -1.22    0.51    3.23   -2.27    0.27   35.64
C-G    -0.43   -0.02   -0.58    4.69    1.91    2.17    0.73    1.40    2.85    9.38  -19.21   39.86
C-G     0.17   -0.10    0.61    0.30    4.00   -5.06   -0.53    0.46    3.62  -11.89    0.54   42.49
A-T    -0.56    0.36    0.33    8.05   -2.15    4.92    0.41    0.51    3.21    3.12   -0.05   36.82
T-A    -0.74   -0.04   -0.08   16.72   -0.40   -6.98   -0.14   -0.55    3.28    0.02    1.06   31.17
C-G    -0.61    0.29   -0.87   17.93   -4.70   -7.89    0.70   -0.48    3.39    7.20    2.66   31.24
A-T    -0.86   -0.59   -1.05  -10.39   -5.24  -10.96   -0.39    0.26    4.31   -3.40   19.49   34.52
A-T     0.37   -0.18   -0.53   10.19  -12.16    3.19    0.73    0.54    2.86    1.78    1.89   39.29
A-T    -0.03    0.29    0.07   -5.03   -4.63   -8.86   -1.23   -0.03    3.21  -11.36    0.81   43.49
A-T    -0.04   -0.38    0.26    3.52   -7.24   -3.09    0.61   -0.57    3.53    5.10  -23.37   35.50
G-C     1.28    1.42   -0.10  -14.48    2.63    7.90    0.37    0.70    3.89    1.21    4.19   43.36
G-C    -1.03   -0.50    0.36   -2.92    4.72    2.83   -0.17    0.65    3.89    0.19  -24.14   28.29
C-G    -0.76   -0.09    1.30   -0.89    8.98   20.29    0.46    0.23    4.01  -10.19   -9.66   35.44
A-T     0.51   -0.28    0.44   -4.63   -6.01    1.24   -1.63    0.24    3.78    3.29   -1.04   41.42
T-A    -0.24    0.51    0.46   -6.92   -6.67    7.69    0.74   -0.88    3.22   -0.26    3.38   30.01
G-C    -0.22    0.18   -0.42  -10.01   -7.07    8.80   -0.10    1.11    3.67    5.77   14.35   34.68
T-A    -0.26   -0.05    0.14   -8.99  -10.48    4.65   -0.60   -0.26    3.36   -5.74    6.31   30.61
T-A     0.25   -0.27   -0.22   -0.87  -13.20   -3.79   -0.32    0.27    3.10    2.43    5.34   35.31
C-G     0.78   -0.05   -0.19   14.07  -10.42    6.77    1.50    0.70    3.00    5.17    0.47   36.35
A-T     0.24   -0.23    0.58    6.21  -17.33   -4.56   -0.75    1.90    3.68   -3.50   -3.02   41.68
G-C    -0.19    0.07    0.33    4.02   -2.72   -2.91    0.75    0.43    3.32    1.22   -0.88   31.72
C-G    -1.52    0.19    0.41   -6.77  -17.61    1.16   -0.29    0.45    3.73    0.46   -5.60   33.16
G-C    -0.40    0.37   -0.05   -1.78   -4.37   10.74    0.51    2.03    3.43   -0.74   -2.55   42.89
G-C    -0.08    0.21   -0.05    3.83   -4.79    8.69   -0.35    0.69    3.11   -1.18    3.94   37.43
A-T     0.07   -0.10    0.02   -1.12   -6.98    2.26   -0.31   -0.21    3.41   -1.66    3.23   33.43
A-T     1.47    0.29   -0.10   -4.61   -0.83   -4.35   -0.57   -0.24    3.46   -1.32   12.41   39.48
T-A     0.30    0.07    0.44  -11.27  -14.06   -5.77   -0.08   -1.28    3.47   -2.25    4.41   27.59
T-A    -0.54   -0.12   -0.06   -1.50  -10.16   -1.81   -0.13   -0.55    2.94    1.58    4.83   27.83
C-G     1.62    0.15    0.37   -4.14   -2.14    3.82    0.54    0.53    3.45   -2.64    4.02   42.51
C-G    -1.34   -0.08    0.16    4.81  -11.24  -13.92   -1.02    0.53    3.19    2.96   -5.49   24.59
G-C     0.24   -0.31    0.35    2.29   -2.18   -0.66    1.01    1.26    3.61    0.72   -6.62   46.95
C-G    -0.29   -0.10    0.44   -7.22  -19.44   -5.33   -0.83    0.65    3.62    0.65   -1.49   31.79
T-A    -1.83   -0.42   -0.47  -16.25  -10.58  -10.76   -0.14    1.09    3.48    4.43   -1.60   35.86
G-C    -0.47    0.12   -0.23   -2.71   -7.16    5.26    0.05    1.26    3.11   -7.25    3.54   43.61
A-T    -0.41    0.08   -0.23    5.53  -11.65    0.75   -0.56    0.23    3.16   -1.51    6.57   33.51
A-T     0.26   -0.01   -0.53   -1.48  -17.34   -2.15    0.14    0.22    3.63    1.80    7.73   34.50
C-G     0.10   -0.26   -0.43    0.00   -4.19   -1.71    0.41   -0.54    3.28    1.17    8.55   29.74
A-T     0.44   -0.07    0.27   -1.99   -9.27    2.34   -0.18    0.45    3.48   -2.45   11.15   35.01
T-A    -0.08    0.08    0.57   -2.08   -3.35    0.99    0.21   -0.74    3.22   -1.71    1.14   27.82
G-C    -0.14   -0.31   -0.00    5.18    5.41   -0.51    0.72    0.76    3.24    8.61   -1.63   35.55
C-G     0.21   -0.10   -0.20   15.13  -30.56   -6.60   -1.29    0.49    3.20    2.22   -4.39   38.67
C-G    -0.00   -0.12    0.85  -17.30  -11.83   -6.41    0.74    1.75    4.08   -3.09   -4.90   44.50
T-A    -0.36    0.21    0.40  -17.98  -18.77    0.80   -0.26    1.17    3.36   -0.98   -5.93   37.67
T-A     0.42    0.51   -0.01   -1.59  -16.60    8.89    0.24    0.62    2.97   -1.13    2.29   37.13
T-A    -0.28    0.12   -0.19   -2.37   -9.45   15.25    0.77    0.46    3.14    1.59    9.49   30.31
T-A     0.27    0.16   -0.28    3.16   -5.34    3.15   -0.50    0.43    3.53   -0.93    6.93   32.38
G-C     0.17   -0.24   -0.25  -10.39   -2.89   -7.76    0.21   -1.27    3.79    3.40   23.31   24.83
A-T    -0.28   -0.15   -0.03  -11.60   -5.80   -5.13    0.41   -0.13    3.24   -3.46    9.63   31.85
T-A    -0.30   -0.18   -0.56    4.83  -12.56   -3.89   -0.93   -0.44    2.86    6.98    0.48   28.23
G-C    -0.20    0.26    0.14    9.00  -11.59   -2.29    0.07    0.56    3.37   -5.06    5.33   33.59
G-C     0.08   -0.05   -0.26   -0.31    0.39    0.53    0.99    0.60    3.52    5.83    0.02   38.36
A-T     0.77   -0.32    0.37    4.09  -14.43   -8.45   -1.41    0.80    3.29   -9.21   -1.77   40.63
G-C     0.07    0.12    0.33    5.10   -3.63    4.65    1.57    0.68    3.40    2.00   -9.40   33.48
C-G    -0.01   -0.38    1.01   -5.63   -8.47   -4.82   -1.35    0.05    3.55   -7.87   -1.83   36.96
A-T    -0.43    0.01    0.25    3.58   -5.50    7.24    1.35    0.39    3.10    8.09   -5.97   37.94
G-C     0.68   -0.21   -0.25  -12.15   -5.62   -5.71   -1.62   -0.65    3.81   -1.31   10.41   36.43
T-A    -0.00    0.19    0.09   -2.64   -3.12    3.79    0.40   -0.80    2.99   -2.27    7.25   28.82
T-A     0.23    0.10    0.24    3.71   -6.48   -0.80   -0.12   -0.11    3.15    0.31    5.01   33.97
T-A    -0.23    0.03    0.29  -12.31  -15.25   -5.63   -0.14   -0.36    3.65    3.71    4.83   34.72
C-G     1.16    0.67   -0.90    1.69   -0.10   18.86    2.42    1.17    2.98   13.08    0.67   40.49
C-G    -0.16   -0.01   -0.08    9.83  -14.70   -3.14   -1.80    1.53    3.18   -2.76    5.80   27.00
A-T    -0.61   -0.24    0.02    4.48   -6.15   -1.48    0.11    2.19    3.46   -1.89   -8.79   45.25
A-T     0.29    0.03    0.44   11.12   -4.48   -6.41   -0.05   -0.33    3.13   -4.59   -5.23   37.57
A-T     0.72    0.01   -0.09   -0.44   -4.74   -4.86   -0.25   -0.81    3.57    0.93    0.34   37.24
T-A    -1.72    0.34   -0.52   -4.05   -6.68  -11.96   -0.57   -0.70    3.22    3.22   -4.05   27.32
A-T     0.53    0.02   -0.09    5.74   -5.46    3.84    0.45   -0.40    3.15   -6.36    4.07   39.62
C-G    -0.69    0.29   -0.66   13.96   -3.34   -9.61    0.02   -0.67    3.28    2.46    7.39   24.86
A-T    -0.32   -0.26   -0.40    5.83   -8.64    2.72    0.97   -0.11    3.59    2.30    4.72   36.11
C-G     0.14    0.21   -0.04    3.38   -3.12    2.58    0.10   -0.66    3.32   -3.13    7.38   35.85
T-A     0.06    0.40   -0.20  -10.36  -11.85   -2.93   -0.19   -0.68    3.60    7.01    5.25   36.48
T-A     0.11   -0.30    0.82  -14.22   -5.16   -6.39   -0.32   -0.42    3.44   -9.69   -3.21   34.57
T-A    -1.57    0.16   -0.45  -14.23  -13.46    2.37   -0.22   -0.65    2.95   10.96   -3.77   31.61
T-A     0.60   -0.16   -0.30  -21.82   -9.88  -13.13   -0.86    0.69    3.62   -4.10   -3.11   45.02
G-C     1.45    0.86   -0.63  -21.58   -9.06   16.73    1.15    3.10    3.17   -1.95   -7.00   45.60
G-C    -0.47    0.26    0.14    4.37   -4.80   -5.27   -1.80   -0.45    2.65   -8.21    4.60   19.44
T-A     0.88    0.74    0.19    2.76  -10.86   13.96    1.10   -0.05    3.50    3.90    4.90   39.10
A-T     1.15    0.17   -0.26    7.81  -12.02   -4.61   -0.94    0.07    3.08    4.46    4.93   29.68
G-C     0.47    0.51   -0.59    7.42   -9.60    4.13    0.56   -0.24    3.40    5.39   15.35   28.67
A-T    -0.75    0.00   -0.96    0.88   -9.52   -2.19   -0.05   -1.16    3.46    0.72   16.75   20.92
A-T    -0.50    0.24   -0.06   10.71   -9.13    0.73    0.52   -0.35    2.88   -4.62    0.46   34.91
T-A    -0.41    0.33   -0.81   11.32   -9.80   -1.74   -0.04   -1.11    3.12    4.58   -2.28   35.36
C-G     0.24    0.05    0.32  -11.88   -6.67    4.91    1.03   -0.22    3.83   -3.69    2.79   40.73
T-A    -0.14   -0.30    0.89  -16.09   -7.24   -7.86   -1.30    0.04    3.40   -5.24    3.78   31.64
G-C    -0.25   -0.18    0.50   -6.93   -6.99   -1.89   -0.70    2.34    2.88   -2.33  -13.24   45.82
C-G     0.65   -0.24    0.19    0.21   -8.01   -3.57   -0.25    0.24    3.27   -3.53    5.79   31.48
A-T     0.02   -0.25   -0.67    6.49  -11.89    1.40   -0.03    2.44    3.20    3.86  -10.39   43.19
G-C     0.59    0.22    0.88   16.16   -5.69   -1.03   -0.05    0.47    3.06  -13.68    6.65   31.52
G-C    -0.85   -0.55   -0.76    2.96  -13.50   -4.30    0.02   -1.00    3.56   10.54   11.18   29.38
T-A    -0.28    0.00   -0.65    5.27   -7.71   -9.90   -0.40   -0.62    3.45    1.58    8.58   32.42
G-C    -0.89   -0.62    0.26    4.04    0.81   -2.47    0.76    0.33    3.44   -2.94    8.24   33.99
G-C     0.61    0.45   -0.03   10.50   -9.41    8.35    0.87   -0.02    3.14    5.58    9.03   33.35
A-T    -0.02    0.13    0.51   -1.02    0.11   -3.17   -0.62   -0.12    3.38   -7.95    4.80   33.82
T-A    -0.48   -0.12    0.02   -3.26   -3.94    3.96    0.18   -0.77    3.53    3.40   -2.18   29.40
A-T    -0.21   -0.22    0.09   -7.11   -7.70   -2.60   -0.85    0.37    3.22   -2.84   -8.30   43.15
T-A    -1.01   -0.28    0.08   -5.38   -7.26   -7.65   -0.36   -1.14    3.34   -0.21   -2.28   28.74
T-A    -0.29   -0.29   -0.58   -3.23  -10.71   -3.85    0.55    0.01    3.06    6.47    7.89   39.65
G-C     0.58    0.36   -0.98   -9.35   -4.34   -2.68   -0.22    0.29    3.60    0.31    5.07   34.73
A-T    -0.43   -0.42    0.03   10.16  -14.23   -0.22    0.39   -0.40    2.93   -8.69    4.13   29.16
T-A    -0.22   -0.10   -0.84    8.09   -1.69  -10.10   -0.10   -0.51    3.63    5.80    1.38   37.37
