 146 base-pairs
   0  ***local base-pair & step parameters***
       Shear  Stretch  Stagger Buckle Prop-Tw Opening   Shift  Slide    Rise    Tilt    Roll   Twist
A-T    -0.52   -0.34   -0.42  -21.31   10.80   -4.09    0.00    0.00    0.00    0.00    0.00    0.00
T-A    -1.03    0.18    0.10   -4.66   -2.58   -3.24   -0.90   -0.61    3.12   -1.49   -1.58   32.91
C-G     0.36   -0.04   -0.71    9.16  -16.05    7.14    1.28    0.27    2.89    9.41    1.09   38.32
A-T     0.48   -0.01   -0.00    7.19  -15.14    8.23   -0.56    1.12    3.46   -4.41    7.86   34.17
A-T     1.25    0.16    0.41    4.37  -14.64    7.38   -0.02    0.21    3.21   -3.38    1.33   41.67
T-A     0.38   -0.36    0.11   18.07   -7.46    7.77    0.29   -0.86    2.97    2.78    1.91   24.97
A-T     0.74   -0.10    0.27   12.35  -14.68   -4.20   -0.36    0.02    3.41   -0.57   -7.51   41.91
T-A     0.31    0.10   -0.44    6.48  -13.28   -2.29    0.14   -1.24    3.51    3.44   -1.96   32.32
C-G    -1.62    0.53    0.02   -8.70  -12.14    9.11    1.09    0.31    3.42    0.54    0.69   30.48
C-G    -0.50   -0.41   -0.34    8.79   -0.72  -10.32   -0.81   -0.16    2.79    2.06    5.63   34.58
A-T     0.07   -0.27   -0.56    8.21    1.54   -8.89    0.03    0.79    3.53   -1.24    8.15   35.12
C-G    -0.28    0.61   -0.42   10.57  -11.86   -9.16   -0.48   -1.26    3.37   -3.79    5.05   27.81
C-G    -2.47    0.40    1.03  -18.26  -36.35   12.32    0.97   -0.91    3.54   -6.07   29.14   25.22
T-A     1.18   -0.14   -0.14    8.29  -15.65    8.32   -0.92    1.38    2.94    3.06   -4.23   43.50
G-C    -3.61   -1.44    1.17    1.72   -2.93  -26.51   -1.42    1.47    3.38   -6.76  -16.67   28.99
C-G     0.68   -0.07    0.86   12.11  -14.35   -6.19    1.22   -0.12    3.23    7.83    3.81   49.28
A-T     0.31   -0.36    1.23   18.78   -0.56   -8.53    1.14    1.72    3.15    2.25  -18.39   41.72
G-C     0.53    0.14    0.92   15.50  -16.61    3.94    0.85   -0.14    3.46    3.14    4.34   33.29
A-T     0.81   -0.27   -0.87   -9.93  -17.65   -1.39   -1.01   -0.58    3.89    7.69    3.50   39.90
T-A    -0.74    0.06   -1.27  -14.94  -30.90   -1.67   -0.77   -0.58    3.17    0.50   -0.17   28.85
T-A     1.25    1.26   -0.15  -23.20  -16.28    2.61   -0.00   -0.82    3.53   -6.24    3.57   39.27
C-G    -0.89   -0.40   -1.18   13.09  -21.22   15.11    1.29    0.19    2.02   15.09    0.56   21.91
T-A     0.83    0.89   -1.35    7.45  -26.13    6.13   -1.42    1.49    3.25   -2.42   18.18   34.94
A-T    -0.46    0.25   -0.58  -21.16  -22.52   12.61    1.54    0.56    3.48    4.11   28.62   24.54
C-G    -1.06    0.75    0.62    5.63    3.00   12.92   -0.43    0.45    2.64  -16.40   -2.14   26.33
C-G    -0.49    0.51   -1.26   37.01   -4.98   12.01    0.94   -0.06    2.31   18.48   10.33   27.15
A-T     0.34    0.19    0.08   26.64  -31.63   -4.32   -0.36    3.12    3.41   -1.29   -4.49   47.12
A-T     1.51   -0.03   -0.19   14.19  -27.32   -6.56    0.55    0.60    3.63    1.61   -1.99   42.10
A-T    -0.70   -0.53    0.36    6.28  -10.93    1.73    1.02   -0.34    3.22   -5.36   -2.82   27.11
A-T     0.83    0.25    0.15    6.22   -7.01    1.44   -0.29   -0.23    3.27    3.41   -0.08   43.04
G-C    -0.25    0.15    0.18   -2.54   -8.30    5.92    0.22   -0.61    3.34   -0.55    1.49   30.41
T-A    -1.48   -0.21   -0.62    6.11   -7.76    2.24   -0.74   -0.47    3.13    1.06    2.89   27.63
G-C    -0.39    0.45   -0.65   -7.79   -6.30    6.64    0.63   -0.58    3.84   -2.47   11.71   36.21
T-A    -1.30   -0.36   -1.11    8.74   -5.36  -11.67   -0.65    0.05    2.75    2.91    7.36   26.29
A-T    -0.12   -0.05   -0.05  -12.62   -3.53   -4.41   -0.03   -0.71    4.16   -8.40    8.32   39.56
T-A    -0.39    0.16   -0.36  -12.90    1.68    1.03    0.44   -1.00    3.36    3.16   -0.53   34.68
T-A    -0.30   -0.29    0.46   -8.48   -3.37   -6.12    0.09   -0.44    3.22   -4.04   -9.25   39.87
T-A     0.27   -0.49    1.64  -20.73   -0.36   -5.63   -0.14   -0.76    3.66   -6.48    3.04   34.32
G-C    -0.00    0.02    0.95  -10.27   -8.82    0.15   -0.24    1.76    3.29    4.47  -33.43   41.54
G-C     1.56    0.39   -0.15   -2.20    3.39    3.63    1.08    0.81    3.25   10.94    5.17   38.65
A-T    -1.08   -0.14   -0.35   -1.79  -23.66   10.85   -0.56    1.43    3.18    2.45    8.41   24.38
A-T    -1.02   -0.09    0.78   21.87  -12.59   11.76    0.46    0.25    2.50   -9.45    1.00   36.77
A-T     0.50    0.80    0.87    9.31   -8.78    4.46   -0.08    0.66    3.75    0.87    7.97   39.13
C-G    -0.82    0.67    0.31   13.63  -11.86    6.85    0.12   -1.01    3.17    4.29    8.06   22.88
T-A    -1.38   -0.30    0.69    3.31   -9.51    6.78    0.98   -0.60    3.48    0.36    8.27   32.03
G-C     0.18   -0.17    0.34  -12.55  -24.51    3.90   -0.42    0.53    3.71    5.95   10.71   42.45
C-G    -0.23   -0.08   -0.17   -7.97  -10.07    7.82    0.43    1.85    3.03    0.59   -3.29   39.32
T-A    -0.94   -0.37    0.52  -13.06  -28.96   -5.43   -1.44    0.39    3.37   -8.60   -1.38   33.39
C-G     0.42   -0.50   -0.54   -8.80   -3.47    1.15    1.08    1.67    3.29    8.21   -5.05   47.79
C-G     0.33    0.18   -0.53   -5.36  -18.40   -0.15   -0.86    0.39    3.00   -3.58    3.65   33.04
A-T     0.69    0.51    0.97   23.25   -3.30    2.39    0.44    1.32    2.51  -12.48   -0.36   44.99
T-A     0.31   -0.06    0.12   39.41    4.03   -9.92    0.03   -0.76    3.05   -1.19   -7.75   30.93
C-G    -1.16    0.02   -0.16    2.07   27.42   -6.95    0.14   -1.55    4.78   -2.18   14.58   30.24
A-T    -0.01   -0.38   -0.78   -1.28   -1.20   -2.30    0.31   -0.26    3.52    5.77    5.11   40.70
A-T     0.95   -0.31    0.10    3.43  -10.73    6.94    0.01    0.01    3.24   -1.71    0.12   39.12
A-T     0.64    0.24   -0.17    7.10   -6.26   -0.13   -1.04    0.24    3.03    1.44    1.01   38.10
A-T     0.73   -0.30   -0.57   11.95   -8.27   -2.68   -0.19   -0.06    3.27   -0.13  -13.09   43.00
G-C     1.17   -0.21   -0.32  -15.45   -4.82   -3.24   -0.10    0.30    4.33   -2.87   12.64   34.91
G-C    -1.55   -1.04    2.29   14.14   24.79    6.53    0.78    0.88    3.84  -19.68  -56.06   26.59
C-G    -0.45    0.11    1.36    6.93   -0.29    5.28   -0.26   -0.90    4.01   12.75    0.26   36.61
A-T     0.63   -0.26   -0.53  -10.21  -19.73   11.61   -0.30    0.56    4.08    8.58    9.06   43.74
T-A    -0.13   -0.05   -0.22   -4.15  -21.66   14.01    0.12   -0.52    2.83   -3.06    7.76   28.56
G-C    -0.46   -0.27   -0.02  -19.48   -2.47   -2.25   -0.94    1.32    4.27   -6.33    6.49   31.35
T-A     0.08   -0.25    0.77   -6.85    0.54    0.50   -0.28   -0.66    3.00   -5.99    3.61   35.51
T-A     0.09   -0.30    0.54   -0.19   -1.96   -1.14    0.38   -0.43    3.04    3.69    1.33   29.96
C-G     0.50   -0.07    0.20   18.39   -6.33   -6.39    0.59    0.51    2.77    6.47    3.07   39.32
A-T    -0.40   -0.20    0.74   19.98  -20.64   -1.79    0.25    1.66    3.35    5.42  -15.55   38.08
G-C     1.07   -0.06    1.59   15.42   -5.69   -8.00    0.53    0.38    3.40   -4.20   -1.86   40.29
C-G    -0.20    0.37    0.35   -6.52   -2.98    7.80    1.23    0.62    4.19   12.82  -10.31   36.77
G-C    -0.55    0.54   -0.10   -0.77   -4.91    8.24   -0.38    1.28    3.17    2.06    9.05   36.11
G-C    -0.47    0.07   -0.09    7.17    2.00    6.82    0.72    0.72    3.13    1.47    3.09   29.77
A-T    -0.17    0.10    0.23    5.29   -2.38    5.26   -0.93    0.41    3.33   -7.82    5.86   39.10
A-T     0.76    0.08    0.58    6.61   -5.53   -1.43   -0.40   -0.42    3.23   -4.26    3.07   36.22
T-A    -0.47   -0.06    0.26   -0.15   -4.42   -3.97   -0.07   -1.11    3.44    2.23    6.75   25.67
T-A    -0.32   -0.35    0.07    2.38  -11.84    4.59    0.48   -0.45    3.08    3.30    5.07   33.66
C-G    -0.20    0.04    0.36    1.48  -11.92    1.46   -0.54    0.42    3.50   -1.70    0.61   36.53
C-G    -0.84   -0.03   -0.50   14.72   -7.10   -0.74    0.56    0.50    2.96    8.27    4.30   31.69
G-C     0.10   -0.05    0.25   -3.56  -16.82   -0.74   -0.18    1.78    3.88   -3.54   -7.29   46.04
C-G     0.61   -0.13    0.32  -19.71   -7.40    0.87    0.42    1.07    3.94    1.08   -3.11   40.59
T-A    -0.05   -0.18    0.24  -10.18   -9.60   -8.30   -0.43    1.13    3.07   -1.48   -3.22   37.22
G-C    -0.46   -0.05    0.49   -2.19    4.03    1.97    0.32    0.97    3.21   -6.56    0.19   35.71
A-T     0.14   -0.13   -0.27    4.94  -12.87    4.00   -0.73   -0.02    3.21    7.85    7.17   33.08
A-T    -0.13   -0.25    0.04    7.21   -5.13   -0.35    0.30    0.11    3.21   -5.51    7.39   31.83
C-G    -0.25   -0.17   -0.07    5.69    2.02    1.58    0.23   -0.70    3.34    1.73    4.33   30.63
A-T     0.66    0.28    0.03    4.05  -15.27    5.51   -0.11    0.29    3.41    5.03    8.38   37.64
T-A    -0.57    0.04    0.14   15.46   -7.66   -1.40    0.03   -0.71    3.01    1.30    0.08   25.62
G-C    -0.30   -0.24   -0.05   13.42    9.48    2.44    1.24    0.49    3.43    4.24    6.98   34.48
C-G     0.22   -0.16    0.36   12.29  -42.54   -6.77   -1.16    0.57    3.67    0.39  -13.48   42.63
C-G    -0.37   -0.38    1.02  -15.17   -5.98   -1.79    0.96    1.39    4.28   -0.59   -6.58   39.23
T-A    -1.22   -0.18    0.50  -21.37  -12.33   -4.67   -0.44    1.09    3.46    2.14   -9.57   39.17
T-A     0.54    0.31    0.13    2.74   -5.59    5.19    0.49    0.06    2.75   -1.32   -0.95   39.33
T-A    -0.04   -0.07   -0.25   -4.75   -5.70    4.57    0.29    0.07    3.48    7.19   11.64   30.62
T-A     0.63   -0.53   -0.55   -2.45  -11.03    2.82   -0.11    0.13    3.30    1.38   13.47   30.59
G-C    -0.92   -0.42   -0.78  -10.33  -12.64    4.23    0.77   -0.92    3.70    3.90   19.34   20.37
A-T    -0.62    0.18   -0.16  -10.31   -8.94    6.96    0.10    0.51    3.09   -7.92    7.19   31.39
T-A     0.34    0.10    0.51  -10.66   -6.72    5.35   -0.51   -0.78    3.36   -2.81    6.83   31.95
G-C    -0.13    0.22    0.23    6.76  -10.36   -0.08   -0.28    0.75    2.96    0.25   -5.52   34.42
G-C     1.49   -0.07   -0.60   -1.12    2.37    3.78    0.95    0.68    3.49    8.23    7.57   43.68
A-T     0.52   -0.16    0.54   11.25  -27.58   -7.88   -1.61    0.96    3.05  -10.41  -12.42   35.21
G-C    -0.01   -0.14    1.01   18.81    8.77    1.35    2.09    0.49    3.01    0.40  -13.26   34.80
C-G     0.10    0.08    0.80    3.38  -14.54   -1.39   -0.96   -0.18    3.84    1.84    2.36   34.46
A-T    -0.70   -0.37   -0.11   -6.95   -7.20    3.88    1.21    0.19    3.43    7.61    2.70   36.52
G-C     1.08    0.29   -0.11   -6.40   -4.03    5.30   -1.33   -0.24    3.27   -6.71    5.57   40.27
T-A    -0.64   -0.08    0.81  -10.86   -3.76   -5.17   -0.54   -1.00    3.41   -5.35    8.42   25.12
T-A    -2.06    0.18    0.75  -17.38   -8.16    5.21    0.06   -0.52    3.47   -1.20    6.81   26.65
T-A     0.12   -0.12    0.00   -3.86  -16.35   -3.16   -0.29    0.04    2.93    4.45   -0.84   45.11
C-G    -0.48    0.68    1.18  -19.95   16.02   11.92    1.91    0.65    3.89   -8.40    3.47   34.80
C-G     0.06    0.09    1.30   -0.09   -5.22    1.34   -1.69    0.59    2.98    1.50   -9.21   32.83
A-T    -0.91   -0.35    1.16   20.73   -1.38  -11.53    0.11    1.64    2.94    6.23  -25.86   41.25
A-T    -0.48    0.04    0.48    6.67   -5.85    5.26    1.00   -0.40    3.75    4.17    5.79   34.71
A-T     0.86   -0.27   -0.35   -4.27   -2.52    0.43   -0.72   -0.35    3.67    0.32   -3.69   41.71
T-A    -0.94    0.24   -0.16  -11.94   -8.96    0.33   -0.22   -0.91    3.36   -1.32   -2.50   27.06
A-T     0.73    0.12    0.26    2.32   -6.19    9.00    0.38   -0.19    2.95   -5.37    2.72   41.37
C-G    -1.22   -0.19   -0.73   11.42   -1.43  -10.61   -0.41   -1.16    3.09    4.68    0.82   20.35
A-T     0.22   -0.43   -1.49  -19.26  -23.88    3.60    0.57    0.11    4.19    7.71   21.26   42.37
C-G    -0.33   -0.14   -1.29    3.23  -26.55    3.34    0.22    0.02    2.59    0.91    2.68   31.47
T-A     0.54    0.47    0.31  -11.88   -6.32    7.51    0.56   -0.14    3.80   -8.59    6.93   36.66
T-A    -0.15    0.07    0.86   -7.09   -8.15    5.19   -0.32   -0.17    3.15   -4.07   -1.94   33.44
T-A    -0.99    0.00    0.73  -23.97  -21.56    2.50   -0.42   -0.82    3.43    2.69   -0.97   30.70
T-A    -1.09   -0.20    0.31  -24.23  -26.32   -7.51   -1.09    0.46    3.31    0.12   -7.71   37.41
G-C     0.62    0.64   -0.78  -30.31  -18.79    7.47    0.31    2.78    3.31    3.87   -2.44   51.60
G-C    -0.45    0.10   -0.15    1.87   -8.54    4.48   -0.82    0.31    2.44  -10.84    4.76   21.69
T-A     0.67    0.27   -1.12   21.13  -16.42    8.48    0.58    0.40    2.80    9.89    3.07   35.84
A-T     1.21    0.04   -0.33    7.50  -18.75    0.80   -0.23   -0.04    3.84   -2.50   20.32   31.42
G-C     1.46    0.37   -0.00    0.89  -17.62    7.69    0.32    1.57    3.27    0.67   12.76   34.30
A-T    -0.05    0.24   -0.92  -10.66  -21.23   -5.43   -1.10   -2.14    3.71    2.60   13.20   19.30
A-T    -1.18   -0.34    0.05    7.03   -7.30    4.78    0.94   -0.05    2.66   -5.19    0.52   31.23
T-A    -1.12    0.88   -0.61   17.03  -16.22    1.00   -0.01   -0.59    2.99    7.90   -6.73   32.53
C-G    -0.47    0.02    0.72  -11.62  -17.96    0.09    0.79   -0.70    3.84   -3.80    5.33   39.36
T-A    -0.52   -0.42    1.29  -22.64  -12.88   -6.21   -0.80   -0.12    3.54   -5.04    4.55   33.14
G-C    -0.44   -0.16    0.19   -5.27   -1.36   -2.40   -0.50    2.25    2.88    3.31  -19.15   47.12
C-G    -0.07   -0.25    0.00   -2.00    9.94    0.16    0.74    0.69    3.33    0.22    4.03   31.94
A-T    -0.32    0.02   -0.08   10.63  -18.11    6.25   -0.29    2.21    3.05    4.20   -8.88   42.33
G-C     2.41    0.71    0.28   21.00   -8.78   18.38    1.33    1.18    3.08   -0.05    9.87   38.87
G-C    -0.43   -0.20   -0.50    2.83   -4.11   -5.55   -1.63   -0.86    3.34    0.27   17.40   22.99
T-A    -1.45   -0.03   -0.56    1.67   -2.17   -9.05   -0.51   -0.98    3.32    0.48    5.31   26.74
G-C     0.25   -0.44   -0.48    2.46   -3.36   -1.83    0.38    0.35    3.60    0.75   12.59   40.87
G-C     0.62    0.08   -0.48   -1.38   -9.40    9.61    0.60    0.33    3.44    0.59    7.22   31.94
A-T     0.17    0.10    0.28   -4.27   -1.82   -1.28   -0.84   -0.35    3.19   -9.71    1.21   33.17
T-A     0.51   -0.03    0.30    2.39   -6.61    0.39   -0.07   -0.97    3.18    1.34   -3.86   35.22
A-T    -0.12   -0.27    0.37   -5.94   -2.86    5.20    0.15   -0.08    3.39   -3.52   -7.02   36.41
T-A    -0.43   -0.07    0.20   -3.66  -14.10   -0.16   -0.87   -0.98    3.21    2.73   -2.51   30.82
T-A    -0.00   -0.04   -0.11  -13.77   -2.93    1.55    0.78    0.38    3.55    5.01   -1.47   41.68
G-C     1.05    0.19   -0.37   -3.27    1.07   -0.00   -0.01    0.00    3.11    2.08    6.37   32.87
A-T    -0.08   -0.45   -0.67    3.60   -0.75    3.33   -0.01    0.02    3.26   -0.56    5.64   28.39
T-A    -1.05   -0.38   -0.63    6.14   10.14   -5.18    0.22   -1.14    3.36    1.29   -2.25   27.68
