 146 base-pairs
   0  ***local base-pair & step parameters***
       Shear  Stretch  Stagger Buckle Prop-Tw Opening   Shift  Slide    Rise    Tilt    Roll   Twist
A-T    -0.34   -0.32    0.42  -13.83   -0.47   -1.54    0.00    0.00    0.00    0.00    0.00    0.00
T-A    -1.04    0.46    0.14    0.31   -3.86   -0.87   -0.73   -0.45    3.08    3.09    1.88   29.63
C-G     0.32   -0.25   -0.70   12.60  -12.48    0.42    0.71   -0.12    2.86    9.05    1.94   39.86
A-T     0.28    0.07    0.51   11.48  -10.05    3.09   -0.52    0.90    3.46   -7.96    8.86   35.67
A-T     1.04   -0.10   -0.13    0.60  -10.04    2.11   -0.23   -0.04    3.65    3.36   -3.58   42.38
T-A     0.23   -0.42   -0.25   13.85   -7.19    1.38    0.55   -0.74    2.89    3.30    0.87   23.26
A-T     0.97   -0.03   -0.24    8.89  -14.06  -10.95   -0.36   -0.14    3.46    2.71   -4.58   41.99
T-A     0.26   -0.22   -0.03    9.02   -5.17   -5.24    0.39   -1.28    3.28   -3.02   -0.87   32.61
C-G    -0.53    0.35    0.21   -9.44  -15.57    4.91    1.05   -0.50    3.47    3.26    5.53   37.41
C-G    -1.73    0.83    0.03   -0.48  -18.30    8.19    0.20    0.14    2.73    2.74    8.39   22.92
A-T    -0.19    0.05    0.42    6.61   -3.88  -16.18   -1.71    1.16    3.40  -12.10    2.60   37.66
C-G    -0.54    0.25    0.09    4.72   -2.12   -7.78   -0.11   -1.30    3.49   -4.37    0.32   31.33
C-G    -1.44    0.87    0.43   -7.97  -19.13   17.68    1.47   -0.92    3.32    3.48   15.18   28.99
T-A    -0.13   -0.12    0.56   -5.32  -11.33    0.20   -1.15    0.66    3.37   -3.29    5.50   35.64
G-C    -2.03   -0.52    0.49   -1.87   -4.27  -15.01   -0.37    1.87    3.18    8.03  -17.95   38.79
C-G     0.30   -0.33    1.30   -7.66    1.90   -0.62    0.77   -0.39    3.54   -5.68   11.74   42.09
A-T     1.24   -0.44    0.90   -1.23   -4.69   -8.66    0.07    2.12    3.37    4.51  -19.82   48.62
G-C     0.73    0.34    0.48    4.20  -12.44    3.55    0.62   -0.09    3.21    1.50    2.84   30.33
A-T     1.11    0.20   -0.80  -13.53  -13.78   -1.37   -1.09   -0.49    3.56    4.10    2.43   40.22
T-A    -0.68    0.36   -0.04   -2.75  -14.35   -1.50   -0.25   -0.96    2.72   -9.67   -6.24   24.18
T-A     0.64    0.37   -0.23    0.01   -9.98    4.18    0.21   -1.07    3.14    1.64    0.76   39.70
C-G    -1.83   -0.04   -0.00    8.94   -9.41  -10.98   -0.09    0.17    2.89    1.03    3.60   21.11
T-A    -0.30    0.49    0.16   10.27  -14.45  -11.01   -0.72   -0.67    3.44   -2.62    9.16   36.09
A-T    -0.83   -0.03   -0.40   -9.22  -12.58    5.77    1.59    0.10    3.64    8.09   17.57   30.88
C-G    -0.35    0.60    0.23    6.82   -1.08    7.46   -0.11   -0.36    3.34   -8.72    0.82   30.33
C-G    -1.85    0.78   -0.28    9.16   -0.98   18.41    1.35    0.17    2.87   10.29   15.78   24.50
A-T    -0.68   -0.04    0.35   10.88  -15.27   -0.47   -1.51    2.91    3.19   -6.65   -7.77   46.62
A-T     2.04   -0.06    1.10   17.64   -9.56   -7.68    0.68    0.50    3.24   -5.59  -19.42   49.47
A-T    -0.48   -0.35    0.00    5.90  -11.26    7.62    0.94   -0.55    3.47   10.53   -0.40   27.16
A-T     0.44    0.07    0.54    9.83   -2.57    0.69   -0.19   -0.01    3.05   -4.33   -1.09   37.22
G-C    -0.55    0.21    0.43    1.68   -7.77   10.75    0.56   -0.78    3.33   -0.70    2.34   31.15
T-A    -1.48   -0.20   -0.41   -4.40   -4.15    3.76   -0.92   -0.54    3.36    2.80    3.55   29.75
G-C    -0.52    0.68   -0.58   -7.26   -2.18   11.01    0.91   -0.48    3.36   -0.65   11.06   34.21
T-A    -1.13   -0.15   -0.76   13.31    0.47   -9.95   -1.10    0.40    2.76    0.75    2.10   27.10
A-T     0.12   -0.20    0.15   -7.69    2.69   -6.34    0.18   -1.08    4.03   -8.14    7.19   39.58
T-A    -1.07    0.02   -0.50  -13.33   -0.75    3.64    0.41   -1.23    3.57    7.58    0.69   31.55
T-A    -0.78   -0.16    0.16   -9.43    0.64   -3.72    0.20   -0.30    3.33    0.95   -9.35   40.08
T-A     0.74   -0.42    0.51   -7.21   -4.97   -2.92    0.25   -0.27    3.18    0.36    1.53   37.91
G-C     0.42   -0.27   -0.12  -10.34  -12.80   -7.59   -0.75    1.79    3.26    2.32   -8.70   43.55
G-C     0.92    0.08    0.20    7.79   11.37    0.02    1.22    1.45    2.90   -2.60   -5.81   35.98
A-T    -0.51    0.01    0.30   14.04   -6.29    3.03   -0.77    0.89    3.41   -4.31    4.29   30.67
A-T    -0.69   -0.41    0.18    8.32  -12.16   -2.21    0.02   -0.31    3.24   -1.09    9.45   30.80
A-T    -0.50   -0.17    0.30    0.25   -6.49   -7.32   -0.36   -0.08    3.64   -3.91    7.43   33.14
C-G    -0.98    0.55    0.01    3.52   -5.17    5.86    0.45   -0.78    3.23    0.95    2.09   28.94
T-A    -0.64   -0.14    0.55   -0.19  -10.22    7.56    1.22   -0.34    3.36   -2.00   14.28   37.81
G-C     0.41    0.14    0.20  -14.62  -17.54    3.27   -1.05    0.69    3.60    2.07    5.21   40.29
C-G    -0.09    0.03    0.47  -20.47   -9.51    7.81    0.67    1.45    3.66   -5.09   -6.19   38.24
T-A    -1.38   -0.10   -0.33   -2.88  -17.34   12.32   -0.62    0.94    2.74    7.91   -9.19   31.81
C-G     0.04    0.42   -0.34   -0.31   -4.36   16.50    1.04    2.21    3.12    0.80    6.54   46.19
C-G     0.06    0.19   -0.17    9.88   -6.54    7.15   -0.72    1.00    3.03   -6.94   -5.47   38.58
A-T    -0.32    0.12    0.19   22.66   -1.61    6.87    0.10    1.63    3.11   -0.49    2.95   39.96
T-A    -0.27    0.06   -0.33   27.05   -2.04   -8.45   -0.26   -1.03    3.36   -2.80   -0.12   30.62
C-G    -2.15   -0.21   -0.68   17.50    8.45   -8.17    0.04   -0.02    3.89    2.57    8.85   29.82
A-T    -0.41   -0.60   -0.98    0.22  -12.80   -4.88   -0.12   -0.39    3.93    2.17   13.65   39.37
A-T     1.11   -0.32    0.14    5.17  -10.52    6.60    0.49    0.36    2.95   -5.65    1.14   42.80
A-T     0.65    0.23   -0.32   -4.99   -9.73    7.92   -0.85    0.28    3.33   -0.87    2.69   37.68
A-T     0.89   -0.58   -0.39    1.89   -4.37    0.09   -0.61   -0.11    3.22   -2.21   -8.52   40.13
G-C     1.86   -0.23   -1.00   -2.89   -2.93    2.38   -0.08    0.99    3.71    4.71    0.96   37.63
G-C    -1.27   -0.53   -0.89   -0.46    2.05    5.10    0.19    1.95    4.13   -3.15  -27.17   34.58
C-G    -0.06    0.42   -0.84   24.80  -11.09    8.02   -0.12    1.09    3.13    0.24   -0.88   38.15
A-T     0.21   -0.27   -0.27    0.88  -11.12    9.23   -0.41    0.93    4.23   -7.92   18.46   39.87
T-A    -0.62    0.35   -0.27   13.06  -21.73    9.50    0.25   -0.75    2.74   -1.91    2.53   27.77
G-C     0.36   -0.05   -0.39   -7.14   -4.06    8.15   -0.32    1.93    4.44    1.22    9.58   38.35
T-A    -0.31   -0.25   -0.06   -2.33  -11.67    0.16   -0.85   -0.46    3.25   -2.97    8.36   26.35
T-A     0.50   -0.22    0.34   -0.97   -3.42   -2.20    0.54    0.11    3.26   -0.54    3.10   35.93
C-G     0.07   -0.17    0.50   19.53  -10.61   -3.52    0.80    0.14    2.80    4.08    1.88   33.19
A-T    -0.02   -0.19    0.03   13.51   -9.43   -3.42   -0.05    1.87    3.61    9.27   -5.78   44.36
G-C    -0.24   -0.31    0.44   -0.05   -2.01   -1.94    0.57    0.84    3.57   -4.15   -0.48   34.13
C-G    -1.42    0.38    0.18   -2.84  -20.54   13.32    0.62    1.01    3.33    6.98   -2.37   34.85
G-C     0.66    0.45    0.22    1.15  -15.74    8.73   -0.54    2.04    3.35   -4.82    6.20   45.06
G-C     0.16   -0.04    0.40    5.88   -0.97    2.64    0.25    0.80    3.19   -4.61   -0.16   30.28
A-T    -0.17    0.19    0.10    5.11    1.91    5.22   -0.81    0.07    3.26   -3.59    5.48   34.94
A-T     0.93   -0.14   -0.18    8.70   -2.77   -1.56   -0.41   -0.37    3.20   -0.41    5.26   38.90
T-A     0.13    0.01    0.01   -1.44   -8.06    2.63    0.04   -0.87    3.60    1.57    9.16   24.79
T-A    -0.11   -0.41   -0.03    5.64  -11.57   -3.35   -0.07   -0.35    3.06   -0.34    3.11   31.50
C-G    -0.17    0.01    0.54   -6.78  -14.33  -10.27   -0.51    0.12    3.80   -3.15    3.04   37.25
C-G    -0.20   -0.13    0.05    6.92   -8.25   -5.49    0.66    0.14    2.96    5.13    1.59   32.78
G-C    -0.78   -0.16    0.48    0.85   -9.41    2.24    0.47    1.61    3.67   -0.38  -11.55   38.40
C-G    -0.54   -0.29    0.13   -7.65  -18.98   -9.91   -0.83    0.72    3.58    4.76   -0.15   36.60
T-A    -0.43   -0.09    0.10   -9.16  -11.79   -5.30    0.66    1.23    3.39    0.34   -5.06   46.18
G-C    -0.49    0.17    0.32    0.07    7.19    6.62    0.39    1.18    3.05   -7.03    4.62   36.33
A-T     0.03   -0.14   -0.00   10.70  -11.41   -0.26   -1.10    0.10    3.12    2.98    6.29   32.41
A-T     0.06   -0.11    0.18   11.71   -2.71    2.06    0.46    0.05    3.35   -2.25    5.74   34.01
C-G     0.13   -0.31   -0.32    7.13   -5.01    1.23    0.24   -0.72    3.48    4.78    3.42   31.75
A-T     0.83    0.23    0.37  -17.71  -22.99   12.88    0.40    0.47    3.95    0.70   12.23   38.04
T-A    -1.05   -0.05   -0.19    8.23   -7.86   -2.58   -0.62   -0.81    2.65    5.61    0.75   20.68
G-C    -0.74   -0.27    0.10   13.97   -1.14    7.60    1.38    0.90    3.20    0.84    7.63   34.76
C-G    -0.50    0.05    0.52    4.58  -23.14   -3.65   -1.34    0.72    4.09   -0.18  -20.95   42.74
C-G    -0.26   -0.48    1.21  -12.20   -6.93   -5.21    0.80    1.01    3.97    0.63   -2.73   43.10
T-A    -0.66   -0.02    0.52  -24.09  -20.74   -9.10   -0.58    0.83    3.51    4.15   -8.90   38.63
T-A     0.23    0.07   -0.39    2.75   -8.75    6.24    0.73    0.43    2.63    2.65   -1.03   37.97
T-A     0.19    0.04   -0.37    0.20   -8.87    7.65    0.39    0.14    3.27    3.16   13.78   29.37
T-A     0.04   -0.47   -0.97    3.77  -14.22    2.82   -0.13    0.42    3.29    3.88   12.46   26.71
G-C     0.39   -0.04   -0.23  -12.81  -10.00    3.25    0.40   -0.66    3.84   -3.52   22.51   30.35
A-T    -0.24   -0.06    0.38  -12.62   -1.57    3.87    0.17   -0.14    3.28   -8.46    3.27   25.21
T-A     0.27   -0.03    0.54   -6.83   -5.76   -3.29   -0.73   -0.86    3.21    2.06   -2.15   33.42
G-C    -0.14    0.22    0.49    4.84   -3.21    0.10    0.38    0.36    3.03    2.75    2.11   34.13
G-C     1.57   -0.35   -0.47   -1.73    0.51   -2.31    0.39    0.55    3.38    9.30    5.25   45.86
A-T     1.01   -0.25    0.21    8.67  -10.19   -2.67   -1.05    1.15    3.08   -9.40   -5.52   35.96
G-C     0.43   -0.18    1.78   23.33    3.19    2.29    1.43    0.23    2.81   -9.66  -18.19   31.38
C-G     0.21    0.24    0.96   -4.98   -8.14   -0.33   -0.90   -0.41    4.19    5.05    1.02   34.95
A-T     0.07   -0.28    0.13    2.61   -0.19    3.52    1.24    0.33    3.11    7.79   -3.68   38.36
G-C     0.64    0.42   -0.48  -11.35    3.78    5.01   -1.14   -0.54    3.60   -2.24    9.76   34.25
T-A    -0.26   -0.06    0.49    1.83    5.40    1.77   -0.06   -0.97    2.98   -7.24    5.52   27.92
T-A    -0.68    0.20   -0.03   -8.41   -5.73   -2.22   -0.28    0.07    3.54    5.19    5.66   33.15
T-A     0.36   -0.30    0.09  -17.24  -15.72   -2.16    0.17   -0.36    3.52    1.65    5.78   39.69
C-G    -0.08    0.55    0.44  -22.92   11.77    2.44    1.40    0.69    3.49   -2.55    3.23   37.00
C-G     0.28    0.08    0.63    0.36    8.41    0.92   -1.34    0.81    2.96   -0.77   -4.81   30.73
A-T    -0.45   -0.24    1.18   18.48   -7.92  -11.24   -0.03    1.97    2.97    1.94  -24.14   44.14
A-T     0.56   -0.21    0.97   15.08   -7.28   -3.60    0.50   -0.58    3.33    1.66    1.28   37.04
A-T     0.62   -0.19    0.19    0.23   -8.60    4.14   -0.01   -0.78    3.65    0.51   -5.76   36.66
T-A    -0.85   -0.01   -0.15   -6.45   -8.46    1.97   -0.41   -0.93    3.37    1.41    1.92   27.05
A-T     0.45   -0.12    0.24    1.18   -9.65    0.55   -0.34   -0.32    3.06   -6.49    6.91   38.34
C-G    -0.99   -0.11   -0.67    6.66  -11.98  -15.50   -1.11   -0.87    3.07   -0.85    5.34   24.52
A-T     1.28   -0.40    0.04    9.33    0.14   -0.10    0.60   -0.19    3.37   -6.00    4.47   43.19
C-G    -0.41    0.09   -0.26    0.70  -10.41    0.09   -0.11   -1.00    3.52    1.38   -1.75   29.51
T-A     1.18    0.34    0.17   -1.69   -1.48   11.98    0.90   -0.32    3.51    3.03    2.24   40.02
T-A     0.37    0.12    0.70   -6.50   -5.49    2.82   -0.63   -0.16    3.39   -1.73   -4.41   32.56
T-A     0.04    0.14    0.83  -16.02   -2.38    7.04    0.14   -0.67    3.25    1.95    2.20   32.25
T-A    -0.69   -0.11    0.84  -11.23   -2.94  -13.28   -1.45    0.39    3.15   -1.14  -14.40   35.00
G-C     0.89    0.22    0.94   -6.02    3.50    3.95    0.88    2.23    3.26    0.01  -13.79   49.33
G-C    -0.14    0.52    0.35    8.48   -4.28   -2.64   -0.65   -0.62    3.09    1.84    7.90   24.89
T-A    -1.30   -0.09   -0.36   -6.70   -9.22   -0.21    0.79    0.14    3.75    8.42    5.01   31.72
A-T     0.66    0.50    0.12    3.69  -17.33    8.71    0.19    0.05    3.29   -1.64    6.70   33.22
G-C     2.10   -0.17    0.36    9.22   -6.04    8.48    0.26    0.34    3.04    4.40   19.07   36.64
A-T    -0.67    0.07    0.11    0.71  -17.08   -3.34   -0.57   -1.58    3.21   -0.76    6.71   18.16
A-T    -0.71   -0.30    0.06   10.47  -10.80   -4.03    0.36   -0.27    2.90    1.60    1.05   33.88
T-A    -0.48    0.47   -0.74   11.51   -7.93   -5.15    0.34   -0.94    3.03    6.52   -5.31   34.79
C-G     0.12   -0.49   -0.17   -3.43   -5.04  -12.31    0.19   -0.59    3.66    1.55    8.83   40.51
T-A    -0.10   -0.31    0.73  -13.94   -3.87   -2.36   -0.29    0.16    3.54   -7.09    3.01   32.95
G-C    -0.10   -0.40    0.19   -1.79    2.81   -1.19   -0.80    2.58    2.87   -2.15   -9.31   45.75
C-G    -0.06   -0.21   -0.01   -3.31   -2.18    2.04    0.22    0.40    3.44   -0.95    0.15   27.28
A-T    -0.05   -0.35   -0.68    2.81   -7.13   -0.15   -0.56    2.34    3.08    0.72    4.26   45.20
G-C     2.76    1.35    0.55   27.50   -8.92   35.03    1.70    1.79    3.00  -10.25   -1.44   40.50
G-C     0.36   -0.25   -0.62    1.33   -6.91   -3.44   -2.31   -0.78    3.25    1.02   19.25   25.51
T-A    -0.82   -0.15   -0.81   -0.10   -8.16   -4.38   -0.61   -0.87    3.24    2.54    5.65   24.96
G-C    -1.05   -0.73   -0.21    7.85    3.19   -2.60    0.45    0.26    3.41   -2.35    7.93   31.86
G-C     0.42    0.04   -0.38    9.43   -4.65    6.08    0.73    0.48    3.33    2.46    6.49   37.66
A-T     0.00   -0.08    0.12   -4.63   -5.07   -2.93   -0.75   -0.17    3.43   -7.87    3.94   33.76
T-A     0.32   -0.27   -0.08   -0.23   -7.55    2.46    0.16   -0.73    3.20    3.76    0.42   33.27
A-T    -0.05   -0.33   -0.13  -10.25   -3.78    5.41   -0.19    0.38    3.58   -3.93   -6.68   39.57
T-A    -0.58   -0.45   -0.20   -0.62  -10.09   -2.86   -0.94   -0.70    3.02    1.70   -4.69   30.15
T-A    -0.05   -0.20   -0.13   -9.08   -4.29   -3.61    0.67    0.00    3.54    1.44    4.56   39.23
G-C     0.86    0.33   -0.35   -0.88   -3.77   -5.85    0.16   -0.26    3.15    1.72    6.15   34.96
A-T     0.08   -0.33   -0.85    1.21   -6.12    8.12    0.42    0.20    3.34    2.94   -0.28   31.81
T-A     0.48   -0.38   -0.33    6.32   -2.60    0.74    0.40   -0.65    3.24   -2.28    3.97   33.89
