 146 base-pairs
   0  ***local base-pair & step parameters***
       Shear  Stretch  Stagger Buckle Prop-Tw Opening   Shift  Slide    Rise    Tilt    Roll   Twist
A-T    -1.26   -0.39    0.12   -8.87    3.30   -2.05    0.00    0.00    0.00    0.00    0.00    0.00
T-A    -0.63    0.29    0.32   -5.65   -4.28   -2.43   -1.09   -0.66    3.51   -3.69   -3.09   35.40
C-G     0.04   -0.03   -0.15   -5.83   -7.04    4.34    0.72   -0.03    3.31    3.23   -2.34   38.34
A-T     0.43    0.09    0.01    4.34   -2.81    4.90   -0.66    0.84    3.13   -2.84    5.22   36.00
A-T     0.91   -0.10    0.34    5.69   -3.85   -4.49   -0.67   -0.27    3.24   -3.79   -2.45   38.70
T-A     0.62   -0.32    0.17   11.41   -2.57    2.09    0.65   -0.82    3.19    2.87    0.98   30.72
A-T     1.42    0.01   -0.08    6.31   -6.96   -3.87   -0.56   -0.38    3.41   -0.34   -6.34   40.41
T-A     0.12    0.04   -0.24    0.13   -5.32   -1.29    0.15   -0.92    3.38   -0.41    2.76   32.52
C-G    -0.63    0.04   -0.26   -8.60   -2.92    4.97    0.59    0.13    3.46    0.91   -9.71   37.31
C-G    -0.74   -0.30   -0.42    4.74    0.37   -4.88   -0.05   -0.22    3.10    2.92   10.54   22.02
A-T    -0.52    0.03    0.06    1.04    1.35  -14.00   -0.80    0.78    3.45   -6.18    5.67   34.22
C-G    -0.66    0.07   -0.09    8.58   -6.08   -9.94    0.03   -1.28    3.15   -0.31    0.02   32.09
C-G    -0.84   -0.02    0.21   -6.80   -3.23   -2.66    1.21   -0.75    3.61    2.44   19.73   33.47
T-A    -0.75   -0.20    0.27   -2.39   -3.78  -13.00   -1.18    0.48    3.42   -0.86    7.10   29.53
G-C    -0.64    0.14   -0.13   -4.74   -0.84   -0.63    0.37    1.81    3.34    2.63   -5.41   47.66
C-G     0.49   -0.07    0.63    3.16   -5.70   -6.24   -0.58    0.33    3.31   -3.45   -3.78   36.43
A-T     0.07   -0.11    0.83   10.32   -2.21   -3.33    0.84    1.64    3.13    1.69   -4.44   39.04
G-C     0.49    0.34    1.32   18.28  -15.96    0.60    0.20    0.25    3.14   -3.85   -8.06   37.10
A-T     0.54    0.49   -0.21    1.33   -6.91   -6.30   -0.65   -0.77    3.61    8.75   -4.23   38.52
T-A    -0.73    0.53   -0.91    2.20   -6.13   -6.18    0.24   -0.61    3.14    6.53   -7.32   28.14
T-A     1.15   -0.59   -0.25   -1.02   -6.00   -0.61    0.02   -1.14    3.43   -2.83   12.54   36.21
C-G    -1.42   -0.12    0.29    0.26   -7.34   -2.12    0.51   -0.96    3.11   -1.50   10.09   22.00
T-A    -0.83    1.04    0.15   -5.38   -6.00   -8.04   -0.68   -0.15    3.44    3.49    6.23   38.21
A-T    -0.56   -0.42    0.82    8.56   -1.18   11.63    1.63    0.11    3.00   -3.91   12.86   32.62
C-G    -0.12    0.41    0.34    4.01    1.93    6.98   -0.35    0.16    3.55    0.76    2.28   29.73
C-G    -0.40    0.66    0.24    4.30    5.19   22.55    1.47   -0.73    3.12    3.17   16.36   27.26
A-T    -1.36   -0.36    1.13   22.55   -3.06  -26.24   -2.28    2.40    3.03   -3.77  -11.57   30.46
A-T     1.30    0.24    1.26   18.80  -16.10   -4.85    1.05   -0.00    3.32   -3.58  -15.18   54.58
A-T    -0.45   -0.29    0.52    6.11   -5.25    3.52    0.71   -0.53    3.32    0.52   -3.72   30.41
A-T     0.31    0.19    0.62   12.72   -6.94    0.09   -0.14    0.06    3.09    1.01   -5.76   39.05
G-C     0.69   -0.22    0.02    1.46   -6.38   -1.60   -0.17   -0.47    3.58    1.37   -0.38   38.72
T-A    -1.36    0.10   -0.47    3.35   -3.45    4.85   -0.06   -1.20    3.15    2.84    0.73   21.88
G-C    -0.44    0.27   -0.42   -2.53   -2.91   10.49    0.96    0.36    3.51   -0.07   13.59   36.05
T-A    -1.28   -0.30   -0.67    7.05   -3.64  -10.92   -1.34   -0.55    3.01    1.27   10.88   25.31
A-T     0.84   -0.19    0.11    0.17   -3.61    0.05    0.23   -0.30    3.66   -5.68    6.63   44.99
T-A    -0.79    0.20   -0.28   -3.48   -4.52    6.78    0.28   -0.89    3.41    3.04   -3.77   28.86
T-A    -0.04   -0.29    0.34   -5.39   -3.92    1.45    0.22   -0.12    3.42   -2.42   -6.09   40.54
T-A     0.32   -0.52    0.72  -10.35   -1.47   -3.24   -0.29   -0.50    3.41    0.64    0.90   32.59
G-C     0.50   -0.14    1.38    4.69   -2.81   -2.49   -0.25    1.86    3.11   -6.92  -20.36   45.23
G-C     0.85    0.22    0.19   -2.39   -3.63   -2.60    0.66    0.80    3.87   11.93   -1.61   34.18
A-T    -0.46    0.22   -0.23   -3.90   -5.90    8.64   -0.34    1.30    3.50   -6.82    7.25   31.03
A-T     0.04    0.09   -0.19    6.73   -4.99   -1.35   -0.77   -0.07    2.91   -5.08    3.00   33.81
A-T    -0.65    0.34    0.40    2.70   -2.35    3.74    0.21   -0.11    3.33   -3.35    6.44   31.34
C-G    -0.29    0.85   -0.42    9.22   -5.45    7.71    0.18   -0.58    3.27    6.72    2.16   31.05
T-A    -1.22   -0.31    0.23   -1.18   -1.54    0.73    1.04   -0.39    3.62    0.10   11.80   30.55
G-C     0.20   -0.15    0.39   -0.52  -10.39   -7.63   -1.04    0.71    3.37   -0.18    0.23   42.92
C-G    -1.95   -0.22    0.36   -3.85   -6.55   -6.16    0.62    0.12    3.17    0.39    0.08   29.56
T-A    -0.83   -0.04   -0.20   -9.10   -4.19    4.38    0.21    0.78    3.72    8.29  -14.32   44.27
C-G     0.60   -0.58   -1.41    0.89    5.43    0.80    0.63    1.92    3.16   10.51    2.97   43.80
C-G     0.02    0.05   -0.29   -4.46   -2.38   -4.83   -0.59    0.40    3.27   -8.73    1.32   34.72
A-T     0.94   -0.01    0.77   15.92    0.11   -5.21    0.33    0.69    2.86   -5.63    0.20   45.47
T-A    -0.59    0.11   -0.40   20.91   -1.00   -6.52    0.38   -0.92    3.41    4.08   -0.05   26.01
C-G    -1.66    0.18   -0.73   14.66   -0.09   -7.61    0.24   -0.28    3.72    2.27    4.32   31.89
A-T    -0.74   -0.22   -0.29    2.60   -2.53   -6.86   -0.14   -0.19    3.80   -3.24   12.09   35.80
A-T     0.84    0.05   -0.08   10.55   -6.23    5.12    0.66   -0.14    3.08    0.88    6.71   42.33
A-T     0.38    0.27   -0.13    2.89   -9.38    0.49   -0.95    0.72    3.25   -3.99   -1.70   40.32
A-T     0.96   -0.20   -0.50   -8.57    1.12    3.05   -0.27   -0.31    3.59   -4.73   -7.59   38.44
G-C     2.05   -0.33   -0.50    0.69   -3.01   10.18   -0.37    1.01    3.19    2.10    1.44   38.86
G-C    -0.52    0.45   -0.80    6.12   -3.44    2.66   -0.81    2.18    4.89   -7.69  -27.25   36.51
C-G    -0.43    0.45   -0.49    1.18   -5.95    4.29   -0.35   -0.03    3.33   -5.37    5.54   34.38
A-T     1.30   -0.26   -0.62   -4.38   -4.88    1.49   -1.29    1.18    3.87  -11.63    6.40   42.94
T-A    -0.52    0.03   -0.31  -10.79   -1.46   -6.90   -0.14   -0.73    3.29   -1.77   -1.24   28.46
G-C    -0.10   -0.22   -0.30   -9.72   -2.25   -0.26   -0.01    1.02    3.76   -3.28   15.02   33.61
T-A    -0.32   -0.09    0.19   -9.71   -4.28   -0.49   -0.89   -0.65    3.39   -6.01    7.29   27.29
T-A    -0.08   -0.13    0.41   -2.87   -4.97    0.13    0.09   -0.00    3.16   -1.94   -1.34   32.84
C-G     0.32   -0.16   -0.38   14.32   -5.87    0.27    0.92    0.43    3.02    8.79    1.58   36.97
A-T    -0.52   -0.31   -0.06    8.83  -12.05  -14.87   -1.35    1.56    3.37   -2.68    3.84   38.11
G-C    -0.21   -0.28   -0.03   -3.74   -0.45    0.42    0.95    0.97    3.68   -2.20   -7.08   39.43
C-G    -1.22   -0.02    0.50   -5.86   -5.59   -5.85   -0.75    0.72    3.55   -7.05   -5.34   33.48
G-C    -0.26    0.10    0.31    1.78   -2.47    1.60    0.51    1.29    3.29    1.32   -4.79   42.45
G-C     0.03    0.11    0.33    4.58   -9.12    9.23   -0.09    0.88    3.34    0.30    5.21   33.81
A-T     0.02    0.28    0.48    7.71   -7.87    5.33   -0.68   -0.29    3.15   -4.10    3.62   35.61
A-T     0.20    0.17    0.40    6.13   -4.04    0.83    0.04   -0.14    3.38   -2.13    3.81   35.28
T-A    -0.09    0.02    0.30    0.50   -5.17   -0.86    0.04   -0.85    3.45    3.61    4.08   30.40
T-A     0.18   -0.09   -0.18   -1.18   -7.67    3.84    0.61   -0.23    3.21    8.64    5.11   33.94
C-G     0.54    0.07    0.50   -5.09   -4.92   -1.23   -0.05    0.48    3.60   -2.75    8.67   34.54
C-G     0.13    0.01    0.69    3.59   -7.44    1.38    0.23    0.35    3.25    1.70    0.50   33.07
G-C    -0.59   -0.23    0.49    8.27    0.58   -4.68    0.16    1.65    3.34    2.60  -10.61   37.55
C-G    -0.50   -0.35    0.52   -6.68  -13.64   -7.65   -0.88    0.47    3.76   -3.38    2.43   34.82
T-A     0.28   -0.12   -0.56  -11.07   -4.36   -5.43    0.39    1.71    3.49    5.38   -5.50   50.05
G-C    -0.29    0.10    0.03   -5.88   -2.88    5.98   -0.25    1.07    3.24  -10.21    2.67   31.48
A-T    -0.21   -0.13    0.44    5.62   -6.86    1.48   -0.60    0.08    3.02   -3.05    2.37   33.37
A-T     0.12   -0.01   -0.09    4.85   -7.28    0.58    0.37   -0.23    3.42    4.38    7.70   33.06
C-G    -0.29   -0.16   -0.42    1.50   -3.70    0.03    0.41   -0.44    3.40    5.48    3.41   29.81
A-T     0.38    0.07    0.41   -0.32   -5.88    1.79    0.00    0.26    3.45   -2.61   10.99   37.13
T-A    -0.20    0.11    0.20    0.73   -1.91   -1.78    0.14   -0.74    3.33    3.47    4.08   27.57
G-C    -0.38   -0.23   -0.13    3.26    3.99    2.28    0.89    0.56    3.31    5.76    5.07   34.50
C-G     0.54    0.22    0.54    5.06   -9.26    1.54   -1.39    0.86    3.47   -5.98   -0.01   42.00
C-G     0.03   -0.30    0.62   -8.74  -13.81   -4.85   -0.01    1.84    3.72   -3.07  -18.74   43.42
T-A    -0.39   -0.10    0.29  -13.20  -20.02   -4.49   -0.27    1.29    3.39   -1.24   -3.98   39.04
T-A     0.00    0.13   -0.35   -2.81  -14.69    5.34    0.38    0.55    3.01    1.10    1.44   34.48
T-A     0.27   -0.06   -0.32   -2.96  -18.43    8.20    0.35    0.23    3.31    2.70   15.12   31.17
T-A    -0.41   -0.27   -0.75    0.61  -12.20   -0.66   -0.45    0.44    3.31   -0.86   10.91   26.08
G-C     0.74   -0.01   -0.44   -5.46   -3.31   -2.60    0.25   -0.89    3.79   -1.46   17.37   30.88
A-T    -0.36   -0.04   -0.06   -8.20   -7.35   -0.85    0.55   -0.21    3.32   -2.32    7.62   27.37
T-A     0.04   -0.10    0.24    0.58   -7.36    1.86   -0.60   -0.68    3.14   -0.55    2.45   30.58
G-C     0.18    0.03    0.21    2.90   -9.06   -2.98   -0.02    0.47    3.30    0.65    2.80   36.50
G-C     0.18    0.05   -0.04    5.86    2.74    7.99    1.24    0.47    3.16    3.44    0.32   36.92
A-T     0.77   -0.23    0.19    6.29  -23.60   -3.88   -1.57    1.25    3.58   -2.35   -9.14   41.48
G-C     0.15    0.19    0.52    3.89   -4.01    9.64    1.71    0.52    3.34    1.09   -6.25   35.82
C-G     0.28    0.03    0.23    6.91  -20.56    0.73   -0.96    0.45    3.38    0.03   -2.49   35.06
A-T    -0.47   -0.14   -0.23  -10.31   -5.50    8.82    1.23    0.52    3.66    5.18    5.59   35.32
G-C     0.75    0.14   -0.10  -13.91    1.46    5.57   -1.26   -0.29    3.36   -8.80    8.71   37.84
T-A    -0.05    0.30   -0.20    2.80   -2.72    6.44   -0.18   -0.69    2.77    2.25    4.51   28.44
T-A    -0.30    0.73    0.24   -5.83  -11.78    2.39   -0.26    0.04    3.64   -0.90    6.49   30.29
T-A     0.57   -0.04    0.79  -18.87  -10.01    1.07    0.22   -0.19    3.73   -0.78    7.16   39.99
C-G     0.47    0.64    0.18  -16.33   11.91   10.74    1.35    0.67    3.26    3.73    1.12   35.24
C-G     0.14    0.27    0.02   13.60  -16.94   -1.10   -1.53    1.39    2.70    3.93   -6.40   31.90
A-T    -0.28   -0.11    0.48   14.22   -4.35   -1.61    0.42    2.05    3.32   -1.01  -10.22   44.56
A-T     0.31   -0.13   -0.14   10.44  -11.61    0.06    0.16   -0.02    3.47    2.89   -0.32   36.10
A-T     0.70   -0.23   -0.40   -3.14   -5.59    1.76   -0.27   -0.30    3.61   -2.42   -0.52   37.77
T-A    -1.34    0.27   -0.75   -4.15  -10.48   -4.31   -0.86   -0.94    3.20    0.88    0.78   25.81
A-T     0.62   -0.15    0.61    1.58   -3.10    3.23    0.70   -0.37    3.24  -11.18    0.12   41.74
C-G    -1.01    0.15   -0.60   21.52   -6.46   -4.62   -0.03   -0.71    3.00    7.26    2.15   22.07
A-T    -0.26   -0.36   -0.13    7.90  -19.00    4.71    0.87    0.17    3.52    2.93   10.66   39.31
C-G    -0.25   -0.22   -0.47   10.42  -12.12   -0.32   -0.08   -0.59    3.18    1.81    2.94   34.26
T-A     0.55    0.12   -0.14   -3.45   -3.00    2.95    0.37   -0.33    3.66    2.15    7.37   39.21
T-A    -0.19   -0.16    0.28  -19.05  -12.43   -2.47   -0.62   -0.40    3.68   -1.84    2.98   30.86
T-A     0.43    0.42    1.09  -23.58   -9.92   -0.34   -0.24   -0.70    3.42   -6.01   -2.90   37.12
T-A    -0.55    0.31    0.34  -18.41  -21.72   -2.94   -0.84    0.82    3.03    3.54  -15.89   35.23
G-C     0.82    0.79   -0.26  -18.40  -13.78   13.33    0.65    2.67    3.21    3.69   -3.43   48.36
G-C     0.37    0.69   -0.08    3.15   -5.55   -4.02   -1.47   -0.29    2.77   -7.44    9.60   23.34
T-A    -0.76    0.31    0.04   -1.27  -11.52    0.91    0.62    0.04    3.38    1.54    1.97   32.08
A-T     0.12   -0.22    0.07    3.18  -25.96    3.34    0.27    0.08    3.38    6.12    9.32   30.33
G-C     0.99    0.65   -0.50    5.19   -3.47   -5.03   -0.05    0.66    3.34    5.20    8.74   35.35
A-T    -0.67    0.46   -1.54   -3.06  -22.77   -7.88    0.09   -1.45    3.54    8.36   20.51   19.61
A-T    -1.44   -0.10   -0.32    7.06   -5.51   -1.52    1.25   -0.07    2.91   -5.66    0.09   30.01
T-A    -1.35   -0.15   -0.67    9.77    0.70  -15.04   -0.35   -1.34    3.04    0.96    8.87   30.26
C-G    -0.83    0.10    0.45   -3.78   -5.39    0.04    0.91   -0.59    3.71   -3.88   -0.90   42.73
T-A    -0.66   -0.36    0.43  -11.65   -5.63   -5.53   -0.49    0.30    3.54   -0.68   -1.24   33.03
G-C    -0.25    0.07    0.02   -8.52   -2.10    0.50   -0.36    2.78    3.05    0.41   -9.52   51.01
C-G     0.10   -0.24    0.32   -1.11   -7.17   -0.64    0.24    0.53    3.23   -4.24    5.53   27.34
A-T    -0.14   -0.09   -0.04   11.00   -3.93    7.45    0.15    2.36    3.09    0.47   -6.20   43.77
G-C     0.64    0.29    0.58   16.34   -5.27    3.96   -0.22    0.77    3.14   -6.66    5.05   34.57
G-C    -0.03   -0.16   -0.22    4.77   -3.59   -4.57   -0.55   -1.03    3.49    1.44   11.87   32.09
T-A    -0.83   -0.23   -0.10   -5.71   -6.41   -5.16   -0.41   -0.96    3.64    0.28    6.07   27.41
G-C    -1.23   -0.80   -0.11   -2.61    4.92    1.38    0.69    0.24    3.34   -0.37    7.65   32.63
G-C     0.29   -0.09   -0.44    3.22   -4.37    6.54    0.17    0.18    3.31    3.63    5.63   34.78
A-T     0.07   -0.00    0.59    0.35   -3.42    1.67   -0.30   -0.39    3.21   -9.00    1.66   36.20
T-A     0.12   -0.19   -0.03    2.64   -1.26   -3.54   -0.27   -0.93    3.27    4.12   -1.24   31.86
A-T    -0.08   -0.36    0.11   -6.68   -2.23   -2.86   -0.43    0.21    3.53   -3.96   -6.23   40.23
T-A    -0.44   -0.18    0.19   -5.53   -3.36    0.09   -0.39   -0.86    3.23   -3.01   -0.24   31.44
T-A     0.15   -0.01   -0.12  -10.79   -4.82   -0.50    0.08   -0.04    3.39    2.13    0.90   36.77
G-C     0.27    0.10   -0.16    1.62   -1.03    3.22    0.55    0.08    3.12   -0.45    0.19   33.07
A-T    -0.06   -0.42   -0.54    2.75   -1.99   -1.74   -0.36   -0.07    3.46    1.02    3.56   32.51
T-A     0.04   -0.43   -0.71    7.27   -1.51    0.79    0.51   -0.86    3.20    0.78   10.03   34.21
