 146 base-pairs
   0  ***local base-pair & step parameters***
       Shear  Stretch  Stagger Buckle Prop-Tw Opening   Shift  Slide    Rise    Tilt    Roll   Twist
A-T    -0.22    0.10   -0.31  -14.92    4.00   -4.15    0.00    0.00    0.00    0.00    0.00    0.00
T-A     0.04    0.15   -0.30   -1.51  -10.63    0.38   -0.64   -0.66    3.12    0.69    1.03   33.68
C-G     0.89    0.03   -0.73    8.31  -12.80    9.22    1.01    0.53    3.07    6.92    2.25   38.38
A-T     0.01    0.03   -0.03    0.10  -11.45   10.95   -0.61    0.95    3.55   -6.57   10.79   31.08
A-T     0.25    0.30    0.06   -6.63  -17.81    6.69   -0.64    0.20    3.38   -3.59    1.23   39.68
T-A     0.14   -0.42   -0.21   11.01  -17.79   -7.33   -0.07   -0.63    2.88    3.57   -2.51   31.78
A-T     0.72    0.32   -0.01    0.68  -13.92    8.97    0.31   -0.20    3.63   -0.15   -3.97   36.31
T-A     0.27    0.10   -0.15    6.39  -10.08    5.04    0.01   -0.97    3.25   -2.22   -2.65   32.94
C-G    -1.26    0.66    0.06   -5.62  -14.48   13.73    0.87    0.19    3.29    2.14    0.23   34.71
C-G    -1.21   -0.31   -0.65    5.20   -5.38   -1.74   -0.16   -0.32    2.99    4.10   10.53   26.74
A-T    -0.42    0.08   -0.27   -1.36  -10.74  -19.57   -1.27    1.34    3.64   -7.43    6.14   37.12
C-G     0.18    0.83   -0.86    6.52  -13.19  -16.07   -0.28   -1.15    3.18    0.07    1.58   33.14
C-G    -0.49    0.40    0.26   -8.27  -17.50    2.53    1.34   -0.61    3.61    0.11   17.07   30.24
T-A     1.40   -0.00   -0.45   12.13  -23.56    5.81   -0.20    1.08    2.78    8.54    9.11   34.73
G-C    -1.25   -0.58    0.39    0.04   -8.48   -9.27    0.02    1.87    3.40   -5.95   -7.78   33.87
C-G     0.30   -0.31    1.19   -6.04   -2.96   -3.73   -0.13    0.29    3.84   -2.81    5.90   42.77
A-T    -0.06   -0.24    1.23   10.83   -7.81   -7.91    0.41    1.80    3.04    3.87  -21.87   41.85
G-C     0.65    0.25    0.76    6.76  -22.67    5.88    0.66    0.10    3.52    4.14    6.32   38.02
A-T     0.59    0.57   -1.37  -20.29  -20.74   -2.10   -0.95   -0.77    4.15   10.83   -2.40   36.27
T-A     0.48    0.48   -0.74   -0.75  -22.95    6.89    0.19    0.31    2.51   -4.29   -2.87   33.73
T-A     2.73   -1.82   -0.39   -4.26   -2.34   10.57    0.88   -0.67    3.49    1.40    1.80   37.25
C-G     0.28    0.31   -1.25   22.11  -17.03   26.30    1.27    0.75    1.87   20.06    9.73   23.17
T-A    -0.98    0.22   -1.25   12.40  -24.19   -3.08   -2.60    0.66    3.33   -8.40   19.73   23.90
A-T     0.01    0.73    0.07   -8.23  -11.20   17.22    2.24    0.55    3.61   -0.61   22.56   33.27
C-G     0.61    0.85    0.41    2.17   -7.67    9.29   -1.29    0.22    3.17   -8.05    0.32   32.59
C-G     0.69    0.46   -0.56   23.49   -5.39    9.27    0.69   -0.27    2.70   13.18    9.81   27.87
A-T    -0.36    0.31    0.51   19.45  -31.99   -0.19   -0.19    2.89    3.25   -0.49   -8.48   39.77
A-T    -0.07   -0.47    0.39   10.58    0.20  -10.63   -0.39   -0.42    3.47   -8.41    9.18   37.02
A-T     0.09   -0.31    0.36    7.37  -16.30    6.69    1.01   -0.03    3.28   -0.74  -13.83   39.07
A-T     0.59    0.34    0.53    4.05  -13.77   -1.97   -0.60   -0.16    3.23   -4.47    0.41   35.72
G-C    -1.79    0.53    0.41  -10.73  -19.04   13.92    0.82   -0.44    3.30    0.56    6.34   29.17
T-A    -1.78    0.14   -1.08   -2.90  -16.29    6.00   -1.50   -0.04    3.48    0.40    1.42   29.86
G-C     0.20    1.08   -1.05  -15.03   -5.87    4.54    0.17    0.02    3.90   -5.19   15.87   38.37
T-A    -0.95    0.21   -0.69   15.03   -0.39   -9.72   -0.28    0.25    2.62   -1.86   -2.85   24.03
A-T     0.08    0.15   -0.68   -8.95  -18.27   -7.57   -0.09   -0.77    4.08    1.63   13.98   39.71
T-A    -0.41    0.09   -0.57    1.00   -9.78    1.38    0.75   -0.52    2.88    2.31   -0.09   34.48
T-A    -0.32   -0.02    0.14   -7.24   -3.41   -2.45    0.08   -0.15    3.55   -3.66   -4.33   37.84
T-A     0.22   -0.07    1.07  -17.15   -5.05   -0.94   -0.02   -0.83    3.62   -4.44    6.60   34.11
G-C    -0.01    0.12    0.51  -16.43  -31.24   -6.94   -1.34    1.76    3.29    0.20  -20.20   43.26
G-C     0.15    0.30   -0.03    0.49    8.33    6.30    1.77    1.22    3.15    1.73   -7.15   34.65
A-T     0.04    0.28   -0.25    4.92  -25.22    3.40   -1.27    0.99    3.39   -0.92    5.53   34.44
A-T    -0.94    0.03   -0.42    8.15  -18.61    7.56    0.63   -0.04    3.11    2.23    5.61   32.25
A-T    -0.31    0.43   -0.03   -2.04  -12.64   -1.67   -0.38    0.32    3.54   -4.56   18.13   33.39
C-G    -0.59    0.58    0.13   11.07  -11.30    0.77    0.21   -0.68    3.04   -2.46    0.66   29.31
T-A    -0.12   -0.12    0.28    2.77  -13.84   11.65    1.41   -0.16    3.52    6.25    9.74   35.56
G-C    -0.23    0.01    0.36   -8.68  -23.25   -1.29   -1.27    0.64    3.55   -4.01    7.45   35.14
C-G    -0.11    0.05   -0.23   -3.97  -11.10   11.18    1.14    1.06    3.09    7.90   -1.72   41.23
T-A    -0.81   -0.01    0.31   -1.14  -30.23   -3.91   -1.56    1.10    3.27   -9.45   -4.48   34.26
C-G     0.41    0.02    0.00   -4.51  -10.68    7.18    1.27    1.27    3.50    4.85    0.00   44.37
C-G     0.26    0.13   -0.37    2.53  -15.79   -1.31   -0.92    0.73    3.12   -5.11   -4.73   38.87
A-T    -0.64    0.22   -0.74    0.98  -15.07    3.06    0.29    1.29    3.61    2.73    4.15   37.11
T-A    -0.51    0.02   -0.63   23.50   -3.57   -5.66    0.05   -0.33    2.87   -6.26   -0.51   31.86
C-G    -0.94    0.47   -1.83   31.55   -9.10   -5.40    0.62    0.01    3.21   11.90    5.65   31.87
A-T     0.13   -0.10   -1.66   -5.57   -8.97   -6.25   -0.49    0.37    4.33   -3.84   27.02   37.64
A-T     1.44    0.01   -0.73   -5.33  -21.46   11.50    0.48    0.15    3.42   -1.41    2.84   39.81
A-T     0.91    0.32   -0.45   -3.16  -14.63    4.39   -0.84    0.45    2.93   -5.28    3.72   37.36
A-T    -0.13    0.06   -0.12   -9.57  -13.08   -5.02   -0.92   -0.12    3.49   -7.75   -9.34   36.46
G-C     0.81   -0.18   -0.77  -14.59   -5.79   -1.37   -0.01    0.37    3.75    2.60   10.68   37.09
G-C    -0.98   -0.42    1.77   24.56   13.69   -0.27    0.22    1.90    3.73  -17.13  -57.21   39.05
C-G    -1.04    0.32    0.63   11.84    7.63    8.61    0.94   -0.43    4.25    8.59   -0.22   33.97
A-T     1.62   -0.05   -1.56   -2.56  -25.89   10.80   -0.89    0.92    3.89   16.82   11.60   46.83
T-A    -0.66    0.01   -0.73    5.55  -20.55   13.11    0.83   -0.27    2.60   -2.95   13.23   23.19
G-C    -0.07   -0.10   -0.19   -4.46   -5.53    2.45   -0.69    1.65    4.07   -5.37   12.32   34.20
T-A    -0.15   -0.03    0.01   -2.73  -15.36   -0.80   -0.70   -0.54    3.35   -3.04    7.29   29.51
T-A     0.10    0.11    0.10   -3.32  -12.72    4.75    0.73    0.10    3.30    0.84    8.05   31.06
C-G    -0.07   -0.08   -0.21   18.00  -12.54    1.38    0.46    0.86    2.77    4.22    2.61   36.41
A-T     0.05    0.02    0.72    6.17  -25.97    0.53   -0.34    2.10    3.71   -0.73   -8.62   47.44
G-C     0.72    0.58    0.88    8.04  -16.20    4.32    0.62    0.29    3.35   -1.94    3.60   33.36
C-G    -0.86    0.34    0.48   -4.66   -7.88    5.71    0.23    0.95    3.83    3.15  -16.00   35.84
G-C    -0.27    0.40   -0.09   -4.29  -14.92    6.71   -0.18    1.25    3.39    2.09    9.52   40.57
G-C     0.78    0.09   -0.16    1.83   -3.88    4.50    0.53    0.94    3.19    1.00    5.97   35.91
A-T    -0.49    0.24    0.27    3.76   -7.30    2.88   -1.24    0.12    3.22   -9.55    2.10   28.87
A-T     0.67    0.20   -0.04   -0.08   -9.60   -1.34   -0.33   -0.37    3.47    0.64    5.42   37.45
T-A     0.24    0.35    0.20    0.36  -10.86    2.17    0.31   -0.80    3.26   -0.67    4.53   29.84
T-A    -0.10   -0.07   -0.14   -2.02  -14.72    5.68    0.57   -0.24    3.23    6.98    5.85   32.55
C-G     0.21    0.10    0.37   -0.73   -8.92    2.83   -0.26    0.29    3.46   -3.34    5.16   32.53
C-G    -0.08   -0.03   -0.21    9.43   -9.17   -2.86    0.24    0.79    3.07    5.86    1.32   36.13
G-C     0.55    0.36    0.42    3.54  -10.19    7.70    0.83    1.73    3.63   -0.42   -6.58   43.46
C-G     0.45    0.01    0.53   -9.57  -21.23   -0.28   -1.10    0.86    3.77   -2.04    0.29   34.53
T-A     0.20   -0.08    0.09   -8.46  -10.54    0.88    0.65    1.71    3.37    2.74   -9.41   45.02
G-C    -0.53    0.13    0.30    2.82   -9.33    6.95   -0.15    1.09    3.09   -5.30    5.26   32.18
A-T    -0.23    0.05   -0.27    3.17  -18.28    2.81   -0.77    0.29    3.36    4.12    7.65   33.45
A-T     0.25    0.08   -0.46   -1.25  -17.08    0.48    0.20    0.22    3.53    0.17   11.43   35.19
C-G     0.05    0.00   -0.45    4.28  -13.25    1.28    0.23   -0.51    3.09    2.16    5.99   27.80
A-T     0.63    0.18    0.29    0.79  -14.73    1.76   -0.23    0.52    3.51   -4.03   11.36   36.12
T-A    -0.68    0.06   -0.36    5.10  -10.11    0.95    0.06   -0.57    3.21    6.12    4.00   25.93
G-C    -0.16   -0.05   -0.14    3.12    1.90    3.37    1.00    0.64    3.52   -0.06    5.16   35.27
C-G     0.50   -0.02    0.35   -0.65  -31.38   -6.09   -1.22    0.94    3.57   -1.72  -12.65   46.32
C-G    -0.17   -0.24    1.13  -12.11   -9.81   -0.26    0.89    1.34    3.85   -2.32   -7.39   36.03
T-A    -0.96   -0.02    0.38  -16.05  -19.88   -3.34   -0.58    0.95    3.47    1.16   -7.57   37.44
T-A     0.10    0.24    0.02    3.12  -15.10    5.24    0.49    0.13    2.89    1.38   -0.76   37.70
T-A    -0.03    0.28   -0.06   -3.97  -14.70    8.51    0.41    0.17    3.39    3.01   13.47   31.43
T-A     0.39   -0.20   -0.15   -5.83  -12.84    3.58   -0.19    0.36    3.50   -1.04   13.59   29.21
G-C    -0.20   -0.05   -0.50  -11.73  -11.80   -1.20    0.14   -0.99    3.61    1.28   15.36   26.64
A-T    -0.06   -0.00   -0.28  -13.55   -7.49    1.55    0.29    0.01    3.28   -3.33    6.39   32.29
T-A     0.58    0.19    0.11    3.14   -0.56    5.17   -0.03   -0.70    2.92   -0.85    2.78   28.60
G-C     0.18    0.16    0.31    9.16  -13.18   -0.46   -0.30    0.71    3.17    0.75   -0.45   36.84
G-C     0.48   -0.11   -0.51    7.32    0.40   -0.97    0.96    0.36    3.49   10.80    2.01   36.73
A-T     0.93   -0.35   -0.08    5.96  -31.07   -3.09   -1.25    1.48    3.43   -4.17   -5.68   42.86
G-C    -0.24    0.11    0.79   14.67   -4.44    2.86    1.59   -0.10    2.81   -1.77   -3.16   28.99
C-G     0.79    0.15    0.87   -0.28  -24.42    2.85   -0.84    0.34    3.91   -3.23   -1.17   41.52
A-T    -1.17    0.09   -0.33  -11.18   -5.03   11.34    1.27    0.40    3.47    7.55    0.81   32.19
G-C    -0.06    0.37   -0.12  -11.51   -5.19    5.18   -1.59   -0.02    3.36   -8.06    7.49   35.36
T-A     0.11    0.24    0.26   -2.32   -5.84    1.56   -0.28   -0.80    3.04   -2.33    6.36   31.67
T-A    -0.03    0.77   -0.31   -4.43  -12.75    4.33   -0.16    0.09    3.34    5.04    7.87   31.50
T-A    -0.07   -0.01   -0.23   -4.47  -21.77    4.48    0.17    0.05    3.25    1.40    5.95   37.44
C-G     0.26    0.28   -0.00   -4.66   -4.88    5.06    1.29    0.85    3.39    3.60    3.51   37.53
C-G    -0.05    0.19    0.48    4.13   -3.77    7.30   -0.72    0.94    3.31   -4.35    2.49   27.95
A-T    -0.45    0.06    0.74   10.57  -13.24   -1.63    0.02    2.33    3.39    2.64  -20.77   46.18
A-T     0.11    0.03    0.52    7.12  -10.31    0.63    0.43   -0.26    3.39    1.05    2.78   35.64
A-T     0.51   -0.10   -0.05   -6.50   -6.98   -2.58   -0.66   -0.49    3.56   -0.65   -0.62   36.22
T-A    -0.81    0.33   -0.15    0.55   -7.60   -0.44   -0.40   -0.73    3.06   -1.94   -3.94   31.01
A-T     0.02   -0.10   -0.12   -2.19  -17.83    7.16    0.39   -0.28    3.46   -0.23    4.70   38.31
C-G    -0.85    0.06   -1.60   26.77  -17.81   -9.88   -0.18   -0.17    2.63    9.79   -1.84   22.75
A-T     0.87   -0.27   -0.45   -0.96  -19.78    0.76    0.57    0.06    4.18   -3.44   21.85   43.73
C-G     0.27    0.01   -0.83    7.08  -23.78    6.80    0.56   -0.57    2.95    7.02    4.09   29.69
T-A     0.08    0.46    0.12   -8.46  -11.05    4.37    0.04   -0.17    3.72   -4.01   10.49   33.81
T-A    -0.24   -0.14    0.93  -16.74  -15.28   -5.99   -0.92   -0.18    3.55   -7.53   -1.08   34.56
T-A    -0.14    0.12    1.25  -19.94  -16.29    4.11    0.09   -0.89    3.28   -0.56   -9.34   34.94
T-A    -0.11    0.02    0.73  -19.40  -22.22   -7.30   -1.10    0.12    3.16    0.85   -6.94   36.30
G-C     0.28    0.63   -0.88  -33.28  -20.32    7.29    0.34    2.34    3.51    9.27   -1.54   46.03
G-C    -1.37    0.12    0.84   13.97    1.68   11.74   -0.01    0.54    2.07  -19.80   -0.86   21.52
T-A    -0.80    0.57    0.05   16.82  -13.60   10.75    0.20   -0.29    3.30    7.51    3.18   33.78
A-T     0.82    0.02   -1.34    7.24  -22.75   -1.50   -0.52   -0.24    3.74   12.18   18.71   32.77
G-C     0.83    0.30   -0.39    0.25  -22.94    1.80    0.16    1.66    3.32   -3.78   11.94   33.36
A-T    -0.12    0.33   -0.99   -7.74  -22.26    0.65   -0.11   -1.46    3.47    1.79   16.94   24.45
A-T    -0.67    0.17    0.09    7.75  -16.42    6.55    0.79   -0.04    2.77   -5.08    1.23   32.28
T-A    -0.45    0.25   -0.73   18.02  -18.96   -0.16   -0.00   -0.73    2.98    6.97   -3.76   32.51
C-G    -0.39    0.44    1.05  -11.35  -18.09    7.26    1.01   -0.58    4.03   -5.35    3.27   37.00
T-A    -0.30   -0.03    0.76  -11.41  -16.60    0.02   -0.72    0.05    3.14    0.45    5.94   33.57
G-C    -0.37    0.06    0.15   -6.20   -6.47   -0.74   -0.61    2.76    3.15   -2.09  -11.65   47.42
C-G     0.83    0.15   -0.19   12.42  -14.57    1.06    0.05    0.55    2.86    0.89    3.51   30.88
A-T    -0.27   -0.09    0.35    6.50  -14.64    2.72   -0.02    2.07    3.50   -4.55   -8.11   43.36
G-C     0.34    0.17    0.00    2.61  -13.07    6.23    0.60    0.40    3.58   -0.05   11.88   29.37
G-C    -0.07    0.17   -0.35   -0.92  -10.38   -3.18   -0.67   -0.23    3.25   -1.91    8.56   34.29
T-A    -0.55    0.12   -0.32   -3.13   -3.73   -4.72   -0.60   -1.09    3.38   -0.40    9.04   28.41
G-C     0.28   -0.23   -0.35   -3.15  -10.75   -3.57    0.21    0.12    3.55    2.12   10.17   37.98
G-C    -0.01   -0.03   -0.25    0.32  -11.42    5.86    0.75    0.19    3.26   -0.03    6.69   28.30
A-T    -0.11   -0.17   -0.02   -5.25   -7.96   -2.09   -0.70   -0.34    3.25   -5.55    3.42   35.35
T-A     0.37   -0.11    0.11    5.31   -5.45    0.35    0.15   -0.68    3.15   -0.06   -2.97   32.87
A-T    -0.20   -0.22    0.38   -6.53   -6.33    0.32   -0.26    0.10    3.51   -3.55   -7.58   40.54
T-A    -0.04    0.19    0.21   -0.12  -14.21   -0.35   -0.61   -1.02    3.21    0.91   -2.45   32.40
T-A    -0.08   -0.04   -0.45   -6.82   -9.97   -1.73    0.75    0.31    3.35    7.29    0.64   38.74
G-C     0.79    0.39   -0.77   -6.53   -3.59   -3.63    0.02    0.11    3.44    3.36    8.42   31.39
A-T     0.90   -0.27   -0.46    3.54   -5.59   -3.22   -0.16   -0.02    3.12   -5.67    5.56   37.27
T-A     0.89   -0.74   -0.76   11.52   -2.45   -1.52    0.71   -0.88    3.19    4.00    2.86   34.71
