 146 base-pairs
   0  ***local base-pair & step parameters***
       Shear  Stretch  Stagger Buckle Prop-Tw Opening   Shift  Slide    Rise    Tilt    Roll   Twist
A-T     0.09   -0.32    0.26  -16.15    1.39  -14.18    0.00    0.00    0.00    0.00    0.00    0.00
T-A    -0.77    0.18    0.68   -7.37   -5.23    1.52   -0.09   -1.04    3.07   -2.67    2.09   29.43
C-G    -0.40   -0.11    0.20  -10.23   -3.45   -0.55    0.22   -0.16    3.20    2.45    0.34   38.97
A-T     1.10   -0.34   -0.03    6.39   -2.60    5.14   -0.30    0.68    3.02    0.92    3.88   38.80
A-T     0.90    0.09    0.30    0.26   -1.08    1.07   -0.71   -0.10    3.33   -8.22    3.19   36.65
T-A     0.36   -0.46    0.24    1.76   -3.71   -1.87    0.02   -0.96    3.26    0.51   -3.85   29.55
A-T     1.30    0.11    0.16    9.93   -6.28   -5.08   -0.29   -0.19    3.20   -2.67   -9.72   41.07
T-A     0.32    0.08    0.33   -1.01    0.57  -14.63   -0.61   -1.75    3.39   -2.50   -3.51   34.39
C-G    -1.44    0.69   -0.23   -6.76   -6.04   11.76    1.91   -0.17    3.30    7.64   -7.13   31.69
C-G    -1.66   -0.47   -0.39    5.58    0.04  -16.35   -0.64    0.02    3.12    4.57    7.99   22.97
A-T    -0.29    0.18    0.29    6.59    0.69  -19.53   -0.57    0.50    3.30   -7.65    6.58   38.01
C-G    -0.30    0.43    0.13    4.72   -4.82   -5.80    0.59   -1.44    3.29    0.20    3.11   32.87
C-G    -0.47    0.64    0.68  -10.84   -3.26    9.40    1.10   -0.74    3.49    1.41   10.27   33.72
T-A     1.44   -0.23    0.92   -9.66   -1.87    3.69   -0.33    0.60    3.43    0.41    4.38   39.96
G-C    -2.48   -1.34    0.75   -9.72   -1.55   -3.35   -0.25    1.10    3.34    5.05   -9.63   30.65
C-G     0.38    0.13    1.03   -2.36    1.12    0.55    0.25    0.19    3.22   -1.66    4.97   39.96
A-T     0.14   -0.30    0.90    5.11   -0.02   -7.23   -0.08    1.74    3.25   -0.57  -13.08   43.21
G-C     1.87   -0.15    1.31   18.47  -28.41   -6.08   -0.03   -0.13    3.23   -4.95   -5.02   41.60
A-T     0.42    0.46    0.04   -6.16   -5.48   -4.43   -0.20   -1.25    3.70    5.88   -9.43   31.07
T-A    -0.56    0.65    0.33  -14.81   -8.56    5.21    0.54   -0.64    3.32   -2.40   -1.94   30.50
T-A     0.61    0.77    0.40  -10.64   -3.80    3.44   -0.44   -1.10    3.10   -2.22   -0.44   37.16
C-G    -0.89   -0.01   -0.09    4.74   -2.30   -5.60    0.77   -0.32    2.90    9.08   -0.35   21.88
T-A    -0.60    0.50    0.76  -12.49   -8.16   -7.09   -1.19   -0.68    3.90   -8.11   21.44   34.49
A-T    -0.73    0.41    0.65    8.39    0.17    7.16    1.57    0.21    2.59    2.92    1.37   34.25
C-G     0.34    0.41    0.85   -0.10   -1.01    4.26   -0.23   -0.92    3.86   -1.61    2.85   32.06
C-G    -1.27   -0.53   -0.09   11.11    2.19   -3.91    0.48   -0.61    2.89   12.90    6.44   23.89
A-T    -0.13   -0.35    0.87   16.33   -8.32   -7.74   -0.14    2.30    2.98   -5.87   -3.81   43.51
A-T     1.54    0.39    0.80   17.94   -4.90  -11.64   -0.19   -0.15    3.33   -3.83   -4.85   40.83
A-T    -0.53   -0.32    0.39    6.89   -5.93   -4.42    0.67   -0.68    3.62   -1.45  -11.04   29.81
A-T     0.14    0.39   -0.02    6.56   -4.85    1.91    0.20    0.28    3.30    1.98   -7.17   40.86
G-C    -0.08   -0.13   -0.20    0.14   -1.14    5.36    0.24   -0.62    3.40   -0.12    1.67   33.02
T-A    -1.34    0.03   -0.34   -0.47   -2.63    3.36   -0.38   -1.05    3.17   -0.37    5.02   27.61
G-C    -0.28    0.15   -0.43  -11.44    0.63    8.23    0.59   -0.14    3.61   -2.82   14.35   36.69
T-A    -1.36    0.05   -0.62   -1.74   -5.85   -4.57   -1.03   -0.57    3.02    0.66    7.07   24.27
A-T     0.27    0.04   -0.08   -2.62   -1.20   -0.64   -0.21   -0.38    3.45   -8.12    5.94   43.01
T-A     0.04   -0.05    0.30   -1.84   -2.44    0.20    0.16   -0.74    3.32   -3.15   -6.34   34.67
T-A    -0.51   -0.21    0.99  -18.81   -2.33   -0.26    0.12   -0.61    3.82    0.91   -8.96   36.08
T-A     0.54   -0.29    1.07   -9.45   -4.65   -3.78   -0.18   -0.62    2.99    1.51   -1.91   34.65
G-C     0.67   -0.19    1.54   12.17   -3.19   -0.71    0.19    2.04    3.06   -6.01  -28.17   45.93
G-C     0.54    0.34   -0.28    4.71    3.23    2.80    1.24    0.65    3.81   18.33    3.83   29.60
A-T     0.78   -0.51    0.63   10.31   -8.08   -6.36   -0.91    1.00    3.59   -9.50   -2.66   39.52
A-T     0.34   -0.03    0.40    5.50   -5.17   -5.65    0.19   -0.55    3.12    2.06    5.79   33.20
A-T    -0.05    0.16    0.42    0.12   -2.19   -5.49    0.10   -0.73    3.38    0.70   11.31   29.57
C-G    -1.22    0.51    0.21   -0.26   -5.50    4.81    0.09   -1.07    3.26   -0.42    6.27   27.14
T-A    -0.20    0.07    0.36    7.46   -3.14   12.02    1.31   -0.26    3.25    0.11    3.81   38.24
G-C     0.68   -0.18    0.86    7.88   -7.41   -8.39   -1.46    0.62    3.42   -2.88   -6.04   42.65
C-G     0.16   -0.03    0.59   -6.46   -0.10    5.99    1.46    0.25    3.63    5.26    0.36   35.48
T-A    -0.03   -0.06    0.29   -8.93  -18.87   -2.90   -1.22    1.16    3.27   -0.61   -7.82   37.94
C-G     0.42    0.05   -0.05   -0.46    3.34    3.71    0.82    1.18    3.37    3.70   -3.67   41.99
C-G     0.01    0.31    0.36   -1.60   -2.62   -2.50   -0.92    0.40    3.39   -7.88   -7.09   35.35
A-T     1.18   -0.04    0.48   14.66   -3.81   -8.47   -0.07    0.71    3.12   -2.24   -3.30   45.23
T-A     0.10   -0.30    0.44    5.62   -1.78   -1.34    0.47   -1.00    3.64   -0.65    8.57   28.18
C-G    -0.29   -0.08    0.09    2.28   -4.07   -0.82    0.28   -1.01    3.44    2.51    3.61   29.73
A-T     0.47    0.01    0.04    5.67   -2.12    3.17   -0.00    1.14    3.38   -1.59    5.42   38.83
A-T     1.01   -0.05   -0.32    5.97   -5.12    8.93   -0.14    0.40    3.18    0.23    7.02   40.29
A-T     1.01    0.48   -0.00    3.00   -3.88   -6.81   -1.54    0.17    3.00   -6.96   -6.01   41.18
A-T    -0.17   -0.29    0.00   -6.43   -1.68   -3.42    0.41   -1.19    3.61   -1.23   -4.83   29.79
G-C     0.72    0.22   -0.65    2.91   -3.11    6.04    0.27    0.93    3.43    3.12   -9.07   40.29
G-C    -0.84   -0.35   -0.23   -0.24    2.11   -1.82   -0.03    1.39    4.78   -0.25  -32.86   37.18
C-G    -0.15    0.75   -0.79    7.89    0.14   18.30    1.38    0.69    3.47    5.98    3.66   36.71
A-T     0.63    0.26    0.38    6.50   -2.33    8.64   -1.20    0.87    3.60  -10.96    5.04   40.40
T-A    -1.11    0.44    0.11   -9.39   -6.76    8.27    0.45   -1.10    3.49    1.24    7.22   26.26
G-C     0.17   -0.04   -0.35  -12.08   -1.36   -2.77   -0.69    1.21    3.80    2.32   11.01   40.59
T-A    -0.54    0.03    0.13  -12.74   -2.31   -0.52   -0.58   -0.55    3.38   -5.67    3.34   27.11
T-A     0.02   -0.10    0.37  -12.62   -4.67   -0.78    0.27   -0.05    3.38   -0.68    3.87   35.92
C-G     0.51   -0.19   -0.06    8.60   -6.30   -0.37    0.78    0.46    2.91    7.48    2.57   36.90
A-T     0.25   -0.52    1.04   13.61  -12.81   -8.09   -0.37    1.55    3.15   -5.53  -13.13   44.28
G-C    -0.17   -0.20    0.39    0.58    0.97    3.02    1.21    0.46    3.62    5.74    1.25   32.72
C-G    -2.10   -0.44    0.77  -12.12  -10.60  -11.13   -1.61   -0.26    3.76   -8.67   -0.34   26.57
G-C     0.65    0.61    0.16    0.99    0.75   18.49    1.60    1.97    3.39    4.40  -11.74   53.13
G-C    -0.54   -0.01    0.74   18.42   -2.18    3.76   -1.14    0.56    2.96   -4.28    2.06   23.76
A-T     0.32    0.19    0.24    3.36   -1.53    2.45   -0.41   -0.49    3.62   -2.20    8.92   41.38
A-T     0.81    0.19    0.05    6.18   -3.55    4.03   -0.11    0.07    3.23   -0.19    3.97   37.55
T-A    -0.31   -0.31   -0.01    0.57   -3.79   -4.54   -0.53   -1.23    3.55    1.37    4.24   22.25
T-A    -0.28   -0.30    0.04   -3.08   -3.59   -6.36    0.22   -0.48    3.27    1.45    6.05   33.28
C-G    -0.02    0.06    0.45  -10.83    0.57   -7.29    0.28    0.56    3.71   -1.76    6.38   37.46
C-G    -0.39   -0.07    0.56   -2.15   -7.14   -3.65   -0.33    0.23    3.33    0.34   -4.67   32.34
G-C     0.02   -0.31    0.18    1.28   -1.10   -2.66    0.71    1.21    3.33    4.80   -4.93   39.40
C-G     0.00   -0.47    0.31   -8.00  -13.86   -8.60   -0.67    0.98    3.78    0.92  -10.19   39.08
T-A    -0.16   -0.17    0.27   -8.84   -7.33   -6.63    0.56    0.93    3.32    2.60    0.71   41.88
G-C    -0.27   -0.06    0.27   -1.38   -1.28    0.47    0.01    1.06    3.13   -1.70    0.43   37.39
A-T    -0.43    0.04    0.46    9.93   -3.51    2.06   -0.42    0.06    3.08   -1.42    5.30   30.25
A-T     0.17   -0.06    0.11    4.44   -6.76    2.50    0.31   -0.06    3.46    0.75    9.31   33.92
C-G     0.36   -0.13   -0.29   -1.75   -2.80    2.48    0.41   -0.59    3.56    4.75    4.16   32.95
A-T     0.18    0.15    0.12    2.82   -6.34    5.98   -0.12    0.45    3.18    0.26   10.31   32.37
T-A     0.32    0.06    0.11    0.34   -3.46    5.08    0.21   -0.43    3.45    1.11    1.89   31.35
G-C    -0.08   -0.36    0.03   -0.14    1.54   -1.02    0.33    0.62    3.29    3.15    5.41   33.01
C-G    -1.28   -0.58    1.12  -15.03   -9.21  -18.40   -1.94   -0.21    3.90  -11.83  -10.45   35.82
C-G     0.40    0.10    0.76  -16.51   -1.42   -2.77    1.15    1.21    3.57    7.39  -19.96   48.59
T-A    -0.07   -0.04    0.73  -18.04   -5.41   -5.03   -0.33    1.22    3.50   -0.97  -10.69   39.58
T-A     0.10    0.19    0.21   -6.13   -4.18    2.57    0.49   -0.13    2.92    3.34    3.36   33.08
T-A     0.21   -0.10   -0.01    3.70    1.34    8.05    0.82    0.12    3.01    3.45    5.09   32.28
T-A    -0.10   -0.21   -0.48   -1.41   -6.22   -4.29   -0.53   -0.15    3.46    4.15   16.96   27.73
G-C     1.00   -0.33   -0.02    2.38   -1.36   -2.46    0.41   -0.96    3.29   -0.88   13.50   31.69
A-T    -0.45   -0.18    0.00   -2.77   -3.67   -0.16    0.64   -0.25    3.36    0.51    7.09   24.42
T-A    -0.50   -0.09    0.45  -12.00   -4.26   -0.44   -0.87   -0.98    3.54   -2.75    3.54   30.76
G-C    -0.41   -0.05    0.09    4.17   -2.20    0.26    0.12    0.41    3.00    1.83    4.13   35.12
G-C    -0.39   -0.01   -0.32    5.17   -1.63    4.66    0.98    0.72    3.33    6.90   -5.93   37.70
A-T     0.44   -0.08   -0.29    0.74   -6.79  -12.81   -2.04    0.97    3.37   -7.46    5.34   41.86
G-C    -0.05   -0.21    0.32    3.20   -0.66    0.66    1.52    0.19    3.40   -1.08  -13.58   34.92
C-G     0.36   -0.07    0.74   -0.91   -9.73   -4.10   -0.94    0.38    3.41   -7.70   -1.43   38.27
A-T    -0.33   -0.42   -0.50   -5.88   -2.99    1.74    1.04    0.32    3.54   10.54    1.12   37.20
G-C     0.63    0.34    0.25   -5.39   -0.55   -1.13   -1.42   -0.57    3.35  -11.00    3.99   34.33
T-A     0.17    0.29    0.20   -5.28   -6.33   -4.13   -0.13   -0.82    3.24    1.91    8.30   33.01
T-A     0.83    0.17    0.50   -6.37   -1.67    4.66    0.54   -0.02    3.44   -1.79    1.48   34.11
T-A     0.17    0.06    0.22  -16.77   -5.99   -3.30   -0.34   -0.52    3.46    7.64    2.37   32.93
C-G     0.44    0.29   -0.80   -0.56   -1.27    8.14    1.90    0.77    2.79   13.67    6.40   37.28
C-G     0.24   -0.29    0.88    1.74   -4.33   -9.89   -1.85    1.22    3.58  -12.60    5.14   30.09
A-T    -0.09   -0.30    0.52    9.43   -2.05   -4.57    0.26    1.97    3.19    2.33  -18.45   45.32
A-T     0.05   -0.20    0.13    8.41   -4.35   -0.42    0.06   -0.43    3.36   -0.52    0.18   32.70
A-T     0.33   -0.06    0.14   -0.51   -4.00    1.39   -0.13   -0.32    3.42   -3.48   -6.08   38.60
T-A    -0.79    0.12   -0.23   -6.67   -3.27    0.57   -0.74   -0.82    3.40    2.13    0.11   30.12
A-T     0.37   -0.14    1.04   16.05   -2.63    5.41    0.42   -0.47    2.68  -11.99   -0.10   38.84
C-G    -0.69    0.01   -0.88   14.36   -1.45   -3.65   -0.01   -0.63    3.57   12.49    1.81   24.82
A-T     0.86    0.03    0.15   25.08   -5.63   -1.81    0.62   -0.04    2.99   -1.43    6.56   37.71
C-G    -0.45    0.34   -0.80   11.98   -5.53   -7.57   -0.27   -0.70    3.62    7.83    1.96   32.42
T-A     0.42    0.31   -0.21   -1.00   -2.24    3.73    1.08   -0.83    3.58    4.58    4.31   37.99
T-A     0.09   -0.10    0.70   -8.97   -5.57    2.06   -0.11   -0.23    3.51   -4.10    2.43   32.22
T-A    -0.49    0.66    0.94  -25.89  -12.22    0.35   -0.38   -1.24    3.42    0.62   -2.31   33.66
T-A    -0.57    0.08    0.84  -28.93   -9.81   -9.44   -0.88    0.14    3.35   -3.01   -8.71   35.74
G-C     0.68    0.61    0.21  -12.43    1.59   10.62    0.45    2.34    2.99   -0.60  -15.06   47.32
G-C    -0.10    0.69    0.76    3.72   -0.30    4.81   -0.76   -0.24    3.07   -5.29    1.59   25.28
T-A    -0.14    0.35    0.48   -0.35   -0.77   -4.70    0.10   -0.57    3.47    4.87   -0.52   34.03
A-T    -0.05    0.52    1.18   23.13  -10.95   -2.09    0.50   -0.38    2.42    0.72    2.70   31.33
G-C     0.95    0.93    1.08   13.33   -8.79    0.97    0.46   -0.36    3.83    4.61   10.46   33.46
A-T    -0.71   -0.06   -0.08   17.97   -8.40   -7.51   -0.00   -1.29    3.00   10.91    9.10   22.31
A-T     0.16    0.25    0.77   21.79   -7.02   -6.17    0.60   -0.93    2.96   -3.68    2.30   36.22
T-A    -0.46    0.70   -0.02    9.13   -1.85    2.52    0.60   -1.42    3.40    3.74    0.33   30.71
C-G     0.74    0.32    1.00  -12.45   -2.95    9.35    0.72   -0.30    4.00   -1.84   -4.48   44.44
T-A    -0.00    0.10    1.05  -15.57   -2.74   -5.18   -1.45   -0.10    3.25   -0.48   -2.02   30.10
G-C    -0.92    0.01    0.92   -6.74   -0.33    0.67   -0.12    2.29    3.03   -2.60  -13.59   43.80
C-G    -0.18   -0.10    0.26   -1.04   -1.20    5.44    0.44    0.30    3.45    2.81    1.21   29.92
A-T    -0.51   -0.19    0.71   11.53   -4.50    5.64    0.13    2.46    3.07   -0.30  -14.40   44.06
G-C     0.37    0.51    0.80   17.59   -4.77    7.78    0.31    0.67    3.23    0.26    6.17   33.84
G-C     0.01   -0.24   -0.10    4.37   -6.75   -2.93   -0.36   -1.23    3.46    3.80   13.63   33.81
T-A    -0.61   -0.24   -0.14   -7.99   -2.92   -4.41   -0.27   -1.00    3.63    2.30    8.84   28.56
G-C    -0.99   -0.79   -0.11   -0.40    2.10   -1.85    0.83    0.23    3.19    1.01    6.61   32.59
G-C     0.73    0.32   -0.09    6.30   -4.10    6.87    0.23    0.62    3.17    0.07    7.43   35.30
A-T     0.21    0.11    0.48   -1.35   -2.36    1.88   -0.61   -0.24    3.31   -8.41    1.44   36.26
T-A    -0.05   -0.30   -0.14    2.41   -5.73    2.82    0.07   -0.87    3.20    5.35   -3.49   29.61
A-T    -0.16   -0.32    0.13   -6.41   -1.73   -2.30   -0.71    0.45    3.43   -5.81   -3.22   42.24
T-A    -1.01   -0.44   -0.13    0.78   -7.63  -11.09   -0.96   -1.26    3.10    0.41   -4.58   26.65
T-A     0.41    0.08   -0.39   -4.55   -4.85    0.18    0.84   -0.13    3.45    4.62    0.76   41.00
G-C     0.82    0.06   -0.25    2.61   -1.94   -3.91    0.20    0.14    3.20   -2.14    4.58   34.86
A-T     0.36   -0.52   -0.33    2.49   -1.71    4.36    0.31   -0.35    3.29   -0.91    4.40   33.16
T-A    -1.26   -0.75   -0.83    7.45    3.42  -10.45   -0.24   -0.96    3.35    5.38    3.95   25.38
