 146 base-pairs
   0  ***local base-pair & step parameters***
       Shear  Stretch  Stagger Buckle Prop-Tw Opening   Shift  Slide    Rise    Tilt    Roll   Twist
A-T    -0.77   -0.31    0.07  -12.84   13.43    4.29    0.00    0.00    0.00    0.00    0.00    0.00
T-A    -1.04    0.70   -0.22    4.41  -13.80   -0.94   -1.49   -0.19    2.99    3.70   -5.81   29.87
C-G    -1.45   -0.61   -0.00    0.52   -4.73   -2.92    0.29   -0.90    3.32   -3.07    4.56   32.81
A-T    -0.07   -0.13   -0.24    3.65  -12.50    7.78    0.45    0.80    3.37    2.42    2.86   42.80
A-T     0.52    0.05   -0.05   -2.22  -14.84    1.84   -0.40   -0.05    3.41   -2.15    2.14   38.80
T-A     0.34   -0.39   -0.38   10.26   -8.42   -2.88    0.45   -0.48    2.99    2.57   -0.38   32.38
A-T     0.33    0.08   -0.07    0.00  -12.37    5.33   -0.03    0.15    3.62   -1.68   -1.77   35.59
T-A     0.39   -0.01   -0.47    1.27  -13.36   -2.82   -0.54   -0.88    3.19    1.63   -1.73   33.90
C-G    -1.27    0.45   -0.03   -4.26  -17.59   11.12    1.28    0.13    3.16    1.59   -1.49   34.77
C-G    -0.62   -0.14   -0.07    3.60   -7.48   -0.23   -0.05   -0.02    3.15    0.18   10.15   30.39
A-T     0.07    0.34    0.04    4.31    0.22  -18.20   -1.36    0.44    3.46   -6.87    4.86   34.67
C-G     0.25    0.72   -0.31    7.38   -5.15   -9.65    0.21   -1.26    3.29    0.41    0.49   32.36
C-G    -0.60    0.03    0.43  -11.32  -12.78    3.46    0.93   -0.55    3.64    1.36   17.69   32.07
T-A     0.64    0.02    0.12   -7.44  -20.15    6.54   -0.47    0.75    3.27    3.65    7.92   34.80
G-C    -1.57    0.10    0.26  -13.11   -9.47   -1.58   -0.30    1.92    3.33   -2.61   -7.82   38.11
C-G     1.49   -0.22    1.62  -13.79    8.49    3.91    0.12    0.24    3.52  -10.79    7.68   42.37
A-T     0.14   -0.36    1.29   13.64   -9.20   -9.08   -0.33    1.73    2.97    2.71  -30.94   37.28
G-C     0.30    0.39    0.92    9.61  -20.60    5.36    0.86   -0.11    3.37    4.69    3.49   33.96
A-T    -0.07   -0.03   -0.36  -12.43  -17.52    3.91   -0.06   -0.37    3.79    9.88   -2.43   35.47
T-A    -2.07   -0.17   -0.62   -5.25   -7.13  -21.22   -1.83   -0.06    2.78   -5.27   13.00   24.78
T-A     0.60   -0.40   -0.73   11.16  -26.61    2.27    0.40   -0.80    3.16    0.54  -13.49   44.10
C-G    -0.53   -0.38   -0.30    9.63  -28.56   -1.74    0.86   -0.84    3.02    4.88   10.44   26.78
T-A    -1.21   -0.20   -0.70   16.31  -41.05   -6.71   -0.89    0.69    3.48    3.41    8.70   27.41
A-T    -1.11    0.35   -0.11   -2.02  -19.05   12.02    2.15    0.28    3.40    5.55   25.01   31.23
C-G    -0.48    0.29    0.18    4.16   -5.90    8.95   -0.49    0.21    3.08   -6.60    8.73   31.77
C-G    -0.11    0.32   -1.32   33.65   -8.46    8.63    0.74    0.14    2.58   17.58    7.31   27.87
A-T     0.03    0.60    0.45   24.20  -33.96    1.74   -0.09    3.13    3.36   -4.30   -4.80   44.89
A-T     0.87    0.25    0.17   18.66  -10.27   -2.71    0.24    0.09    3.34   -3.07    3.38   38.88
A-T     0.08   -0.25    0.02   11.15  -20.99    5.58    0.86   -0.07    3.51    3.37   -7.35   36.48
A-T     0.10    0.12   -0.02    7.86  -17.80    0.34   -0.20   -0.00    3.24   -0.38    1.59   32.23
G-C    -0.20   -0.01   -1.50  -37.13  -24.94   -0.38   -0.16   -0.15    4.49    3.98   17.72   36.38
T-A    -1.64    0.42   -0.56   -5.07  -13.30    6.41   -0.66   -0.51    2.40  -12.20   -2.22   24.20
G-C    -0.13    0.20   -1.27  -18.86  -11.64    3.23    0.04    0.34    3.89   -1.74   18.29   36.77
T-A    -2.05    0.24   -1.77   14.38  -21.65   -4.45   -0.81   -0.42    2.30    2.71    3.43   19.28
A-T     0.06    0.10   -0.57  -13.05  -11.93   -1.94    0.08    0.10    4.37  -11.88   12.48   44.65
T-A     0.00    0.13    0.18   -6.48   -6.34   -1.20    0.24   -0.73    3.19   -4.78   -4.13   36.73
T-A    -0.24    0.07    0.83  -16.05   -4.10    1.02    0.31   -0.53    3.53   -2.45   -4.28   36.56
T-A     0.28   -0.31    0.92  -13.12  -11.05   -3.83   -0.54   -0.66    3.19    1.76    0.92   32.57
G-C     0.14   -0.03    1.03   -3.27  -11.41   -2.12   -0.28    2.24    3.23   -3.97  -27.31   46.80
G-C    -0.21    0.29    0.54   12.81   13.39    2.74    1.50    0.77    3.05    5.05   -4.48   29.85
A-T    -0.35    0.52   -0.01    7.40  -17.06    8.24   -0.83    1.05    3.62    3.99    9.33   36.68
A-T     0.42   -0.01   -0.04   15.23  -17.11    1.91   -0.19    0.02    2.99   -0.72    2.44   35.49
A-T    -0.56    0.41   -0.01   -2.42  -10.29    2.20    0.17   -0.08    3.75   -1.20   14.34   30.22
C-G    -0.07    0.78   -0.09    5.77   -8.25   11.19    0.46   -0.47    3.12    0.61    4.90   31.04
T-A    -0.43    0.03    0.43    3.10  -12.99   10.29    0.82   -0.23    3.43    1.50    8.27   33.10
G-C    -0.18    0.10    0.32   -2.72  -27.27   -1.15   -1.50    0.70    3.32   -0.29    6.35   38.42
C-G    -0.40    0.34    0.46   -7.13   -8.65    6.38    0.85    0.98    3.47   -0.90   -6.24   40.76
T-A    -0.19   -0.42    0.55   -4.60  -27.06    4.21   -0.82    0.46    3.32    1.17   -6.53   37.08
C-G     0.24   -0.08   -0.35   -3.46    0.32    4.81    1.21    1.59    3.34    5.65   -2.90   39.60
C-G    -0.36    0.22    0.16   -5.98  -10.94    1.02   -0.81    0.46    3.19   -7.28    1.92   35.46
A-T    -0.37   -0.12    0.56   15.71   -3.81   -1.15    0.15    1.13    3.03   -3.32   -6.97   41.86
T-A    -0.56    0.16   -0.35   13.70   -8.66   -2.26    0.12   -1.02    3.54    3.36    6.12   29.58
C-G    -1.45    0.19   -0.95   20.20  -14.58    0.17    0.79    0.02    3.11    7.91    4.90   31.49
A-T     0.09   -0.52   -1.95   -5.80  -23.82   -2.03   -0.55    1.03    4.20    5.35   24.16   36.47
A-T     0.35    0.23   -0.93    3.66  -26.21    7.95    0.16    0.79    2.80   -6.47    3.87   38.31
A-T     0.83    0.50   -0.27   -0.70  -19.37    6.03   -0.27    0.29    3.15   -6.12    4.26   41.86
A-T     0.84   -0.04   -0.15   -9.06  -10.67    0.71   -0.43   -0.04    3.67   -3.29   -4.95   38.00
G-C     1.82    0.24   -0.85   -2.82   -7.30    3.81   -0.13    0.66    3.34    3.34    3.66   38.52
G-C    -0.59   -0.48    1.12   10.25   -6.03   -4.13   -0.22    1.82    3.62  -12.26  -33.92   35.52
C-G     0.89   -0.01    0.76    5.83   -1.95    0.92   -0.08   -0.04    3.97   -0.89   -0.04   40.91
A-T     0.13    0.48   -0.39   -4.24  -37.43   22.11   -0.41    0.67    3.54   10.75   13.85   30.90
T-A    -1.62    0.86    0.50   27.31  -20.74   10.82    0.40   -0.09    2.48  -13.23   -1.75   25.89
G-C     0.21   -0.13   -0.21  -11.55   -8.37   -2.60   -0.90    1.58    5.20   -1.15   21.89   42.29
T-A    -0.44    0.09    0.27   -6.47  -18.79    1.94   -0.63   -0.05    3.23   -4.76    2.85   27.55
T-A    -0.17    0.03    0.13   -6.18  -15.26    6.26    0.58    0.35    3.32    3.30    4.87   37.48
C-G     0.78   -0.13   -0.23   14.70  -14.67    4.21    0.51    0.56    2.79    5.38    3.59   34.68
A-T    -0.29   -0.08    0.43    0.70  -27.98   -4.18   -0.82    1.61    3.74   -3.46   -1.08   40.17
G-C    -0.33   -0.10    0.18   -2.89   -2.18    0.25    1.17    0.81    3.40    1.10    0.96   34.17
C-G    -0.60    0.18    0.90   -1.89  -23.02    4.27   -0.92    0.91    3.61   -6.19   -9.71   35.28
G-C    -0.06    0.15   -0.07    3.98   -1.20    0.47    1.07    1.74    3.37    8.04   -0.48   38.60
G-C    -0.03    0.18    0.58   12.69   -9.71    0.22   -0.89    0.77    3.22   -8.06    5.10   34.34
A-T     0.05    0.22    0.47   10.32  -11.33    3.11   -0.31   -0.35    3.28   -1.39    4.29   37.69
A-T     0.71   -0.10   -0.28    4.29  -14.01   -2.68   -0.32    0.10    3.49    3.62    8.31   37.18
T-A    -0.01    0.18    0.22   -3.63  -12.33    5.97    0.27   -0.90    3.51   -2.41    9.71   25.93
T-A     0.37   -0.04   -0.10   -6.73  -16.83   -3.08   -0.15   -0.24    3.27    4.07    6.47   35.71
C-G     0.13   -0.09   -0.04   -7.22   -4.23   -4.75    0.50    0.87    3.49    1.92    6.43   32.67
C-G     0.09    0.02    0.34    1.43  -20.40   -0.78   -0.59    1.16    3.21   -1.18   -3.71   37.11
G-C    -0.02   -0.16    0.03    0.53    6.43    0.06    1.22    1.61    3.52    1.77   -6.62   37.23
C-G     0.25   -0.19    0.29    2.05  -22.73   -5.39   -1.21    0.50    3.42   -0.65   -0.27   34.65
T-A    -0.28   -0.28   -0.18    2.10  -16.32   -4.69    0.44    0.73    3.33    4.66   -4.42   40.58
G-C    -0.63   -0.02   -0.06    0.23   -5.65    6.12    0.97    0.73    3.40   -2.50    7.02   31.23
A-T    -0.32   -0.06    0.10    5.68  -18.00    0.36   -1.27    0.88    3.20   -3.53    2.55   38.82
A-T     0.19   -0.10   -0.34   -2.85  -15.23    2.15    0.27    0.13    3.67    1.88    9.18   35.39
C-G    -0.01   -0.09   -0.18    0.82   -9.31    2.38    0.68   -0.48    3.21    0.88    5.47   27.92
A-T     0.20    0.09   -0.18   -8.62  -13.89    2.57   -0.17    0.53    3.53    2.06   12.89   37.15
T-A    -0.28    0.03   -0.22    0.48   -7.19    1.38    0.18   -0.41    3.14    1.65    1.47   27.49
G-C     0.22    0.00   -0.02   -1.30   -1.88    2.00    0.95    0.64    3.47    1.49    6.56   38.87
C-G    -0.22   -0.04    0.47    6.23  -32.69   -2.66   -1.38    0.62    3.26   -3.11  -11.56   34.82
C-G    -0.02   -0.24    0.73   -8.86   -9.51   -5.89    0.61    1.49    3.85    1.51   -8.80   44.04
T-A    -0.68   -0.12    0.81  -18.61  -15.16   -4.55   -0.24    1.03    3.67   -2.66   -8.60   38.98
T-A     0.05    0.10   -0.41   -3.28  -19.04    3.02    0.33    0.21    2.90    6.55    2.81   35.15
T-A    -0.02    0.11   -0.56    0.29  -14.72    5.95    0.64    0.35    3.16    2.37   11.99   31.38
T-A    -0.09    0.12   -0.90    2.01  -14.57   -0.73   -0.60    0.63    3.29   -1.10   14.16   28.35
G-C     0.91   -0.17   -0.45  -16.47  -10.11   -6.38    0.15   -1.25    3.99   -0.72   18.97   30.41
A-T     0.62    0.14   -0.44  -13.41  -11.94    3.42    0.73    0.12    3.28    0.47    7.06   29.63
T-A     0.40    0.27   -0.51   10.17  -13.23    7.92   -0.46   -0.29    2.76    3.66    2.64   26.43
G-C     0.20    0.26    0.33   10.22  -13.99   -0.53   -0.32    0.83    3.42   -4.00    2.50   37.58
G-C     0.37    0.07   -0.38    3.36    0.69    4.88    1.48    0.40    3.42    8.49    3.61   35.45
A-T     0.45   -0.13    0.65    7.00  -22.35   -7.15   -1.52    1.10    3.28   -7.71   -7.70   40.93
G-C     0.29   -0.14    0.58    7.76    0.07   -0.63    1.57    0.29    3.32    3.35   -7.72   34.14
C-G     0.75    0.09    0.33    6.28  -21.53    3.01   -0.68    0.46    3.46    1.99   -1.66   38.88
A-T    -0.56   -0.08   -0.46  -14.38  -10.55   10.09    1.31    0.52    3.74    9.16    7.21   32.95
G-C     0.07    0.35   -0.75  -17.39  -18.41    6.66   -1.50    0.24    3.31   -5.45   12.82   34.74
T-A     0.04    0.26    0.05   -4.48  -13.33   -0.08   -0.43   -0.54    2.95   -7.61    7.55   29.22
T-A     0.16    0.24    0.43   -5.26  -17.27    2.50    0.07    0.24    3.34   -1.76    6.96   33.51
T-A    -0.06    0.06   -0.06   -8.95  -25.20    5.63   -0.08   -0.12    3.34    6.04    3.14   35.67
C-G     0.19    0.55    0.19   -6.04   -1.57   11.72    1.74    1.02    3.27    2.86    1.40   36.74
C-G     0.31    0.23   -0.27   19.28  -23.07   -1.71   -1.35    1.45    2.73    8.19    2.28   31.10
A-T    -0.14   -0.15   -0.06    3.29  -18.88    1.01    0.33    2.58    3.65   -0.34   -4.50   46.90
A-T     0.40   -0.24    0.05    5.24   -8.61   -1.07    0.09    0.01    3.34   -4.41    0.99   34.93
A-T     0.32    0.18   -0.54   -8.14  -13.33    0.37   -0.56   -0.38    3.54    0.28    1.51   34.90
T-A    -0.51    0.30   -0.29    0.52  -11.76    4.96   -0.22   -0.56    2.99   -4.42   -2.17   30.85
A-T     0.61   -0.27   -0.04   -0.17  -10.22    4.34   -0.18   -0.26    3.46   -4.99    5.76   39.34
C-G    -0.58   -0.19   -0.80   13.41   -9.80   -7.41   -0.13   -0.37    2.97    4.05    3.41   24.88
A-T     0.15    0.12   -0.37    1.83  -16.89    6.85    0.67    0.02    3.72    1.06   11.28   37.24
C-G    -0.13    0.36   -0.82   16.04  -13.94   -1.95   -0.35   -0.52    2.85    1.68    4.99   30.83
T-A     0.05    0.13   -0.12   -0.78  -16.22    2.65    0.38   -0.38    3.77    2.45    9.40   35.87
T-A    -0.84   -0.11    0.85  -17.46  -16.58    0.22   -0.38    0.00    3.79   -8.24    0.25   30.47
T-A    -1.11    0.33    0.06   -4.94  -18.53    3.47   -0.45   -0.59    2.75    5.63   -4.76   36.99
T-A    -0.66    0.06    0.79  -12.40  -23.98   -7.22   -0.45    0.05    3.59   -4.72   -7.90   36.50
G-C     0.77    0.63    1.24    7.97   10.06   10.01    1.27    2.41    3.01   -5.30  -20.52   49.17
G-C     0.29    0.34    0.04    1.49   -5.59   -3.06   -0.95   -0.66    3.57    8.96   11.39   26.38
T-A    -0.08    0.69   -0.32   14.85  -12.87    6.08    0.84   -0.31    2.96    5.29    1.13   32.12
A-T     0.68    0.07   -0.45    0.13  -25.70   -3.31   -0.58    0.06    3.77    3.56   18.23   33.25
G-C     1.01    0.68   -1.29   -9.78  -30.42   -1.48   -0.23   -0.09    3.80    7.13   17.23   30.30
A-T    -0.71    0.21   -0.34    4.14  -20.31    1.31    0.31   -0.60    2.92   -8.07    8.18   20.74
A-T     0.36    0.31    0.42    7.92  -15.73   -0.61    0.28   -0.68    3.28   -4.19    1.20   37.37
T-A    -0.09    0.54   -0.18   12.67  -11.38    4.30    0.86   -0.84    2.95    5.40   -4.04   31.42
C-G     0.12    0.21    0.76   -8.40  -19.76    4.26    0.35   -0.46    3.75   -0.71    2.00   38.67
T-A    -0.20   -0.07    0.81  -13.54  -10.44   -4.37   -0.90   -0.21    3.36   -3.00    6.38   31.87
G-C    -0.83   -0.07    0.11  -12.34  -12.44    1.29   -0.45    2.65    3.11    0.88  -11.82   44.92
C-G     0.29   -0.07   -0.12    5.82  -11.21    0.02   -0.00    0.74    2.97   -1.85    2.19   31.29
A-T    -0.26   -0.05   -0.29    1.02  -14.42    5.21    0.18    2.42    3.32    1.77   -5.02   47.16
G-C     0.18    0.33    0.33   11.75  -13.14    5.75    0.22    0.79    3.10   -6.94    9.53   28.49
G-C     0.05   -0.13   -0.31   -2.49   -8.30   -0.61   -0.47   -0.73    3.51    0.09   13.90   34.82
T-A    -0.57    0.01   -0.51   -1.19   -7.08   -4.71   -0.66   -0.77    3.27    0.93    7.83   28.68
G-C    -0.51   -0.43   -0.25   -6.32   -3.95   -4.77    0.28    0.21    3.59   -1.44    7.03   34.17
G-C    -0.34    0.04   -0.42    0.15   -8.75    9.65    0.68    0.24    3.18    2.30    8.48   29.45
A-T     0.27    0.01    0.12   -1.15   -7.60    3.07   -0.57   -0.17    3.24   -7.90    2.31   39.22
T-A     0.00   -0.19   -0.30    6.61   -3.97    0.22   -0.02   -0.64    3.09    3.69   -2.03   28.80
A-T    -0.38   -0.28    0.15   -2.02  -12.28   -0.75   -0.23    0.36    3.61   -2.59   -6.84   41.21
T-A    -0.37   -0.01    0.15   -4.87   -9.91   -1.03   -0.34   -0.88    3.39   -0.11   -1.78   31.77
T-A     0.27    0.14   -0.10   -7.36  -13.35    3.19    0.63    0.13    3.26    3.45    6.41   38.59
G-C     0.17    0.27   -0.45   -5.30   -3.89    1.28    0.10    0.15    3.31    0.63    4.14   34.19
A-T     0.30   -0.36   -0.58   -0.30   -4.72    2.54   -0.20   -0.01    3.24   -2.57    4.95   34.35
T-A     0.52   -0.67   -0.81    6.30    0.54   -1.16    0.50   -0.84    3.27    2.56    4.49   33.38
