 146 base-pairs
   0  ***local base-pair & step parameters***
       Shear  Stretch  Stagger Buckle Prop-Tw Opening   Shift  Slide    Rise    Tilt    Roll   Twist
A-T    -0.96   -0.18   -0.05  -13.46   11.80    1.00    0.00    0.00    0.00    0.00    0.00    0.00
T-A    -1.22    0.09    0.24   -1.42   -3.76   -1.84   -1.16   -0.85    3.17   -0.38   -5.92   33.23
C-G    -0.06    0.02    0.34   -6.96   -0.18    0.09    0.84    0.07    3.45    0.36    2.16   39.88
A-T     0.24   -0.28    0.28   11.51  -10.99    5.57   -0.49    0.53    2.93    2.57   -1.25   36.69
A-T     0.82    0.14    0.55    5.23   -8.66    0.96   -0.15   -0.43    3.30   -2.45    3.34   38.60
T-A    -0.14   -0.63    1.29    9.60    9.65   -1.89    0.38   -1.27    3.13   -8.82   -3.97   29.13
A-T     0.20   -0.04   -0.19    5.34  -12.27    3.46    0.00   -0.38    3.37   13.38   -7.68   36.18
T-A    -0.24    0.22    0.15   -3.94  -13.52   -1.79   -0.39   -0.78    3.47   -3.97    0.42   35.53
C-G    -0.65    0.55   -0.13   -4.24   -8.30   18.78    1.34   -0.07    3.16    2.87   -4.28   37.04
C-G    -0.34   -0.30   -0.52    5.23   -1.60   -0.72   -0.46    0.17    2.99    1.60    9.46   27.60
A-T    -0.33    0.04    0.04    3.10    2.85  -18.84   -1.46    0.51    3.55   -9.68    6.63   32.87
C-G    -0.73    0.44    0.13    0.74   -7.15    0.04    0.75   -1.07    3.41   -3.40    0.92   30.20
C-G    -0.84    0.78    0.09    0.18  -20.05   18.79    1.13   -0.60    3.05    6.95   12.37   33.42
T-A     1.40   -0.12    0.08    6.97  -15.24    4.23   -0.60    1.70    3.21    2.49   11.58   38.85
G-C    -1.14   -0.35    0.21  -12.79   -7.06  -14.21   -0.88    1.72    3.74   -3.28  -10.29   36.13
C-G     1.41   -0.39    1.65  -14.53   14.61    0.74    0.75   -0.15    3.42  -10.91   11.54   42.13
A-T     0.41   -0.53    1.37   13.96  -12.45   -8.44   -0.19    1.83    2.95    6.12  -31.93   38.01
G-C    -0.37    0.31    1.08    9.01  -31.72    7.94    1.04   -0.00    3.41    6.08    5.20   30.32
A-T    -0.45    0.29   -1.32  -25.10  -39.52    5.08   -0.64   -0.30    4.16   12.65    7.68   40.01
T-A    -0.49    0.82   -0.70  -13.46  -30.00    5.09   -0.14    0.33    2.55   -8.70    1.64   34.18
T-A     1.64   -0.45   -0.57   -1.91   -0.46    8.82   -0.43    0.05    3.10   -9.05    6.83   36.18
C-G    -0.01   -0.15    0.16   11.17  -18.36    3.40    0.43   -0.82    2.93    3.36   -2.46   26.29
T-A     0.84    0.91   -0.46   19.39  -14.32    7.59   -1.05    0.56    3.10    5.42   18.98   32.02
A-T    -0.09   -0.14    0.99   19.91   -0.61   14.25    1.99    0.37    3.03   -6.19    8.85   27.91
C-G    -0.10    1.18   -0.46   27.94  -14.61    6.86   -0.80    0.05    3.29    8.92    1.02   30.79
C-G    -0.34    0.57   -1.16   42.25  -21.23   15.83    1.53    0.86    2.58   20.45   16.90   23.75
A-T    -0.02    0.26    0.29   24.33  -24.52   -4.86   -0.42    4.07    3.48   -0.89  -10.10   47.92
A-T     1.50    0.17    0.81   19.71  -23.20   -3.07    0.84   -0.10    3.17   -0.48    5.36   40.27
A-T    -0.49   -0.30   -0.02    6.95  -26.30    7.91    0.75   -0.21    3.31    9.34    3.66   31.19
A-T     0.19    0.13    0.76   14.64  -18.53    2.07    0.34    0.09    2.76   -5.65   -3.77   38.23
G-C     0.23    0.10   -0.46  -15.14  -11.30    8.01    0.25   -0.41    4.05    4.97    9.48   34.82
T-A    -0.22   -0.14    0.18   -0.69   -5.12   -2.83   -1.11   -0.74    2.93   -9.59    2.45   30.48
G-C    -0.35   -0.13   -1.08   -8.48  -11.41    6.33    0.68   -0.31    3.57    9.20   16.24   31.35
T-A    -1.43   -0.21   -1.31   18.86  -19.31   -9.82   -1.23   -0.24    2.50   -1.57    3.28   23.00
A-T     0.59   -0.17   -0.06   -0.19  -12.63   -1.36    0.39   -0.21    4.27  -10.17   10.12   45.65
T-A    -0.17   -0.15    0.54   -6.90    5.35    2.34    0.45   -0.98    3.53   -2.55   -4.82   31.27
T-A    -0.67   -0.39    1.28  -11.02    1.70    2.48    0.49   -0.61    3.64   -0.38   -9.68   35.78
T-A     0.37   -0.52    0.88   -1.65   -1.86    1.58   -0.08   -0.58    3.07    5.59   -3.24   33.32
G-C     0.75   -0.14    1.74    6.79  -10.59    3.00    0.27    2.32    3.36   -2.70  -26.11   48.58
G-C     0.08    0.38    0.69   16.64   16.24    8.16    1.66    0.67    3.31    9.82   -5.13   28.20
A-T     0.11    0.31    0.28    9.58  -16.86    6.49   -1.10    0.97    3.68    3.06    7.83   36.79
A-T     0.11   -0.20   -0.13   12.76  -18.90   -1.59   -0.37   -0.07    3.03    3.14    4.17   33.51
A-T     0.45    0.51   -0.78   -2.74  -15.12    2.30    0.03    0.19    3.76    4.47   12.03   33.21
C-G    -1.13    0.70   -0.27   11.91   -0.86    8.62    0.48   -0.77    2.86   -4.73    7.78   23.06
T-A    -1.27    0.04    0.10    4.81   -8.59    9.94    1.17   -0.37    3.62    1.30    9.88   33.79
G-C     0.77    0.20    0.29   -4.00  -24.21   -3.47   -1.24    1.25    3.51    0.11    3.04   48.08
C-G     0.83    0.02    0.28    4.55   -8.48    9.18    1.44    0.73    3.05    2.26   -5.43   38.76
T-A    -0.25   -0.09    0.47   -2.57  -31.21    4.19   -0.70    1.23    3.50    0.83   -2.95   33.04
C-G    -0.23   -0.30   -0.60   -1.97   -3.42    1.14    0.70    1.62    3.49    6.26   -1.20   40.66
C-G    -0.51    0.47   -0.20    2.41   -5.71    2.76   -0.46    0.47    3.15   -8.71   -0.74   35.76
A-T    -0.53    0.33    0.29   16.38  -14.93   -1.05   -0.06    1.48    3.09    1.30   -3.85   40.74
T-A    -0.68    0.15   -0.43   24.04   -8.54   -7.67    0.25   -0.93    3.17    1.07    3.46   29.48
C-G    -0.78    0.23   -1.73   27.99  -20.43   -1.84    1.13   -0.04    3.24   14.20    7.90   30.64
A-T     0.00   -0.30   -0.96    2.79  -17.83   -4.29   -0.46    1.36    4.06   -3.10   21.13   36.83
A-T     0.51   -0.32    0.18   20.28  -24.49   -0.63    0.45    0.13    2.80   -2.17   -2.66   41.45
A-T     0.88    0.52   -0.52    4.42  -18.89    2.16   -0.02    0.38    3.64    6.95    5.29   40.86
A-T    -0.09   -0.19    0.33   -2.78  -13.16   -7.91   -0.29   -0.87    3.39   -6.20   -6.36   34.49
G-C     0.84    0.23   -0.19   -4.26   -6.32    4.48    0.84    0.21    3.57    5.41    5.02   35.98
G-C    -0.32   -0.39    0.93    0.33    8.23   -5.55   -0.64    1.62    3.88  -10.22  -31.01   36.64
C-G    -1.73    0.91    0.75   17.05    9.58   19.76    1.38   -0.09    3.69   -0.55   -9.56   31.78
A-T    -0.05    0.05   -0.61   -1.86  -31.56   18.73   -1.14    1.51    3.97   10.68   13.13   41.87
T-A    -0.72    0.30   -1.03   10.73  -30.73   10.54   -0.02   -0.16    2.70   -1.94    8.65   27.42
G-C     0.54   -0.12   -0.36  -13.25    3.64   -3.31   -0.99    2.02    4.56  -11.68   18.99   40.34
T-A    -0.53   -0.15    0.32   -1.36  -12.48    3.12   -0.38   -0.64    3.24   -2.85    0.89   24.16
T-A     0.71   -0.30   -0.27    3.43  -11.77    2.15    0.80    0.81    3.05    6.34    5.45   39.51
C-G     0.96   -0.33   -0.05   13.27   -8.71    3.61    0.15    0.65    3.02    0.90    9.01   33.55
A-T     0.08   -0.32    0.15   -3.34  -20.66   -3.19   -0.57    1.74    3.81   -0.43   -6.40   43.14
G-C     0.25   -0.25    1.41   13.61    4.96    6.04    0.94    0.20    2.73  -13.09   -3.29   31.99
C-G    -1.47    0.04    0.56   -6.37  -22.82   -4.35   -0.96   -0.03    4.14    7.44   -8.57   29.68
G-C    -0.31    0.49    0.75   19.94    4.09    5.45    1.16    1.49    2.84   -0.38   -9.30   43.45
G-C     0.22    0.22    0.70   28.10   -1.87    3.61   -0.28    0.48    3.25    2.10    5.67   34.20
A-T    -0.08    0.32    0.76    7.64  -11.58   -0.77   -0.85   -0.25    3.72   -2.53    8.18   36.46
A-T     0.34   -0.23    0.57    9.27  -14.72    0.93    0.03   -0.22    3.23    1.27    4.23   36.20
T-A    -0.66    0.00    0.31    5.74  -17.43   -1.39   -0.52   -0.91    3.47    0.70    7.45   25.28
T-A     0.49   -0.13    0.15   19.42  -16.27    6.25    0.75   -0.12    2.79    3.80    3.79   37.65
C-G    -0.64    0.46    0.83   15.05   -3.46   -8.64   -0.40    0.76    3.89   -2.21    1.50   31.39
C-G     0.30   -0.29    0.25   21.63   -5.49   -0.24    1.02    0.12    3.38    9.20   -4.04   38.57
G-C    -0.75   -0.43    0.12    3.07   -2.07   -0.95    0.77    1.15    3.94    3.64   -2.35   32.61
C-G    -0.25   -0.28    0.40   -0.82  -17.72   -8.15   -0.23    0.87    3.63    3.83   -4.79   38.78
T-A    -0.46   -0.07   -0.43  -12.39  -12.44   -3.93    0.25    0.77    3.57    7.27   -3.39   41.42
G-C     0.27    0.21   -0.02   -4.36   -2.34    8.83    0.76    1.18    3.03   -2.76    9.28   40.60
A-T    -0.37   -0.08    0.42    4.54   -6.45   -2.56   -1.11    0.19    3.20   -4.55    1.46   29.39
A-T     0.15   -0.24   -0.24   -2.73   -2.68   -2.32    0.05   -0.24    3.58    1.53   14.75   33.89
C-G    -0.36   -0.38   -0.17    0.17   -2.23   -0.98    0.32   -0.66    3.33    0.82    0.29   28.59
A-T     0.53    0.07    0.16    0.88  -13.23    0.31   -0.16    0.30    3.35    0.19    5.70   39.17
T-A    -0.44    0.16    0.04    3.08   -4.20   -0.45    0.40   -0.82    3.27    3.26    3.76   26.05
G-C    -0.42   -0.37   -0.75   -6.18   -7.48    4.78    1.09    0.87    3.66    8.36   11.35   33.97
C-G    -0.15    0.09    0.18   11.13  -35.69    0.20   -1.35    0.95    3.01   -5.48  -12.89   41.99
C-G    -0.46   -0.21    1.09  -15.66  -11.65   -4.54    0.37    1.85    4.20   -4.81   -6.95   43.89
T-A    -0.84   -0.06    0.54  -19.16  -22.58   -5.38   -0.68    0.50    3.34   -0.01   -4.15   34.56
T-A    -0.49   -0.02   -0.40   -5.35  -18.45   -2.54    0.18    0.42    2.94    2.33   -1.56   37.54
T-A    -0.71   -0.13   -0.22   -2.46  -10.74    7.95    0.84    0.42    3.23    1.66    9.75   33.76
T-A    -0.44   -0.33   -0.89    5.39  -11.57   -1.82   -0.52    0.22    3.25    1.69   13.13   23.07
G-C     0.22   -0.10   -0.79   -7.79   -8.15   -4.56    0.41   -0.86    3.98    1.15   20.41   28.88
A-T    -0.46   -0.06   -0.46   -6.67   -9.79   -0.03    0.49    0.43    3.17   -3.57    9.61   30.59
T-A     0.58   -0.05    0.11   -3.45   -4.45    7.53   -0.07   -0.77    3.34   -1.43    5.60   29.94
G-C    -0.04    0.05    0.40    8.63  -12.63   -3.17   -0.53    1.03    3.08   -1.79   -1.22   35.81
G-C     0.76   -0.18   -0.22   -1.18    0.32    4.72    1.19    0.26    3.39    6.48    4.49   39.21
A-T     1.02   -0.30    0.63    9.49  -23.43   -9.43   -1.59    1.12    3.28   -8.81  -13.45   40.69
G-C     0.11    0.07    1.14   12.24    0.19    6.88    2.01    0.05    3.20    0.77   -4.70   31.78
C-G    -0.16    0.27    0.67   -5.95  -17.75   -1.88   -1.39    0.18    3.71    0.87   -0.53   35.58
A-T    -0.62   -0.56   -0.88  -12.12  -10.23    2.28    0.95    0.36    3.60    9.48    2.01   37.10
G-C     1.10    0.44    0.09   -5.27   -1.95    4.34   -1.10   -0.07    3.05  -12.72    8.18   38.71
T-A    -0.39    0.14    0.20    0.51    2.40    4.24   -0.13   -0.59    3.15   -2.70    5.25   28.17
T-A    -0.43    0.17    0.48   -2.55   -7.39    3.66   -0.18   -0.12    3.44   -0.74    1.44   31.36
T-A     0.06   -0.02    0.36  -13.28  -15.07    0.98   -0.01   -0.52    3.45    4.94    4.84   39.18
C-G     1.04    0.18   -0.68   -0.81   -2.59   10.48    1.73    0.81    3.07   12.71    1.63   38.30
C-G     0.23    0.00    0.37    4.39    0.40   -6.08   -1.86    1.13    3.34   -7.61    6.74   27.86
A-T    -0.48   -0.48    0.15   15.45   -9.16   -1.48    0.57    2.25    2.90    2.93  -20.96   43.85
A-T     0.47   -0.43   -0.97   -7.30  -10.88    0.20    0.07    0.17    3.97    3.85   13.03   38.63
A-T     0.73    0.14   -0.36    1.91   -4.29    3.46   -0.55    0.19    2.90   -9.53   -7.69   38.37
T-A    -0.27    0.14   -0.14    1.32   -7.22    4.52   -0.36   -0.92    3.29   -2.79   -0.25   29.83
A-T     0.33   -0.04    0.06   10.46   -8.29    1.74   -0.22   -0.15    3.21   -3.84    4.05   36.10
C-G    -1.02   -0.28    0.58   21.52  -11.85  -13.76   -0.22   -0.74    3.40   -0.51    0.15   22.29
A-T     0.35   -0.44    0.14    6.36  -10.41   -6.70    0.47   -0.92    3.82    3.65    3.05   41.10
C-G    -0.18    0.04   -0.24    7.96  -16.98   -2.08    0.73   -0.60    3.07    8.17    6.27   32.56
T-A     1.20    0.13    0.22   -4.53  -11.78    6.63    0.84   -0.59    3.53    3.07    4.39   39.64
T-A    -0.22    0.06    0.64  -13.24   -8.29   -0.64   -0.48   -0.19    3.43   -2.97    2.29   28.56
T-A    -0.60    0.29   -0.32   -2.73  -16.36   -1.13   -0.69   -0.83    2.62    6.22   -1.15   37.27
T-A    -1.10   -0.38    0.02  -22.10  -28.05   -9.52   -0.54    0.44    3.93   -1.95   -3.51   33.81
G-C    -0.40    0.12   -0.54  -26.05  -11.05    4.44    0.45    2.78    3.23   -3.99   -3.44   47.46
G-C    -0.31    0.32   -0.17   -4.00  -12.63   -0.82   -1.50    0.20    2.80   -7.63    4.84   27.46
T-A     0.66    0.81    0.23    0.07   -6.21    0.97    0.12   -0.58    3.27   -4.90    2.54   36.90
A-T     0.74   -0.42    0.13   15.65   -6.71   -4.14    0.33   -0.11    2.81    3.40    1.55   30.35
G-C     0.31    0.76   -0.76   11.56   -8.08    0.64   -0.15   -0.14    3.51    9.05   17.18   24.79
A-T    -1.22    0.08   -0.66   22.99  -26.23  -10.19   -0.06   -1.15    3.23    2.57    3.71   23.23
A-T    -0.81   -0.06    0.41   22.80  -14.49   -2.16    1.72   -0.37    3.17   -0.88    1.05   35.64
T-A    -0.09    0.85   -0.60   15.60  -15.08    4.05    0.60   -0.84    3.24    8.84    2.72   36.24
C-G    -0.52    0.31    0.97  -14.31  -13.79    5.96    0.77   -0.43    4.06   -2.36   -0.12   37.43
T-A     0.14   -0.27    0.78   -7.63  -11.40   -0.09   -0.71    0.22    3.01    2.15    5.45   35.74
G-C    -0.42   -0.15    0.35   -8.01   -2.30   -8.27   -1.06    2.25    3.19   -1.40  -16.43   45.33
C-G    -0.03   -0.28   -0.50   11.05  -12.22   -4.35    0.50    0.29    2.90    5.74    5.01   27.65
A-T    -0.01   -0.35    0.18   10.94  -17.25    1.80    0.42    2.21    3.34   -2.67   -6.37   45.82
G-C     1.22    0.27    0.36   14.86  -13.43    5.30    0.49    0.88    3.42   -0.15    6.35   36.07
G-C    -0.02   -0.12   -0.35    0.73   -4.10   -6.19   -0.89   -1.16    3.37    0.60   19.41   29.95
T-A    -1.02   -0.22   -0.46   -1.40   -1.62   -2.65   -0.20   -0.84    3.38    1.63    1.11   25.15
G-C     0.08   -0.40   -0.07   -2.12   -2.69   -1.33    0.57    0.01    3.51   -0.42   11.97   36.32
G-C     0.68    0.37    0.11    6.42   -6.20   13.30    0.91    0.82    3.12    0.26    2.81   35.52
A-T     0.03   -0.00    0.21   -0.13   -6.72    5.32   -0.71   -0.41    3.29   -4.16    4.76   33.87
T-A    -0.08   -0.10    0.01    0.36   -7.83    4.70   -0.11   -0.77    3.24    2.28   -2.65   29.56
A-T     0.36   -0.37    0.12   -7.75   -7.97   -5.76   -0.76    0.39    3.50   -2.52   -6.42   45.52
T-A    -0.53   -0.23    0.18    0.19   -4.81   -1.89   -0.18   -1.12    3.10   -0.88   -6.00   28.37
T-A     0.26   -0.26   -0.01  -10.89   -8.75   -2.67    0.34   -0.08    3.51    4.60    5.04   37.08
G-C     1.03   -0.04   -0.59   -2.16   -3.62   -2.17    0.10   -0.10    3.23    2.82    3.92   36.02
A-T     0.53   -0.33   -0.27    6.47   -0.11    6.04    0.16   -0.09    3.06   -4.22    5.30   36.26
T-A    -1.39   -0.93   -1.43    9.52    3.17   -9.62    0.02   -1.06    3.27    8.27    1.67   19.29
