 146 base-pairs
   0  ***local base-pair & step parameters***
       Shear  Stretch  Stagger Buckle Prop-Tw Opening   Shift  Slide    Rise    Tilt    Roll   Twist
A-T     0.04   -0.35   -0.07  -17.17    5.17   -8.74    0.00    0.00    0.00    0.00    0.00    0.00
T-A    -1.28    0.10    0.42   -5.11   -3.41   -7.82   -0.98   -0.89    3.09   -5.99   -3.95   27.07
C-G    -0.00   -0.14   -0.18   -0.34   -6.55    2.14    0.93   -0.18    3.13    5.83   -1.08   42.30
A-T     0.39   -0.13   -0.14   10.53   -3.57    1.89   -0.63    0.73    3.08   -1.36    7.66   34.32
A-T     0.78    0.15    0.21    1.14   -6.84   -2.15   -0.69   -0.14    3.51   -6.24   -0.06   38.78
T-A     0.72   -0.12    0.05   14.02   -2.72   -5.25    0.08   -1.27    3.15   -0.83   -2.27   30.33
A-T     0.96    0.23    0.05    4.76   -8.38   -0.73    0.25   -0.35    3.31    1.37   -6.10   40.34
T-A    -0.06    0.18    0.10   -0.83   -2.12   -2.58    0.01   -1.13    3.43   -2.65   -7.82   32.41
C-G    -1.05    0.42    0.08  -11.02   -6.85    9.30    1.11   -0.18    3.23    4.11    4.46   36.12
C-G     0.28   -0.43   -0.35    6.36    3.78   -3.09   -0.44    0.29    2.94    1.74    3.42   30.60
A-T    -0.06    0.25    0.38    4.88    0.71  -18.72   -1.34    0.53    3.34   -7.75    6.16   30.52
C-G    -0.40    0.14   -0.16    4.13   -4.29  -12.77   -0.16   -1.67    3.43   -1.30    2.72   30.98
C-G    -0.58    0.49    0.83  -16.83   -4.46   10.36    1.59   -0.88    3.67   -3.99   13.42   32.87
T-A     0.26    0.08    0.42   -7.20   -4.69   -5.82   -1.50    0.62    3.08    1.25   10.16   33.73
G-C    -1.29    0.08    0.13  -10.96   -7.37    0.06   -0.10    1.78    3.49    2.74  -20.62   44.12
C-G     0.10   -0.02    1.04  -13.90   -2.17   -7.20   -0.35    0.05    3.39   -6.51   10.65   37.13
A-T     0.89   -0.29    0.65   15.91   -6.38   -6.44    0.44    1.43    2.68    4.32  -19.71   44.16
G-C     0.86    0.17    0.65   11.49  -12.43   -0.08    0.68    0.22    3.53   -0.81   -4.02   34.49
A-T     0.83    0.67   -0.16   -5.61   -6.79   -2.85   -0.39   -0.95    3.67    7.21   -6.61   36.76
T-A    -0.24    0.72   -0.30  -10.19   -5.81   -2.86   -0.10   -0.60    3.22    1.45    6.01   29.95
T-A     0.62    0.99   -0.18   -5.30   -5.21    5.50    0.36   -1.03    2.96   -0.39    4.49   33.70
C-G    -0.81    0.19   -0.19   -0.11   -5.43   -0.84   -0.82   -0.36    3.00   -2.26    5.25   24.35
T-A    -0.45    0.46   -0.39    1.21   -8.92    1.58   -0.61   -0.20    3.24   -1.18   20.73   33.16
A-T    -0.51    0.36    0.44    3.40   -4.48    9.16    1.18    0.92    3.21   -4.35   -0.99   33.41
C-G    -0.44    0.52    0.99   -4.29    4.97    9.11   -0.39   -0.62    3.75   -7.74    8.08   29.46
C-G    -0.37    0.59   -0.62   17.50    3.25   19.22    1.19   -0.38    2.60   14.68    7.16   28.06
A-T    -1.01   -0.05    0.58   25.74   -4.11  -35.88   -2.93    2.16    2.84  -10.53    6.45   33.93
A-T     1.24    0.42    0.61   15.92   -6.02   -1.23    1.57    0.14    3.71   -5.44  -24.87   52.65
A-T     0.21   -0.35   -0.43    2.04   -8.81   -1.60    0.48   -0.30    3.35    7.44   -1.71   34.60
A-T     0.69    0.29    0.25   16.01  -11.46   -1.47    0.11    0.24    2.85   -3.99   -1.47   35.91
G-C     0.87   -0.36   -0.41   -9.29   -5.81   -1.14   -0.04   -0.55    4.02    2.25    3.11   36.09
T-A    -1.08    0.18   -0.72    0.33   -3.83    0.06   -0.38   -0.86    2.95    0.71    4.48   24.72
G-C    -0.19    0.35   -0.69   -9.70   -4.02    9.66    0.89   -0.18    3.60   -0.74   13.70   34.58
T-A    -1.20    0.05   -1.21    7.01   -5.63   -2.07   -1.03   -0.21    2.79    4.32    7.93   27.68
A-T     0.82    0.06   -0.12   -8.10   -1.35    5.05    0.35   -0.05    4.08   -5.91    2.40   42.56
T-A    -0.43    0.17   -0.24   -5.93   -0.93    3.16    0.34   -1.20    3.17    3.21    4.85   29.17
T-A    -0.09   -0.29    0.25  -11.16   -0.21   -0.58    0.22   -0.21    3.37   -2.34   -2.48   40.25
T-A    -0.03   -0.41    0.58   -7.20   -3.04   -0.90   -0.30   -0.55    3.22    0.64   -2.32   29.44
G-C     0.77   -0.12    0.78    1.68   -5.21    0.20   -0.02    2.47    3.53   -3.39  -28.94   51.86
G-C    -0.18    0.38   -0.12    0.72    0.07    4.89    1.43    0.61    3.33   12.70    7.08   26.92
A-T    -0.48    0.27    0.10    7.47   -6.83    9.85   -0.99    1.43    3.17   -6.03    5.65   37.02
A-T     0.12    0.12   -0.18   10.87   -6.87    2.77   -0.03   -0.26    3.20    0.15   -0.60   33.11
A-T    -0.19    0.40    0.05   -1.79   -2.57    3.48    0.30    0.21    3.55   -0.56   12.60   32.07
C-G    -0.88    0.39   -0.44    4.52   -1.71    6.00    0.08   -0.79    3.05    2.54    4.77   27.67
T-A    -0.74    0.01    0.30    1.60   -3.45    7.75    1.37   -0.01    3.51    2.02    9.32   36.62
G-C    -0.02   -0.39   -0.11   -5.49  -16.77   -9.82   -1.67    0.80    3.66    2.18    1.86   39.87
C-G    -0.15    0.51    1.03  -12.72   -7.83    8.40    1.51    0.42    3.27   -4.39   -0.96   39.34
T-A    -0.79   -0.23    0.46   -5.79   -7.69   -1.29   -1.02    0.51    3.10    2.44   -7.36   33.46
C-G     0.32   -0.31   -0.69    3.07    1.23    2.24    0.73    1.58    3.17    8.52   -5.63   43.74
C-G     0.01    0.09   -0.20   -0.33   -4.64   -0.80   -0.72    0.52    3.26   -7.59    2.63   36.56
A-T     0.26    0.19    0.41    5.24    0.00    2.48    0.30    0.93    3.47   -6.60   -1.00   42.14
T-A    -0.55    0.11   -0.22   18.87   -1.37   -5.30   -0.02   -0.68    3.10   -0.41   -1.48   29.99
C-G    -0.72    0.38   -0.77   17.55   -7.10   -2.09    0.70   -0.28    3.58    7.15    1.68   32.80
A-T    -0.12   -0.23   -0.65    2.86   -6.55  -10.05    0.03    0.34    3.94    4.20    9.73   36.41
A-T     0.20   -0.14   -0.66    7.17  -11.27    2.04    0.83    0.44    3.11    7.34    6.13   37.32
A-T    -0.56    0.64   -0.21   -4.11   -8.20    0.15   -1.00    0.16    3.27   -3.23   -2.35   41.22
A-T     0.43   -0.16    0.43  -12.82   -0.10   -4.77    0.45   -0.93    3.57   -1.29   -1.80   35.20
G-C     1.87    0.97    0.30   -2.99   -0.75    3.59   -0.16    0.36    3.30    0.68   -4.38   41.36
G-C    -0.01   -0.25   -0.56    2.18   -2.16   -3.48   -0.45    0.91    4.71   -0.76  -31.21   32.91
C-G    -0.51    0.20   -0.05    0.05   -1.51    7.39    0.34    0.21    3.57   -3.74    0.08   34.97
A-T     0.82   -0.06   -0.45   -6.42  -10.85    1.29   -1.21    0.49    3.80   -1.51    2.79   40.33
T-A    -0.51    0.41   -0.59    1.30   -4.41    5.72    0.79   -0.62    2.94    1.22   -0.65   27.79
G-C     0.23   -0.04   -0.10  -10.24   -0.58    0.72   -0.08    1.13    3.78   -1.61   19.08   38.50
T-A    -0.46   -0.06   -0.01   -8.25   -4.21   -4.02   -1.03   -0.64    3.20   -3.67   10.17   25.14
T-A    -0.28   -0.11   -0.17    4.15   -0.71    3.65    0.30   -0.00    3.07   -0.50   -1.72   33.34
C-G     0.31   -0.17   -0.23   14.01    0.26   -1.45    0.79    0.65    3.20    4.06    2.44   38.43
A-T    -0.98   -0.46   -0.04    7.02   -8.60  -17.05   -1.15    1.27    3.50   -0.97   -2.17   34.74
G-C    -0.23   -0.19   -0.03   -0.62    1.38   -0.52    1.19    1.08    3.63   -1.36   -3.88   41.23
C-G    -0.96    0.23    0.33   -3.91   -9.73    0.52   -0.61    0.77    3.55   -1.63   -7.40   35.85
G-C    -0.05    0.33   -0.10   -0.79   -4.23    7.24    0.40    1.69    3.31    3.01   -3.29   43.03
G-C     0.15    0.29    0.23    9.60   -0.40   10.44    0.40    0.68    3.05   -3.41    7.70   31.71
A-T     0.05    0.23    0.51    1.59   -5.84   -1.49   -1.27   -0.01    3.53   -4.67    1.76   36.36
A-T     0.37    0.27   -0.05    5.73   -6.49    5.07    0.30   -0.31    3.21    4.16    4.62   35.48
T-A    -0.02    0.18    0.17   -5.48   -9.40    0.36   -0.17   -0.94    3.62   -0.54    6.33   29.02
T-A    -0.73   -0.25   -0.35   -2.15   -9.10   -1.06    0.67   -0.29    2.99    7.59    6.42   30.62
C-G     0.95   -0.13    0.43   -3.09   -4.25   -1.71   -0.20    0.65    3.54   -5.55   11.05   38.07
C-G    -0.52   -0.07    0.47    4.62  -10.79   -7.33   -0.49    0.56    3.16   -1.57   -6.78   32.68
G-C     0.38   -0.08   -0.06    2.66    0.74    4.86    1.30    1.45    3.59    6.85   -5.38   41.83
C-G    -1.53   -0.27    0.04    1.02  -17.54  -11.34   -1.93    0.61    3.19   -3.16    3.36   24.97
T-A     0.29   -0.26   -0.62   -8.99   -5.05   -0.63    0.94    1.98    3.69    0.94   -8.89   55.03
G-C    -0.57    0.16   -0.30  -10.39   -4.85    7.49   -0.38    1.09    3.36   -7.50    9.31   31.50
A-T    -0.21   -0.05   -0.10    0.72   -5.11   -1.61   -0.96    0.26    3.00   -5.05    7.74   31.75
A-T     0.56   -0.10   -0.66   -3.44   -0.56   -1.43   -0.09    0.08    3.49    0.89    9.96   37.28
C-G    -0.04    0.03    0.03   -7.92   -0.99    2.49    0.08   -0.49    3.53   -5.17    2.43   28.48
A-T     0.30    0.18    0.50    2.87   -6.09    4.06   -0.17    0.30    3.08   -1.30    2.70   35.92
T-A    -0.13    0.17    0.31    3.31   -4.47    1.37    0.28   -0.68    3.28    4.10    3.77   29.20
G-C    -0.13   -0.25    0.30   -0.50    4.51    1.85    0.86    0.49    3.49    2.75    4.31   34.55
C-G     0.14   -0.13    0.44    0.45   -9.09   -6.53   -1.59    0.28    3.38   -3.20   -2.79   37.59
C-G    -0.12   -0.05    0.61  -12.20   -5.43   -3.43    0.47    1.88    3.83   -1.14  -19.92   45.67
T-A    -0.03    0.11    0.39  -17.06  -12.02   -4.04   -0.37    1.19    3.45   -0.28   -2.61   40.46
T-A    -0.16   -0.22   -0.43    4.49   -5.95    6.47    0.24    0.51    2.66    0.66    6.24   29.26
T-A     0.26    0.24   -0.03  -12.96  -13.71   11.16    0.22    0.35    3.74   -3.76   13.04   33.89
T-A    -0.15    0.15   -0.36   -4.54   -5.61   -1.05   -0.84    0.23    3.10   -4.40    8.59   29.21
G-C     0.67   -0.09   -0.22   -6.76   -1.32   -4.21    0.15   -0.93    3.60   -0.46   12.20   30.59
A-T    -0.02   -0.07    0.10   -8.13   -1.96    0.29    0.58   -0.40    3.29   -1.99    5.73   30.30
T-A     0.34    0.06   -0.09    1.66   -2.00    3.39   -0.35   -0.57    3.15    4.53    0.52   28.88
G-C     0.46    0.14    0.07    3.63   -7.67    2.35   -0.08    0.57    3.35    2.06    6.45   37.56
G-C    -0.03   -0.15   -0.19    3.10   -0.28    5.08    0.95    0.59    3.21    3.26    0.30   32.92
A-T     0.92   -0.34   -0.06   -0.06   -8.94   -4.49   -1.56    0.94    3.38   -6.16   -1.11   42.20
G-C     0.19   -0.01    0.15    9.20   -3.16    3.07    1.29    0.74    3.23    0.96  -10.91   34.51
C-G    -0.25    0.03    0.32    8.13  -10.98   -4.29   -1.20    0.33    3.33   -3.80   -0.35   34.83
A-T    -1.02   -0.07   -0.11   -9.44   -0.34    9.86    1.59    0.52    3.73    3.54    1.45   36.46
G-C     0.49    0.57   -0.21  -14.20   -6.46    9.15   -1.42   -0.03    3.42   -4.69    8.54   39.23
T-A    -0.12    0.11    0.13   -4.74   -5.35    2.02   -0.32   -0.83    2.94   -1.57    5.93   26.21
T-A    -0.48    0.39    0.43   -4.75   -8.68   -0.55   -0.11   -0.25    3.43   -2.30    5.16   31.59
T-A     0.25   -0.20    0.09  -10.18   -3.05   -5.28   -0.03   -0.23    3.35    4.16    8.26   41.96
C-G     0.47    0.38   -0.52    0.16    3.18    7.53    1.51    0.79    3.10    7.20   -3.95   35.60
C-G    -0.41    0.25    0.66    2.08   -7.81    2.47   -1.12    0.93    3.47   -6.37    6.17   27.76
A-T    -0.22   -0.04    0.47   10.74   -7.86   -1.28   -0.08    2.26    3.23    3.18  -19.19   48.46
A-T     0.73   -0.17    0.29    8.23   -3.37   -0.48    0.07   -0.29    3.34   -1.70    4.24   35.41
A-T     0.41   -0.07    0.05   -1.09   -5.97    1.40   -0.27   -0.36    3.51   -2.39   -6.86   35.27
T-A    -0.97    0.34   -0.15   -0.78   -9.64    1.44   -0.59   -0.91    3.13    0.00    1.26   28.76
A-T     0.31   -0.20    0.62   14.84   -2.22    1.12    0.40   -0.48    2.98   -7.75   -4.89   40.20
C-G    -1.03    0.18   -0.64   19.84   -6.55   -6.72    0.27   -0.69    3.27    8.71    5.90   23.10
A-T    -0.17   -0.38   -0.44    9.39   -7.93   -0.60    0.70   -0.08    3.60    3.26    7.61   38.99
C-G     0.43   -0.15   -0.42    7.16   -4.19   -0.77    0.41   -0.59    3.42    3.41    4.41   35.06
T-A     0.18    0.32   -0.26   -1.84   -3.53    3.62    0.58   -0.38    3.37    6.36    5.36   35.81
T-A    -0.03   -0.24   -0.03   -7.84   -5.97   -3.43   -0.40   -0.15    3.47   -1.46    2.79   34.19
T-A    -1.01    0.30   -0.18  -11.40   -5.32    1.96   -0.15   -0.42    3.21    3.67   -0.13   31.47
T-A    -0.14    0.11   -0.04  -15.11   -3.12   -8.78   -0.73    0.43    3.43   -1.02  -11.36   40.55
G-C     0.90    0.37    0.21  -14.07   -1.35    5.37    0.73    2.54    3.21   -1.27   -3.70   46.76
G-C    -0.52    0.69   -0.03   -0.91   -3.03    3.85   -0.80   -0.55    3.09   -0.67    4.41   21.06
T-A    -0.91    0.64   -0.13    6.80   -0.41    5.39    0.58    0.07    3.18    4.01    2.62   32.50
A-T     0.41   -0.14    0.22   12.89   -6.42    2.27    0.30    0.36    3.06    3.14    7.72   35.33
G-C     0.73    0.46    0.06   13.35  -11.90    2.43    0.33    0.19    3.33    4.87   15.00   31.54
A-T    -1.35    0.33   -0.91    8.42   -2.41   -3.58    0.07   -1.25    3.29    7.73    9.49   21.60
A-T    -0.55    0.41   -0.05   12.77   -4.90    1.48    0.93   -0.23    3.02   -3.53    7.11   33.07
T-A    -0.80    0.31   -0.02    6.57   -0.18   -2.30    0.15   -1.28    3.29   -0.71   -2.69   33.05
C-G    -0.21    0.22    0.28   -4.63   -2.43    8.44    1.14   -0.49    3.41    1.35    0.28   39.52
T-A     0.05   -0.38    0.92   -8.29   -6.85   -4.27   -1.26    0.16    3.44   -4.33    2.11   35.04
G-C    -0.25   -0.15    0.72   -6.06   -3.06   -3.84   -0.47    2.44    3.13    0.13  -18.07   46.70
C-G     0.39   -0.04    0.01    4.55   -6.47    2.70    0.56    0.31    3.29    0.89    3.13   29.11
A-T    -0.49   -0.18   -0.48    8.69   -6.86    1.68   -0.08    2.16    3.06    0.90   -1.00   41.10
G-C     0.57    0.28    0.32   12.67   -2.92    6.05   -0.09    0.75    3.23  -10.12   10.47   33.23
G-C    -0.19   -0.15   -0.43    3.18   -4.20   -3.35   -1.03   -0.73    3.46   -1.28    7.40   33.92
T-A    -0.19   -0.03   -0.19   -2.83    0.14    0.54   -0.29   -0.95    3.51   -1.41    4.33   28.89
G-C    -1.16   -0.59    0.14    0.63    4.25   -0.86    0.28    0.03    3.31   -1.59    6.77   31.64
G-C    -0.14    0.14   -0.17    7.06   -5.10    8.91    0.56    0.14    3.23    2.99    4.56   33.54
A-T    -0.10    0.06    0.48    0.68   -5.37    3.33   -0.23   -0.22    3.31   -6.31    0.40   37.24
T-A    -0.31   -0.14    0.15   -0.88   -3.42   -0.22   -0.27   -0.96    3.34    2.77   -1.42   30.62
A-T    -0.07   -0.50    0.13   -6.95   -3.48   -3.46   -0.22    0.01    3.42   -0.34   -8.18   40.64
T-A    -0.60   -0.23    0.11   -4.77   -4.78    0.83   -0.28   -0.71    3.18   -1.50    3.29   30.56
T-A     0.24   -0.03   -0.04   -8.55   -6.68   -0.28    0.10   -0.01    3.41    0.64    1.41   38.33
G-C     0.60    0.20   -0.63   -7.58   -3.12   -4.05    0.07    0.12    3.37    3.44    1.90   35.37
A-T     0.50   -0.41   -0.29    4.69   -3.02    0.51    0.19   -0.05    3.06   -5.71    2.72   35.13
T-A     0.55   -0.58   -0.58    6.13   -0.34   -0.80    0.57   -0.94    3.33    2.74    2.24   33.23
