 146 base-pairs
   0  ***local base-pair & step parameters***
       Shear  Stretch  Stagger Buckle Prop-Tw Opening   Shift  Slide    Rise    Tilt    Roll   Twist
A-T    -0.93   -0.50    0.44   -4.91   -0.30    2.83    0.00    0.00    0.00    0.00    0.00    0.00
T-A    -0.94    0.50    0.00   -1.94   -3.59   -0.51   -1.02   -0.50    3.40    2.80    1.49   34.16
C-G    -0.27   -0.15   -0.20   -5.25   -5.87   -1.23    0.79   -0.16    3.30    1.92    5.84   37.00
A-T     0.25   -0.00   -0.26    4.57   -7.17    6.24   -0.23    1.06    3.29    1.42    0.87   36.48
A-T     0.81    0.21   -0.11    1.33   -4.35    0.62   -0.56    0.11    3.26   -2.31    1.68   40.02
T-A     0.02   -0.39   -0.22   10.87   -1.83    0.21    0.51   -0.93    3.03    2.66   -0.01   27.05
A-T     0.82    0.25    0.06    1.87   -7.05    2.37   -0.01   -0.36    3.48   -0.35    0.54   40.13
T-A    -0.07   -0.03   -0.08    2.38   -5.29   -3.35   -0.36   -0.90    3.27   -3.23   -4.85   35.00
C-G    -1.48    0.46   -0.05   -9.47   -3.59   10.15    1.23   -0.33    3.33    1.78    0.29   33.68
C-G    -0.24   -0.22   -0.45    7.05    0.59   -1.79   -0.45    0.17    2.95    1.92    4.70   28.77
A-T     0.35    0.23    0.18    2.73    0.08  -19.52   -1.30    0.66    3.50   -7.07    4.66   36.30
C-G    -0.23    0.24   -0.04    6.01   -4.60   -6.67    0.21   -1.48    3.29   -2.27    5.72   29.87
C-G    -0.51    0.03    0.08    0.22   -8.90    6.30    1.37   -0.44    3.32    6.01    4.44   34.02
T-A     2.05   -0.31    0.21    1.86   -7.65   -8.61   -0.78    0.97    3.55    4.33    6.48   42.24
G-C    -2.08   -0.20    0.18  -10.43   -4.32   -1.37    0.33    1.19    3.36    1.20    3.00   26.85
C-G     0.19   -0.23    0.64    5.06   -0.28   -6.66   -0.50    0.08    2.94   -4.43    2.51   39.78
A-T     1.08   -0.36    1.02    9.55   -0.79   -9.80    0.36    1.64    3.52   -3.38  -15.15   44.20
G-C     0.54    0.19    0.39    9.11   -7.87    9.05    1.10    0.31    3.63    4.81  -14.04   34.51
A-T     0.73   -0.01   -0.09    5.03   -7.67   -5.33   -0.71   -0.67    3.25    3.92    0.31   36.70
T-A    -0.41    0.55   -0.54   -5.47   -5.29   -2.02    0.02   -0.80    3.47    3.66   -0.95   29.82
T-A     0.71   -0.02   -0.28  -10.28   -6.36    7.76    0.26   -0.72    3.12   -0.49    8.85   36.27
C-G    -1.15   -0.38   -0.11   -3.35   -7.99   -2.86   -0.53   -0.76    2.96   -0.08    6.22   21.41
T-A    -0.40    0.26   -0.18    2.80   -4.90  -11.70   -1.17   -0.33    3.27   -3.94   17.00   33.91
A-T    -0.13    0.02    0.16    2.54   -0.77    8.45    1.56    0.41    3.22   -2.62    5.51   35.85
C-G    -0.44    0.46    0.61   -2.60   -3.97   13.94   -0.33   -0.32    3.60   -6.75    3.34   26.58
C-G    -0.06    0.66   -0.15   12.54    3.17   18.55    0.97   -0.16    2.79    9.55   12.69   28.28
A-T    -2.49   -1.19    0.14   11.42    1.16  -21.83   -1.85    2.50    3.35   -2.14  -11.55   28.17
A-T     0.55    0.42    0.43   17.35   -4.43   -8.94    0.39    0.34    3.09   -5.14   -5.25   53.97
A-T    -0.41   -0.32   -0.22    2.37   -9.41    4.50    0.59   -0.40    3.52    1.37   -0.07   34.87
A-T     0.40    0.08    0.49    6.76   -3.76   -1.71   -0.42    0.08    3.11   -7.65   -6.30   38.86
G-C     0.41   -0.07   -0.17   -5.99   -1.12    3.93    0.17   -0.53    3.69   -0.69   -0.46   35.82
T-A    -1.59   -0.12   -0.25    2.98   -0.82    2.10   -0.56   -0.95    3.06   -1.38   -0.02   24.27
G-C    -0.21    0.29   -0.35    4.28  -10.55    7.77    0.84    0.03    3.42    4.42    5.49   38.52
T-A    -1.63   -0.13   -1.10   12.12   -3.93   -7.72   -0.70   -0.43    3.14    7.78    6.18   23.40
A-T     0.32    0.05   -0.35   -9.99   -3.45   -1.63    0.63   -0.46    4.12   -2.20   12.31   42.71
T-A    -0.14    0.07   -0.17   -6.07   -0.19    1.26    0.55   -0.92    3.11    2.18    1.55   32.92
T-A    -0.38   -0.20    0.42  -12.06    0.08    1.04    0.26   -0.44    3.44   -1.98   -2.95   37.09
T-A    -0.00   -0.40    0.22   -6.85   -7.05   -5.21   -0.56   -0.67    3.07    3.35    2.28   31.48
G-C     0.43   -0.08    0.66    9.43   -1.12   -0.47   -0.14    2.18    2.94   -8.26  -19.45   48.02
G-C     0.01    0.12    0.22   10.48   -2.70    4.09    0.88    1.08    3.57    2.98    2.61   29.76
A-T    -0.56    0.05    0.25   12.85   -3.42    7.03   -1.13    1.11    3.35   -7.42   -1.06   36.02
A-T    -0.27   -0.18   -0.16    9.58   -7.68    0.31   -0.47   -0.22    3.25   -0.60    2.53   32.78
A-T    -0.62    0.32    0.05   -2.47   -4.16    3.73    0.06    0.09    3.62   -1.85    9.33   32.29
C-G    -0.80    0.34   -0.38    4.38   -6.02    5.79    0.40   -0.58    3.20    4.57    1.91   29.76
T-A    -1.08    0.14    0.34    8.27   -1.50   14.91    1.67    0.02    3.24    1.75    6.68   33.93
G-C     0.58   -0.28    0.60    5.55  -10.98   -3.37   -1.16    0.88    3.43    0.95    2.63   45.11
C-G    -1.19   -0.04   -0.31    3.53   -4.97    4.88    1.14    0.47    3.09   10.57   -0.08   30.34
T-A    -0.69   -0.38    0.01   -7.00   -8.35    2.02   -0.60    0.94    3.65   -1.78   -0.37   38.70
C-G     0.34   -0.22   -0.51   -0.65   -2.73    6.37    0.90    1.88    3.33    5.62   -4.07   44.94
C-G    -0.43    0.15    0.21   -7.22   -6.29   -0.92   -0.85    0.57    3.43  -10.41    0.80   34.67
A-T    -0.01    0.31    0.41   14.88   -5.42   -1.63    0.03    0.90    2.94   -2.88   -3.70   42.93
T-A    -0.44    0.03   -0.12   12.60   -0.99   -7.06    0.02   -1.04    3.48   -1.21    3.03   28.96
C-G    -1.13    0.43   -0.71   13.76   -7.32   -3.15    0.60   -0.31    3.50    5.73    3.31   32.02
A-T    -0.12   -0.32   -0.46    8.95   -6.03   -3.28   -0.06    0.19    3.49   -1.63   10.53   37.60
A-T     0.60    0.17   -0.56    7.32   -7.60    9.37    0.67    0.56    3.31    4.94    5.81   39.73
A-T     0.75    0.43   -0.32    1.25   -7.12    2.63   -0.92    0.46    3.13   -5.10    2.77   39.75
A-T     0.52   -0.21   -0.24   -6.56    0.60   -5.09   -0.50   -0.51    3.59   -5.34   -8.53   37.01
G-C     0.99   -0.06   -1.09    4.90   -1.94   -2.78    0.01    0.64    3.41    5.29   -2.00   37.38
G-C    -0.54   -0.81    0.59   -2.08  -11.16   -5.29   -0.61    1.62    4.06  -11.01  -18.13   37.04
C-G     0.30    0.07   -0.18    9.12    5.16    6.79    0.05    0.09    4.26   -6.31  -17.68   38.30
A-T     1.05   -0.27   -0.49    7.70   -6.20    4.00   -0.63    0.68    3.57    5.02    0.79   39.30
T-A    -0.22    0.14   -0.79   14.79   -4.98    0.43    0.56   -0.84    2.95    5.11    5.91   26.21
G-C     0.10   -0.17   -0.05   -6.76   -8.29    1.51    0.30    1.10    4.23   -0.01   20.34   36.77
T-A    -0.34   -0.09   -0.00   -4.21   -5.50    0.65   -0.60   -0.49    3.28   -1.30    4.95   27.97
T-A     0.12   -0.01   -0.02    0.67   -6.79    3.57    0.16    0.18    3.18   -0.13    6.26   33.08
C-G    -0.16   -0.18   -0.24   14.44   -7.06   -0.00    0.78    0.49    3.01    4.74    3.18   34.33
A-T    -0.30   -0.24    0.18    3.54  -10.67   -4.47   -0.51    1.77    3.70    0.63   -8.99   44.88
G-C    -0.61   -0.23    0.43    6.69   -0.75    4.81    1.29    0.94    3.21   -0.62    0.49   32.99
C-G    -0.67    0.29    0.28   -1.01  -11.41   -1.89   -1.02    0.59    3.54   -1.12   -2.35   36.40
G-C    -0.28    0.21   -0.13   -2.95   -3.48    6.73    0.49    1.65    3.56    0.71   -3.29   42.91
G-C     0.20    0.23   -0.00    2.88   -5.68   10.25    0.22    0.98    3.24   -2.13    6.64   33.21
A-T    -0.03    0.18    0.39    4.75   -9.64    2.32   -1.37    0.18    3.14   -7.49    2.82   33.83
A-T     0.06   -0.01    0.11    5.85   -3.59    2.89    0.07   -0.40    3.33    0.05    2.21   34.17
T-A    -0.17    0.04    0.20   -0.00   -6.55    0.07    0.19   -0.67    3.49    1.00    3.85   30.06
T-A    -0.27   -0.12   -0.26    1.60   -5.83    4.96    0.84   -0.12    3.09    9.37    4.63   33.38
C-G     0.14   -0.06    0.36   -0.91   -7.50   -1.90   -0.26    0.47    3.48   -1.81   11.96   31.13
C-G    -0.23   -0.04    0.31    5.74  -10.10   -5.71   -0.42    0.70    3.13   -0.66   -1.63   37.14
G-C     0.35   -0.09    0.06    4.86    2.44    2.40    1.24    1.47    3.55    3.32   -9.30   41.87
C-G    -0.01   -0.19    0.47   -5.14  -17.66   -3.24   -1.28    1.10    3.73   -3.30    0.71   34.50
T-A    -0.34   -0.00   -0.05  -12.01   -8.93    2.06    0.79    1.64    3.59    3.00  -10.20   43.81
G-C    -0.29    0.19   -0.24   -1.36   -2.54    6.33   -0.50    1.11    2.99   -3.93    8.98   36.24
A-T    -0.26   -0.04   -0.14   11.19   -7.70    2.30   -0.54    0.23    3.13   -0.01    1.34   31.62
A-T     0.22   -0.09   -0.16   -0.53   -5.13    2.21    0.30    0.07    3.63   -1.44   13.69   34.62
C-G    -0.17   -0.13   -0.22    1.12   -0.68    1.94    0.26   -0.56    3.33    1.75   -0.31   29.75
A-T     0.31   -0.07    0.19    0.96   -4.83   -1.11   -0.37    0.32    3.41   -0.04    8.57   36.85
T-A    -0.26    0.18   -0.26    6.65   -3.23    1.35    0.47   -0.73    3.16    7.33    1.60   26.88
G-C     0.08   -0.07    0.11    3.92   -0.57    1.53    1.04    0.49    3.44    1.43    7.25   36.98
C-G     0.09   -0.11    0.01    7.12   -9.71   -3.24   -1.42    0.47    3.13   -4.17   -1.01   35.69
C-G     0.01   -0.29    0.73  -16.63  -10.85   -4.38    0.10    1.76    4.23   -3.50  -16.26   45.69
T-A    -0.68   -0.18    0.58  -16.88  -17.15   -5.29   -0.48    1.29    3.29   -4.34   -6.27   37.87
T-A     0.25    0.16   -0.33   -2.18   -9.95    1.84   -0.08    0.10    2.96    0.27    3.23   34.87
T-A    -0.07    0.09   -0.10   -4.96   -9.59    9.21    0.60    0.25    3.44   -2.02   10.17   31.08
T-A     0.14    0.02   -0.51   -5.26   -6.96   -3.52   -0.93    0.50    3.37   -2.13   12.97   30.75
G-C     0.67    0.02   -0.17   -2.22   -5.84   -8.76   -0.13   -1.43    3.42   -0.67   12.23   28.04
A-T    -0.42   -0.02    0.05    0.01   -6.70   -0.63    0.77   -0.09    3.21   -1.97    3.87   26.92
T-A     0.49    0.05    0.17    0.79   -4.64    3.02   -0.33   -0.60    3.46    1.58    3.40   33.82
G-C     0.17    0.28    0.48    5.85  -10.27    1.47    0.04    0.51    3.21    0.01    2.35   33.95
G-C     0.32   -0.08   -0.04    1.39    0.95    3.48    0.89    0.42    3.37    5.47    0.21   37.35
A-T     0.81   -0.05    0.41    1.54   -9.77   -4.09   -1.34    0.91    3.45   -5.58  -10.41   41.11
G-C     0.33   -0.00    0.79   11.21   -5.85    6.83    1.83    0.48    3.06    2.66   -6.36   34.05
C-G     0.65    0.25    0.56    2.42   -9.88    1.38   -1.14    0.33    3.54   -2.19    1.57   36.98
A-T    -0.39   -0.26   -0.33   -6.85   -3.26    5.80    0.85    0.34    3.52    6.24    0.91   34.22
G-C     0.68    0.35   -0.18  -12.82   -3.16    8.55   -1.19    0.09    3.46   -8.49    5.93   38.54
T-A     0.54   -0.10   -0.21  -10.16   -4.83    3.79   -0.39   -0.41    3.18    1.00    9.74   31.43
T-A    -0.04    0.45    0.05   -6.92   -9.68    3.99   -0.20   -0.14    3.31   -0.38    2.18   28.29
T-A     0.67   -0.01    0.09  -17.96   -7.82   -1.94    0.11   -0.06    3.63    3.58    6.83   40.97
C-G    -0.19    0.34   -0.14   -1.11   -0.91    7.14    1.69    0.69    2.80    7.16    1.63   30.27
C-G     0.41   -0.06    0.51    5.44   -7.31   -5.51   -1.25    1.12    3.41   -3.06   -1.50   34.67
A-T    -0.20   -0.05    0.05    4.50   -2.26    0.95    0.43    2.04    3.31    3.85   -3.91   44.35
A-T     0.18   -0.28   -0.04    5.01   -3.12   -0.27   -0.31   -0.09    3.46   -3.97   -4.02   33.96
A-T     0.49   -0.13   -0.13   -6.53   -3.81    4.90   -0.18   -0.46    3.47   -4.21   -0.91   36.83
T-A    -0.84    0.25    0.15   -8.40   -9.68    2.30   -0.60   -0.78    3.26   -3.98   -2.33   27.76
A-T     0.20   -0.14    0.07   -0.90  -11.96    5.70    0.01   -0.33    3.12   -2.73    2.36   39.77
C-G    -0.67   -0.04   -0.15    7.95   -1.33   -4.81   -0.20   -0.56    3.22   -2.20    5.36   26.60
A-T    -0.29   -0.37   -0.18    6.84   -2.72   -1.25    0.34   -0.12    3.34    2.84    0.12   36.81
C-G    -0.14    0.11   -0.64    9.48   -9.20   -0.60    0.45   -0.80    3.27    6.68    3.41   33.43
T-A     0.02    0.21   -0.02    0.45   -1.18    2.76    0.57   -0.45    3.52    3.19    6.18   36.62
T-A    -0.26   -0.13    0.66  -13.88   -3.23    0.66    0.14   -0.35    3.70   -2.10    1.26   32.53
T-A    -0.89    0.54    0.60  -17.90  -10.38    6.47   -0.30   -0.46    3.09    1.90   -1.83   35.72
T-A     0.03    0.01    0.54  -20.81   -6.59   -3.04   -0.72    0.23    3.34   -2.38   -4.07   36.93
G-C     0.43    0.48   -0.11  -16.18   -7.64   10.45    0.19    2.80    3.22    1.24  -14.12   45.56
G-C     0.33    0.25   -0.22    3.38   -7.74   -2.03   -1.09    0.01    2.91   -3.82    5.93   27.56
T-A    -0.49    0.27   -0.55    3.80   -5.75    8.07    1.12    0.02    3.25    7.01    2.06   31.43
A-T    -0.76    0.22   -0.13   10.15   -0.26    3.35    0.35    0.28    3.12    4.11    5.85   29.01
G-C     0.81    0.34   -0.46   12.79   -1.40    4.87    0.65    0.56    3.24    6.60   16.27   32.68
A-T    -0.60    0.47   -0.80    4.08   -6.98   -3.93   -0.17   -1.32    3.35    7.08   13.94   23.07
A-T    -0.84    0.20   -0.09   10.43   -6.25    4.41    1.29   -0.08    3.01    1.09    2.09   32.29
T-A    -0.41    0.38   -0.65   14.71   -9.15    0.67    0.35   -0.80    2.96    6.83   -1.12   34.50
C-G    -0.46    0.18    0.52   -6.37   -5.68    8.12    1.30   -0.53    3.65   -0.37    3.60   37.03
T-A    -0.34   -0.10    0.95  -16.34   -3.30   -0.56   -0.69    0.10    3.60   -1.15    3.71   34.09
G-C     0.19   -0.04    0.05   -6.68    1.11   -3.27   -0.70    2.50    2.93    1.47   -6.92   48.83
C-G     0.68   -0.17   -0.10    7.24   -3.73    2.02    0.24    0.45    3.02   -3.91    2.26   28.54
A-T    -0.75   -0.21   -0.24   10.46   -4.80   -4.47   -0.57    2.09    3.20   -2.48   -4.72   38.75
G-C     0.47    0.23    0.08   13.16   -8.93    6.32    0.44    0.75    3.44   -4.13    5.05   32.88
G-C    -0.03   -0.07   -0.19    0.76   -6.04   -2.43   -0.80   -0.71    3.46   -3.91   11.82   35.78
T-A    -0.61    0.02   -0.50   -0.07   -2.45   -8.10   -0.82   -0.94    3.32    2.36    6.78   27.71
G-C    -0.77   -0.53   -0.17   -0.76   -2.14   -3.24    0.55   -0.03    3.53   -1.42    7.98   32.21
G-C    -0.09    0.05   -0.08    9.35   -8.53   10.35    0.87    0.42    3.15    0.98    3.96   32.67
A-T     0.31    0.03    0.16    0.92   -7.87    1.95   -0.51   -0.22    3.31   -3.37    4.10   39.70
T-A     0.09   -0.22   -0.00    0.05   -4.40    0.88   -0.02   -0.83    3.34    1.40   -0.38   29.34
A-T    -0.07   -0.36    0.11   -5.43   -5.94   -2.66   -0.53    0.23    3.49   -2.84   -8.16   40.50
T-A    -0.41   -0.21    0.21   -3.23  -10.25   -0.40   -0.26   -0.86    3.14   -0.27    0.66   32.11
T-A    -0.17    0.01   -0.04   -9.95  -11.21    1.16    0.42    0.05    3.40    2.48    3.98   35.91
G-C     0.87    0.09   -0.58   -4.28   -3.31   -8.96   -0.29    0.21    3.30    1.82    1.41   38.07
A-T     0.05   -0.35   -0.44    0.91   -2.85    2.89    0.39   -0.19    3.22   -3.99    6.06   31.31
T-A    -0.91   -0.43   -1.06   10.04    1.40   -8.65   -0.20   -0.86    3.14    2.63    3.78   29.72
