 146 base-pairs
   0  ***local base-pair & step parameters***
       Shear  Stretch  Stagger Buckle Prop-Tw Opening   Shift  Slide    Rise    Tilt    Roll   Twist
A-T     0.03   -0.19   -0.16  -12.51   13.92    6.19    0.00    0.00    0.00    0.00    0.00    0.00
T-A    -0.81    0.50   -0.26    3.53  -11.50   -1.43   -1.39   -0.20    3.01    2.83   -6.41   30.19
C+G    -0.67   -5.10    0.10    0.34    5.57   68.99   -2.19    3.32   -1.81  171.19   -1.80 -138.41
A-T     0.20   -0.15    0.00    6.03  -12.27    5.73   -1.22   -3.27   -2.49  144.41 -106.10  151.92
A-T     0.20    0.47    0.13    4.12  -17.07    2.51   -0.56    0.13    3.22   -2.09    3.01   37.56
T-A     0.40   -0.18   -0.02   12.00   -6.70    2.50    0.52   -0.83    3.13    2.00   -0.66   31.89
A-T     0.95    0.22    0.25    2.01  -14.83    0.15   -0.09   -0.23    3.57   -1.80   -4.37   40.96
T-A     0.78    0.06   -0.23   -3.44  -13.26    1.75   -0.02   -0.83    3.36    2.57   -2.53   34.80
C-G    -0.66    0.74    0.38  -11.43  -13.77    8.57    0.62   -0.34    3.35   -4.12    2.56   33.35
C-G    -0.85   -0.16   -0.23   -2.33    4.33   -1.79    0.23    0.17    3.06    4.63    6.60   28.94
A-T     1.17    1.05    0.03    8.01   -8.28  -13.12   -1.06    1.28    3.21   -4.61   -0.21   37.11
C-G     0.20    0.77   -0.17    7.37   -8.13  -11.35   -0.04   -1.21    3.24    0.40    5.13   28.38
C-G    -0.66    0.46    0.28   -4.35  -19.70    9.27    1.62   -0.41    3.32    6.18   13.65   31.94
T-A     1.10   -0.14   -0.05    5.09  -20.40    8.91   -0.34    0.92    3.08    4.09   10.85   36.41
G-C    -1.68   -0.13    0.18  -11.67   -7.25   -4.24   -0.40    1.87    3.62   -2.90   -4.44   36.77
C-G     0.69   -0.12    0.91   -2.67    3.94   -1.53    0.02    0.07    3.21   -5.96    8.15   37.74
A-T    -0.04   -0.32    0.93    9.42  -10.07   -8.67   -0.03    1.83    3.12    1.58  -21.78   39.97
G-C    -0.05    0.33    0.47    4.99  -24.98    6.10    0.67    0.03    3.46    3.76    5.04   35.93
A-T     0.91    0.44   -0.99  -13.67  -21.67   -2.15   -0.68   -0.53    3.96    5.03   -3.95   40.50
T-A    -0.55    0.43   -0.12   -2.36  -21.73   12.89    0.95   -0.25    2.72   -3.56   -0.45   30.53
T-A     0.72    0.06   -1.37   -4.17  -12.85    7.29   -0.15    0.15    3.22   10.63   -0.14   40.46
C-G    -1.47   -0.55   -1.75   29.36  -10.81   -3.49    0.09    0.17    2.42    3.99   13.09   11.73
T-A    -2.23    0.16   -1.12   10.78  -17.69  -20.42   -1.04   -0.26    4.05   -7.23   13.77   28.88
A-T    -0.75    0.10    0.24   -0.60  -12.00   11.16    2.81   -0.02    3.45   -2.38   16.62   39.18
C-G     0.39   -0.01   -0.79   16.81   -3.81    0.80   -0.72    0.15    2.91    8.62   10.84   30.52
C-G     0.33   -0.00   -0.28   15.85  -16.24    5.94    0.49   -0.15    3.30   -1.11    9.91   29.10
A-T    -0.43   -0.11    0.69   10.24  -19.93   -5.11   -0.21    2.49    3.46   -5.42  -11.33   39.96
A-T     0.75    1.06    0.17    1.27  -29.20    4.82    0.26    0.67    3.78    3.11   -3.36   42.83
A-T    -0.24   -0.40   -0.33    8.41   -6.65    7.66    0.89    0.56    3.33    5.05   -6.04   33.00
A-T     0.26    0.20    0.11    8.04  -10.56    1.64   -0.20    0.50    3.27   -3.36    6.88   35.17
G-C     0.11   -0.30    1.50   -7.46   13.99    2.24   -0.90   -0.21    3.58  -15.92   11.69   37.41
T-A    -0.48    0.92    0.36   -1.78  -10.17   -4.47   -1.29   -0.61    3.39    8.64    0.56   28.73
G-C     0.45    0.15   -0.19   -4.92   -9.83   -5.04   -0.24   -0.13    3.28    0.53   12.09   37.84
T-A    -0.70    0.60   -0.56    7.01  -28.85   -7.61   -0.02   -0.18    2.79    5.07    1.48   22.88
A-T    -0.07   -0.04   -1.23  -15.34  -22.13    0.84    1.02    1.40    4.36    3.28   18.41   40.90
T-A    -0.16    0.22   -0.02   -2.52   -9.90   -0.59   -0.14   -0.45    2.94  -10.00    7.53   29.31
T-A    -0.64   -0.16    0.78  -14.03   -2.23    2.57    0.79   -0.38    3.60   -1.89   -1.08   34.77
T-A    -0.21   -0.17    0.79   -3.60  -11.62    0.91   -0.42   -0.44    3.14    2.74    1.10   31.21
G-C    -0.01   -0.17    1.20    4.30  -14.27   -4.27   -0.36    2.41    3.28   -3.70  -27.62   48.66
G-C    -0.28    0.29    0.68   18.82   16.10    6.48    2.04    0.81    3.11    5.16   -4.77   30.49
A-T    -0.93    0.15    0.56   10.86  -20.04    0.03   -1.32    0.57    3.77    0.39    6.26   34.02
A-T     0.12    0.01   -0.23   -2.27  -17.99    2.01    0.39   -0.40    3.67    3.86    5.67   38.98
A-T    -0.01    0.15    0.07    0.61   -4.83   -1.96   -0.35    0.02    3.13   -4.21    8.77   31.83
C-G     0.32    0.49   -0.25    6.06  -11.54    7.01    0.50   -0.80    3.20    3.44    7.09   30.90
T-A     0.02   -0.23   -0.07    6.32   -5.54   13.43    1.51    0.11    3.24    4.32   10.79   32.38
G-C     0.07    0.14    0.35   -8.72  -27.75   -2.03   -2.04    0.84    3.65   -7.93    3.51   38.22
C-G    -0.06    0.09    0.38   -4.52   -3.55    5.70    0.96    0.93    3.29   -0.43   -9.11   41.59
T-A     0.10   -0.40    0.48   -0.24  -31.67   -4.08   -1.06    0.73    3.28    0.01   -7.45   37.44
C-G     0.26   -0.13   -0.42   -2.39   -2.04    5.60    1.66    1.62    3.40   10.10   -4.08   40.90
C-G     0.11    0.18   -0.14    0.78  -12.15   -0.30   -0.99    0.78    3.24   -6.35    0.52   38.24
A-T    -0.59   -0.05    0.13    7.10   -9.93    1.56    0.20    1.09    3.32    0.33    0.51   35.96
T-A     0.25   -0.00   -0.33   16.99   -7.60   -0.85    0.25   -0.60    3.12    0.49    3.31   31.75
C-G    -0.73    0.10   -1.24   23.84  -18.59   -2.22    0.32    0.10    3.09   10.62    7.20   30.96
A-T     0.38   -0.17   -0.57    7.30  -15.96    2.93    0.00    1.01    3.91   -0.57   18.01   38.56
A-T    -0.01    0.07   -0.22    9.56  -28.17    3.75   -0.14    0.32    3.16    0.45    3.53   34.57
A-T    -0.16    0.41   -0.05   -2.65  -17.65   -0.45   -0.28   -0.06    3.27   -3.84    3.86   39.27
A-T     0.03    0.05   -0.06   -8.13  -11.82   -3.61   -0.20   -0.47    3.46   -1.75   -6.41   37.94
G-C     0.60    0.31   -0.09    4.06    7.61    3.13    0.75    0.31    3.22   -1.52   -1.90   36.24
G-C     0.30   -0.52    1.67   24.04  -14.50  -14.23   -1.20    0.95    3.23   -9.17  -27.02   37.72
C-G     1.16    0.13    1.18   15.77  -11.45    0.28    0.71   -0.49    3.96    2.68   -7.15   37.96
A-T     0.36    0.26   -0.84   -2.97  -44.03   23.91   -0.36    1.48    4.21   12.96    9.57   33.85
T-A    -0.60    0.28   -0.24   26.81  -16.21    6.45    0.27    0.13    2.62  -12.87    1.77   28.15
G-C     0.24    0.20   -0.27  -19.38   -5.17   -0.24   -0.39    1.20    5.12   -2.10   25.84   39.47
T-A    -0.45    0.03    0.41  -10.94  -12.87   -1.29   -0.82   -0.53    3.22   -6.20    2.89   26.30
T-A     0.02   -0.05   -0.15    2.63  -12.52    1.46    0.11    0.16    2.95    4.02    2.62   33.71
C-G     0.35   -0.10   -0.25   12.33   -7.59    2.57    1.17    0.65    3.19    3.48    3.59   36.55
A-T    -0.13   -0.12    0.22    0.34  -26.13   -3.89   -0.84    1.78    3.66   -0.05   -4.88   43.47
G-C    -0.72   -0.13    0.61    5.87   -3.66    6.33    1.41    0.87    3.08   -1.46   -1.41   31.21
C-G    -0.08    0.28    0.53   -0.90  -21.56   -1.02   -1.05    0.66    3.79   -1.12   -8.05   40.61
G-C    -0.46    0.02    0.21   -0.39   -6.30    1.29    0.57    1.19    3.37    4.08   -4.10   38.72
G-C    -0.76   -0.09    0.19    7.60    2.05    6.50    0.88    0.76    3.13   -0.13    6.31   29.05
A-T    -0.20    0.20    0.20    5.03  -14.49    2.19   -1.15    0.13    3.37   -2.90    4.36   37.64
A-T     0.34    0.10   -0.08   -0.34  -11.17    2.48   -0.12   -0.08    3.44    1.01    7.09   37.01
T-A     0.24    0.28    0.14   -1.56  -12.25    2.07    0.02   -0.90    3.32   -0.75    6.24   28.78
T-A    -0.29   -0.07    0.03   -4.37  -11.79    3.01    0.53   -0.13    3.29    4.65    6.06   34.26
C-G     0.43   -0.18   -0.37   10.76   -6.30   -0.89   -0.29    0.47    2.97    3.94    8.86   28.82
C-G    -0.13   -0.04    0.48   -0.01  -21.54   -4.47   -0.40    1.18    3.73   -4.68   -4.64   40.31
G-C    -0.11    0.03    0.40    0.79   -2.21    3.14    1.42    1.18    3.36    3.83   -2.57   37.52
C-G     0.36   -0.09    0.43   -0.50  -26.57    0.28   -1.39    1.16    3.46   -1.75   -4.43   38.38
T-A    -0.12   -0.14   -0.20   -4.86  -12.30    2.34    1.01    1.62    3.46    5.82   -7.67   42.91
G-C    -0.22   -0.09    0.00    3.57   -8.93    1.50   -0.58    1.02    3.21   -3.81    7.36   34.44
A-T     0.11   -0.03   -0.04    6.52  -15.61    1.60   -0.30    0.16    3.24   -0.35    7.87   33.25
A-T     0.08   -0.06   -0.37    0.80  -14.87    1.28    0.32    0.04    3.53    2.59    9.37   32.99
C-G     0.09    0.01   -0.34    6.07  -10.20    2.69    0.35   -0.39    3.21    1.28    6.95   29.33
A-T     0.16    0.03    0.06   -2.05  -14.64    2.27   -0.48    0.60    3.51   -2.39   12.28   35.49
T-A    -0.23    0.15   -0.23    7.24  -12.35    1.36    0.15   -0.38    3.12    3.05    0.49   29.07
G-C    -0.14   -0.15   -0.22    3.93    1.65    0.74    0.91    0.47    3.55    1.27    8.32   34.98
C-G     0.03   -0.19    0.65    2.53  -23.71   -3.01   -1.25    0.56    3.54   -6.70  -11.19   38.21
C-G     0.13   -0.03    0.52   -7.90  -12.50   -2.68    0.52    1.73    3.67    4.76  -11.26   45.22
T-A    -0.60    0.00    0.43  -19.90  -21.52   -0.58   -0.17    1.58    3.64   -0.87   -6.35   38.81
T-A     0.36    0.21   -0.18    1.57  -16.11    2.09    0.12    0.06    2.89   -0.62    2.26   35.53
T-A    -0.08   -0.11   -0.50   -4.76  -11.49    5.87    0.61    0.34    3.34    6.34   10.90   30.78
T-A     0.06    0.30   -0.60    3.05  -13.47    6.93    0.01    0.55    3.19   -1.33   12.64   29.47
G-C     0.92    0.20   -0.69  -15.43   -4.06   -8.78   -0.30   -1.34    3.92    2.28   23.33   28.05
A-T    -0.13   -0.19   -0.75  -14.19   -4.15   -0.24    0.69    0.20    3.24    0.27    5.61   27.58
T-A    -0.29    0.03   -0.43    6.75   -7.87    0.78   -0.63   -0.60    2.85   -0.50    4.80   26.68
G-C    -0.38    0.13    0.01    2.73  -13.91   -1.38   -0.19    0.76    3.43   -3.45    4.49   38.05
G-C    -0.04   -0.09   -0.60   -1.93    5.40    4.84    1.36    0.45    3.50    6.13    3.26   35.95
A-T     0.03   -0.07    0.66    1.97  -27.87   -6.17   -1.72    1.05    3.23  -10.21   -8.70   39.79
G-C    -0.00   -0.06    0.44    4.74    0.77    2.94    1.86    0.65    3.31    5.17  -11.05   36.21
C-G     0.79    0.08    0.68    7.03  -18.81    0.21   -0.89    0.40    3.38   -2.49   -0.79   39.82
A-T    -0.45   -0.08   -0.56  -11.89  -13.37   13.30    1.61    0.42    3.69   15.51    3.46   34.68
G-C     0.13    0.70   -0.05  -14.92   -8.42    7.23   -1.63    0.29    3.33  -12.65   10.38   34.64
T-A    -0.03    0.35    0.76   -5.32   -2.48    2.29   -0.30   -0.72    3.05   -5.07    4.69   30.80
T-A     0.90    0.51    0.57   -6.85  -16.15    7.67    0.14    0.08    3.31    3.25    7.30   34.38
T-A    -0.66    0.18   -0.68    2.95  -19.13   -6.64   -1.06   -0.46    2.81    5.67    0.09   32.29
C-G     0.27    0.12   -0.41   -0.36   -4.31    7.57    2.13    0.76    3.48    7.85    4.12   38.35
C-G     0.30    0.13    0.38    5.94  -17.17    2.78   -1.03    1.25    3.34   -3.30    6.26   31.14
A-T    -0.19   -0.16    0.21    1.49   -7.49   -0.27   -0.07    2.48    3.55   -0.07  -17.57   46.50
A-T     0.41   -0.08   -0.25   -1.76  -14.26    3.57    0.29   -0.11    3.55    3.50    4.54   33.42
A-T     0.29    0.29   -0.83  -10.38  -15.96    2.51   -0.66   -0.10    3.36   -1.34    5.26   33.41
T-A    -0.34    0.09   -1.33   13.94  -20.14    3.96   -0.49   -0.01    2.52    1.72    4.86   29.35
A-T     0.18    0.40    0.98   11.71   -2.43   -3.17   -0.58    0.55    3.64  -16.73    7.74   38.31
C-G    -0.96    0.30   -0.17    7.76  -15.24  -13.12   -0.23   -0.61    3.54    5.55    6.29   25.05
A-T    -0.07    0.35   -0.01    4.20  -19.42   -4.85    0.67    0.70    3.44    5.75    4.99   41.07
C-G     0.42    0.59    0.59   13.37   -4.39    6.04    1.11   -0.03    3.05   -2.70    5.55   32.34
T-A     0.09    0.31    0.27  -11.01  -12.96    4.85    0.97   -0.19    3.84   10.55   17.50   34.01
T-A    -1.21    0.08    0.83  -21.01   -4.56    5.48   -0.05    0.36    3.69   -4.53    0.36   30.12
T-A    -0.38    1.44    0.72   -0.51   -4.59    5.52   -0.66    0.19    3.05    0.76    4.41   36.63
T-A    -1.29   -0.10    0.07   -2.11  -36.36  -14.27   -1.18    0.20    3.09    2.42  -22.32   36.93
G-C    -0.45    0.45    0.05  -14.06   -4.09    5.38    1.57    1.59    3.65    3.26   -3.55   43.59
G-C    -0.05    0.09   -0.17   -8.70  -10.27    1.99   -0.39    0.20    3.18   -0.84   11.59   29.05
T-A     0.33    0.55    0.01   -5.51   -4.31    2.81    0.09   -0.82    3.32   -1.34    3.00   33.51
A-T     0.84   -0.38   -1.08  -10.22  -22.26    4.39    0.11    0.11    3.54   11.30   17.48   31.66
G-C     1.11    0.35   -0.83   -6.87  -16.55   -2.74   -0.89    0.54    3.05   -7.43   12.20   32.36
A-T    -0.85    0.22   -1.08   -3.19  -19.40    3.11    0.13   -1.19    3.23    2.38   12.97   19.77
A-T     0.49    0.47   -0.18    5.39  -20.78   -0.99   -0.02   -0.21    3.21   -5.18   -0.10   38.40
T-A     0.12    0.62    0.07    7.10  -19.82    4.37    0.83   -1.04    3.08    0.73   -4.12   32.36
C-G     0.12    0.54    0.76   -9.36  -12.77   10.03    0.82   -0.17    3.45   -1.20    0.91   39.17
T-A     0.14   -0.29    1.36  -16.09   -9.82   -4.37   -1.35   -0.07    3.55   -5.04    3.33   34.22
G-C    -0.65   -0.13    0.53   -2.20   -1.49    0.35   -0.18    2.28    3.03    2.72  -23.83   41.63
C-G     0.78   -0.17    0.19   10.35   -8.03    0.75    0.31    0.34    3.04    2.14    8.83   33.69
A-T    -0.46   -0.14   -0.30   -1.30  -16.39    2.86   -0.03    1.95    3.55    5.50   -5.51   42.80
G-C    -0.05   -0.05    0.18   14.98  -16.47    7.00    0.53    0.75    2.97   -2.81    7.41   29.50
G-C    -0.65   -0.19   -0.32   -4.23  -11.08   -1.66   -0.56   -0.45    3.53   -3.02   15.10   32.73
T-A    -0.12    0.26   -0.05   -4.83   -3.68   -4.06   -0.57   -0.81    3.40   -2.60    7.48   32.56
G-C    -0.52   -0.44   -0.25    0.71   -4.22   -1.97    0.18    0.19    3.26    2.98    6.58   33.18
G-C    -0.41   -0.06   -0.13    3.73   -8.79    7.30    0.57    0.33    3.28   -1.09    6.69   29.35
A-T     0.25   -0.04    0.29    1.96  -10.48    2.38   -0.25   -0.26    3.19   -4.70    2.02   38.47
T-A     0.47   -0.17   -0.08    5.07   -6.90    2.90    0.22   -0.65    3.23    2.69   -1.19   33.07
A-T     0.02   -0.17    0.06   -8.64   -7.80    0.50   -0.60    0.27    3.67   -2.08   -6.89   38.78
T-A    -0.17    0.00    0.39   -1.70  -15.25    1.73   -0.23   -0.92    3.14   -1.24   -2.21   33.27
T-A     0.06    0.07   -0.10   -5.72  -13.06    4.46    0.59    0.14    3.29    5.26    2.42   37.54
G-C     1.64    0.04   -0.77   -5.76    0.19   -3.47   -0.16    0.04    3.48    4.00    5.04   36.11
A-T     0.04   -0.30   -0.42   -3.56   -4.49   -0.24    0.04   -0.16    3.18   -6.62   10.87   29.93
T-A     0.75   -0.66   -0.80    7.86    1.33   -1.12    0.38   -0.50    3.26    2.44   -2.04   37.60
