 166 # base-pairs
   0 # ***local base-pair & step parameters***
#      Shear  Stretch  Stagger Buckle Prop-Tw Opening   Shift  Slide    Rise    Tilt    Roll   Twist
A-G    -1.72   -1.11   -4.06   -6.61  -15.38  -48.73    0.00    0.00    0.00    0.00    0.00    0.00
C-A     1.59   -0.13   -3.72   -4.01  -42.64  -18.18    0.32   -0.14    3.79   -2.00   -6.26   51.58
T-C     1.01   -0.13   -3.75  -18.43  -43.28  -33.55   -0.93    0.22    3.81   -2.56    2.67   36.04
G-C    -0.00   -0.21   -2.35  -14.29   -1.29  -16.37    1.49    0.82    3.29   -3.70  -14.08   37.80
G-G     0.39    1.20   -1.93    2.95  -31.91   -9.83    0.45   -0.04    3.14   -0.66    5.00   29.88
C-G    -0.89    0.30   -3.98   -1.84  -19.98  -24.85   -0.20    0.11    3.25   14.00   -2.20   30.10
C-C     1.17   -0.03   -3.76    1.84  -21.65  -19.63    0.37   -0.31    3.21    0.31   10.59   37.70
G-G    -1.63    1.16   -1.00  -24.53  -40.47  -26.05    0.60   -0.18    3.86  -11.91   -7.63   27.31
C-G     0.67    1.13   -1.32  -21.97  -38.08  -26.28    0.09   -0.59    3.21    1.60    5.64   44.99
C-G    -2.33    0.86   -2.43   -6.98  -17.49  -19.70   -0.08   -0.78    2.38   10.32    8.53   19.41
C-A    -1.15    0.84   -2.56   13.64  -28.12  -16.18   -0.05   -0.28    2.82   -4.92    8.69   32.37
T-C    -0.48   -1.74   -4.87  -15.81  -48.08  -29.12   -1.14    1.12    3.81    8.56    0.40   42.85
G-C    -3.14   -0.96   -3.14    9.23  -44.07  -30.34    0.20    1.74    2.20   -7.94  -17.29   27.10
G-T     1.02   -0.04   -3.10   23.83  -25.05  -30.62    0.53    0.29    3.28    9.07   12.35   49.21
A-C    -1.06    0.64   -2.99   16.50  -21.01  -31.96   -0.08    0.31    3.37   -1.68    2.31   31.01
G-T     0.88    0.74   -3.40   14.01  -11.35  -29.77    0.20   -0.48    3.43    4.34    1.36   42.51
A-T     2.06   -0.24   -5.02    3.66  -19.29  -36.34   -0.08   -0.36    3.96    9.18    4.31   35.20
A-A    -0.14   -0.13   -5.09    3.62  -17.40  -32.03    0.17    0.15    3.05   -0.18    2.47   28.20
T-G    -0.69   -0.23   -6.49    9.08  -28.21  -47.26   -0.80   -0.04    3.07    7.35   -7.09   41.35
C-G    -0.79    1.05   -5.15    2.70  -22.52  -27.29    1.31    0.07    3.66   -3.79    7.60   31.65
C-G     1.12    1.03   -4.18    9.02  -32.70   -5.62    1.23   -0.02    3.27   -2.64   10.03   34.97
C-C    -0.25    0.68   -2.93  -17.03  -14.22  -18.71   -0.40    0.08    3.79   -7.61    7.27   31.41
G-C     1.41    0.87   -2.62  -21.64  -40.61    2.86    0.54    0.23    3.60    0.05    2.40   40.49
G-A     0.28    1.00   -2.98  -10.72  -28.44  -24.51   -1.24   -0.14    2.57   -1.11    8.13   26.25
T-C     0.18   -0.31   -2.01   -5.89  -12.38  -28.57    0.05   -0.02    3.06   -7.63   -5.71   37.90
G-G     0.86    1.11   -1.94   -9.56   -0.92  -37.12   -1.47   -0.08    3.14   -2.94   -2.67   38.35
C-G     1.08   -1.96   -2.35  -11.22   10.24  -29.19    0.28    0.35    3.72   -0.41   -6.97   36.28
C-C    -0.32   -2.22   -4.04  -12.03  -25.15  -33.32   -0.84    2.46    3.48    8.51  -12.40   36.36
G-T     0.46   -0.53   -2.70    3.78   -7.33  -37.09   -0.14    1.32    2.93  -14.86  -10.93   43.18
A-C     0.94    0.68   -3.58   -0.52  -41.22  -46.86   -0.96   -0.14    3.90   -3.32    6.35   39.10
G-C     0.27    0.22   -3.44   -7.92  -10.68  -31.40    0.24    0.11    3.58   -0.26   -4.36   30.58
G-G     1.73    0.47   -3.37  -10.40   -3.44  -36.72    0.16   -0.51    3.52   -3.00    2.66   41.12
C-G    -0.22    0.46   -2.98   -3.49  -12.14  -37.98   -0.15   -0.67    3.04   -2.14   -1.21   28.26
C-C     1.24   -0.72   -2.29   -7.50   -8.84  -30.65    1.02   -0.15    3.74    1.29    7.90   40.10
G-G    -1.51    0.79   -1.70  -18.80  -41.01  -12.77    0.89    0.92    3.28    2.27  -16.68   35.59
C-A     1.42   -0.52   -3.59    8.81  -57.73  -20.82    0.44    0.61    2.79   18.97   -3.37   41.42
T-G    -2.12   -1.75   -3.38   -2.91  -21.00  -34.46    0.32    1.40    3.20    8.02    5.10   21.37
C-T    -0.48   -2.03   -3.81   18.89   -4.29  -33.05    0.73    2.31    2.78   11.49  -10.52   48.08
A-T     1.16   -0.43   -3.54    1.08  -23.24  -26.98   -0.29    1.07    4.49   -5.37    9.12   40.97
A-A    -0.24   -0.08   -3.69    6.09  -25.10  -24.88   -0.27    0.51    3.12   -4.50   -0.78   30.66
T-A    -0.29   -0.08   -4.07   14.72  -15.93  -31.40   -0.07    0.23    3.24    0.06   -6.01   39.39
T-C    -0.17    0.65   -5.00   -4.54  -34.44  -40.76   -0.70   -0.18    4.07    6.49   16.87   31.79
G-C    -1.44    0.66   -2.68    8.59  -36.65   -6.02    1.84   -0.11    2.68   -8.67   14.60   20.65
G-A    -0.02    0.71   -3.47    6.24  -28.69  -45.82   -0.94   -0.28    3.57    5.38   -6.25   38.96
T-G    -1.52    0.49   -2.39  -23.67  -29.50  -32.04    0.91    0.06    4.11    2.26    4.91   36.99
C-C    -1.09   -0.21   -3.65  -18.44  -37.87  -25.04    0.96   -0.04    3.53    9.14    4.77   32.43
G-A    -0.62   -0.55   -3.12   -1.01   -0.02  -33.13   -0.56    0.76    2.87   -3.42    0.01   37.29
T-T     1.90   -0.96   -3.09   -5.43  -14.57  -46.39   -1.13    0.14    3.93   -5.31   -3.14   44.58
A-C    -1.70   -1.03   -2.42   10.38   -5.79  -34.56    0.84    1.71    2.48   -0.13  -24.80   29.40
G-T     0.56    0.86   -0.82   28.01  -29.67  -30.76   -0.17   -0.07    3.02  -18.17   -3.11   44.16
A-G    -1.11    0.77   -2.57    7.93  -18.22  -31.25   -0.29   -0.19    3.60   10.12   -7.98   31.43
C-T     1.44   -0.08   -3.34    4.59  -21.85  -28.62    0.24   -0.69    3.48    4.49    8.42   39.77
A-C     0.50    0.12   -4.48   -1.18  -33.33  -23.42   -0.11    0.42    3.54    4.96   10.62   29.37
G-G     0.81    0.33   -3.92   -7.07  -29.50  -19.19   -0.23   -0.22    3.26   -7.83    9.05   32.11
C-A     0.77    0.14   -3.49   -6.09  -37.57  -21.62   -0.27   -0.12    3.45   -3.35   -9.39   38.82
T-G    -1.03    0.08   -2.17  -18.95   -4.62  -37.24   -0.53    0.46    4.01   -4.13    8.91   27.28
C-A     2.67   -0.75   -3.17    1.02  -26.63  -25.98   -0.13   -0.15    2.77    4.93   -0.42   45.50
T-T    -2.82   -1.14   -3.51   10.16  -26.35  -34.37   -0.12    2.57    2.40    0.19  -33.48   32.34
A-C    -0.41    0.14   -2.20    2.75   20.06  -18.06    1.46   -0.24    3.91   -5.64    4.68   41.40
G-G     0.80    1.15   -1.98   -5.24  -16.53  -22.19   -0.24    0.03    3.79    0.72   -7.21   40.14
C-T    -0.48    0.35   -3.79    5.76  -19.94  -25.26    0.43    0.12    2.73   18.04   -3.04   29.34
A-G    -0.14    0.68   -3.36    9.93   -1.07  -28.82    0.06   -0.98    3.21   -4.11   15.29   27.14
C-G    -0.96    1.01   -3.39   19.64   -3.30  -21.18    0.33   -0.53    3.12   -0.80   -0.06   26.41
C-C     0.55   -0.38   -3.90   -5.51  -12.92  -31.35   -0.55   -0.71    4.13    3.53   25.46   36.18
G-G     0.53    0.44   -3.47    1.75  -23.31  -19.53    0.37   -0.05    3.01   -3.56   -1.92   35.13
C-A     1.63   -0.66   -4.10    0.50  -38.07  -26.24   -0.34   -0.10    3.21    4.93    3.70   38.59
T-A    -3.63   -1.35   -4.88   17.88   -2.22  -38.62    0.66    1.53    2.42   18.27  -16.36   20.98
T-T     1.39   -1.23   -5.21   16.26  -19.61  -40.08    0.23    0.78    3.91    3.64   13.36   46.63
A-T    -1.09    0.22   -2.95   26.36  -16.80  -45.68    0.44    0.46    2.94   -9.24  -17.60   31.20
A-T    -0.11    0.81   -2.05   17.73   -7.99  -38.55    1.03   -0.63    3.47   -1.30   -4.93   40.71
A-G    -0.46    0.79   -2.87    3.22  -16.81  -36.53    0.29   -1.00    3.73    7.50   -5.72   35.14
C-C     0.78   -0.59   -3.38   -7.71  -26.82  -32.94    0.43   -0.52    3.64    4.56    5.56   39.73
G-G    -0.95    0.04   -3.37   -9.11  -21.08  -29.39    0.07    0.13    3.13   -3.80    6.57   26.07
C-T     1.44   -0.03   -3.53   -8.21  -18.17  -33.50   -0.63   -0.46    3.47   -2.51   12.31   39.19
A-G     1.41   -0.50   -2.94    6.54   -7.45  -39.52   -0.61    0.04    2.90   -6.17    4.61   32.39
C-C    -0.28   -0.23   -2.77   -7.34  -20.87  -38.94   -0.27   -0.22    3.69   -5.61   -3.54   31.18
G-A     1.33   -0.45   -3.09   10.29  -14.06  -39.28   -0.02    0.01    2.95    3.29   -0.57   42.16
T-T    -1.69   -2.12   -2.55   11.59    3.30  -34.24    0.71    1.46    3.29   -0.90  -26.69   31.43
A-G     0.57   -0.31   -3.15   22.21  -12.27  -36.15    0.15    0.56    3.45   10.49   -2.51   39.91
C-C    -0.75   -0.18   -2.73   13.52  -19.85  -40.23    0.10    0.42    3.72   -4.03   -6.69   34.11
G-G    -0.07    0.45   -3.23    7.08   -3.88  -35.50    0.43   -0.09    3.56    7.32   -0.82   38.55
C-C     0.96    0.28   -3.07   -3.16  -12.23  -35.82   -0.03   -0.11    3.73   -0.69   14.60   36.63
G-G    -0.31   -0.05   -3.32    3.39  -24.27  -30.21    0.11   -0.31    3.10    2.09   -1.84   31.04
C-A    -0.87    0.35   -3.51    7.18  -27.79  -31.60    0.22   -0.40    3.22    3.21    0.76   30.97
T-C    -0.69   -0.35   -3.10   -5.93  -25.90  -34.70    0.35   -0.21    3.77   -0.37   11.52   33.20
G-A     1.32    0.25   -3.23   -4.22  -13.39  -39.42   -0.57   -0.49    3.45   -0.08    8.14   38.19
T-G     0.45   -0.69   -3.29    4.73  -19.67  -44.67   -0.33    0.01    3.11   -3.04    0.45   33.65
C-G    -0.19   -0.33   -3.03   -1.22  -17.79  -41.36   -0.19   -0.08    3.65   -1.53   -4.25   34.35
C-G     0.76   -2.05   -3.19   -4.04   -4.22  -34.40    0.23    0.99    3.61    3.30   -6.21   40.37
C-G    -1.15   -0.73   -3.23  -25.87  -23.73  -40.24   -0.41    1.49    3.73   -2.77  -14.45   42.11
C-G     0.17   -0.51   -3.79  -10.69  -31.75  -33.10    0.26    0.80    2.99   -2.06    8.03   38.11
C-C    -1.10   -0.88   -3.00   -2.47  -28.21  -29.79   -0.13    0.37    3.28   -8.87   -2.29   30.45
G-G     0.20    0.36   -2.49   -2.31   -5.68  -30.02    0.16   -0.09    3.56   -1.62    3.84   38.45
C-C     0.97    0.11   -2.16   -4.43  -25.23  -22.90    0.29   -0.53    3.24    2.20    3.44   35.15
G-A    -1.08    0.21   -3.21    7.94  -15.54  -39.90   -0.59   -0.20    2.85    4.01    2.85   23.48
T-A    -0.81    0.32   -3.81    6.14  -23.93  -30.96    0.40   -0.62    3.26    8.38    4.13   37.76
T-A    -1.06    0.44   -2.24  -10.61  -12.25  -34.87    0.58   -0.15    3.81   -7.88   -3.02   36.98
T-A     1.02    1.16   -1.96  -15.85  -17.72  -47.87   -0.88   -0.77    3.40   -2.69    0.72   40.70
T-T    -2.50   -1.16   -2.59  -10.25    9.36  -34.29   -0.01    0.37    2.98    4.67  -24.18   29.71
A-T     2.72   -0.51   -2.36   12.82    8.40  -36.15   -0.21   -0.43    2.82   -1.85   -0.75   45.66
A-G    -0.47    0.85   -2.69   -3.68  -21.93  -33.78   -0.20    0.34    3.79   -4.32  -14.11   27.66
C-G    -0.58    0.18   -2.46    7.33  -24.28  -20.07    0.99   -0.19    2.86   -1.90    0.34   33.63
C-C     0.07    0.10   -3.32   25.72  -53.88   -8.76    0.57    0.36    2.59    7.95    8.51   33.90
G-G    -0.56    1.18   -3.22   16.87  -32.15  -18.41   -0.38   -0.10    3.58   -4.88   13.15   28.08
C-G     0.06    0.82   -2.67    6.45  -32.78   -1.70    0.95   -0.54    3.35   -2.37    5.57   33.10
C-T     0.63    0.40   -4.68   -0.87  -33.02  -27.87   -1.38   -0.04    3.59    9.83    9.00   31.75
A-T     1.48    0.34   -3.14    1.13   -1.15  -40.03   -0.95   -0.56    3.15  -10.58    6.67   35.63
A-C    -0.63    0.31   -2.34    3.16    8.25  -26.45    0.54   -0.12    3.40   -6.01   -3.88   29.61
G-C     3.17   -1.07   -2.91    9.35  -14.61  -31.20   -1.03    0.07    3.66    1.91   -3.18   47.20
G-C    -2.74   -1.25   -3.79  -15.20  -11.21  -31.34   -0.33    1.66    3.69    0.44  -18.06   24.28
G-C     2.43   -0.56   -3.50    4.94  -15.85  -21.74    0.22    0.44    3.10   -2.32    4.37   48.26
G-T    -0.31    0.43   -2.89   14.23  -32.70  -31.72   -1.32    0.27    2.82  -15.86   -0.89   25.14
A-A    -0.38    1.84   -2.90    3.55   -5.04  -20.34    1.00    0.09    3.48    2.16   -5.34   41.25
T-A     1.00    0.99   -3.97    2.94  -19.60  -37.49   -1.04   -1.02    3.32    5.27    3.09   33.15
T-T     0.25   -0.79   -3.78   26.19  -39.54  -20.85    0.41    0.02    2.57    1.04    0.58   31.51
A-G     0.84    0.57   -3.13    5.13  -14.29  -32.37    0.17    0.10    4.35    0.65   10.06   33.67
C-A    -0.11    0.02   -3.78   12.08  -30.46  -22.59    0.71    0.29    2.75    9.65    0.89   35.97
T-G     0.74   -1.40   -5.20   37.16  -48.23  -35.02    0.25    0.94    2.50   15.83   -1.34   34.36
C-G    -2.83   -2.23   -3.91   12.76  -40.28  -30.03    1.07    2.65    3.30    6.47  -12.13   35.02
C-G     1.18   -0.69   -4.12   18.53  -30.61  -31.24    0.53    1.08    3.51    5.69   11.65   46.65
C-A    -1.03   -0.17   -3.50   14.28  -20.20  -36.10    0.40    0.89    3.29   -3.45   -5.27   29.92
T-T     0.72   -0.38   -2.30   20.05  -17.38  -37.33    0.08   -0.03    3.62   -5.85    1.32   40.81
A-C    -1.04    0.09   -3.04   19.56  -29.31  -19.97    1.08    0.46    3.52   11.33   -4.04   33.21
G-A    -0.33    0.79   -3.08   13.47  -15.07  -20.79   -0.14   -0.41    3.50   -2.26    9.39   31.83
T-G     0.76   -0.78   -4.05   11.00  -31.94  -27.36   -0.97   -0.10    3.62    6.87   24.14   31.57
C-A     0.57   -0.45   -4.15  -13.11  -49.86  -17.38    0.19    0.99    4.17    0.53    6.39   35.47
T-G    -0.49    0.11   -2.95  -29.62  -41.47  -23.00   -0.10    0.01    4.08   -4.65    7.10   30.36
C-G    -2.42    0.62   -1.79  -40.83   -2.45  -38.62   -0.40    0.53    3.98  -15.61   14.71   24.43
C-T    -1.00   -1.33   -4.03  -28.02  -24.53  -44.46   -2.19    0.46    3.21    8.46  -17.93   46.33
A-C    -0.28   -2.02   -3.83   -6.94  -23.47  -32.50   -0.02    1.33    2.55   -3.10   -9.58   43.05
G-C    -1.36   -0.06   -2.00   -9.48  -29.64  -22.07    0.42    2.00    2.93  -13.60  -10.75   40.54
G-G    -1.15    1.08   -1.98    5.05  -17.91  -28.23    0.01    0.02    2.86    1.96   -4.60   35.63
C-T     1.07    1.07   -0.63   13.02  -33.62  -29.41    0.25   -0.10    3.08  -11.27   -6.84   45.35
A-G    -0.58    1.50   -2.69   25.71  -28.70  -44.30   -0.65   -0.68    2.71    9.66    3.32   26.74
C-C    -1.96    0.78   -1.65   11.47  -50.38   -2.76    2.53   -0.73    2.97    0.44    5.69   32.23
G-A    -1.70    0.27   -3.17   -4.77    2.99  -40.46   -1.83   -0.26    3.95    1.38   -3.73   35.47
T-C    -1.23   -0.61   -3.77   -3.99   -0.35  -43.35   -0.38    0.04    4.05    3.62    2.14   38.10
G-A     0.54   -0.53   -3.83   15.70  -13.08  -54.35   -0.49   -0.00    2.92    3.27  -13.38   48.24
T-G    -1.56   -1.63   -3.60   -2.69   -1.60  -34.88    1.73    1.42    3.78   12.33  -13.60   37.07
C-T     1.24   -2.15   -4.43   38.18  -39.53  -36.24    0.97    0.97    2.43   13.70   -5.51   45.69
A-C    -0.15   -0.63   -4.91    0.34  -59.44  -32.05    0.19    1.94    4.77    6.62   17.48   29.16
G-T     0.28   -0.04   -3.74    5.97  -25.50  -36.50    0.20    0.06    2.99   -8.96   -0.13   36.85
A-A     0.33    0.87   -3.28   -5.89   -7.52  -34.23   -0.26   -0.72    3.63   -5.28   10.72   31.27
T-T    -0.66    0.05   -2.89  -13.50  -24.99  -30.21    0.02   -0.71    3.59   -4.78    8.41   29.61
A-A     0.98   -0.02   -3.14    1.24  -11.89  -37.36   -0.81    0.01    2.98   -4.28   -3.03   42.09
T-T    -0.18    0.26   -3.66   20.00  -43.96  -11.79    1.11    0.17    2.68    3.70   10.19   24.04
A-A    -0.63    0.80   -3.44   -3.82  -10.27  -19.34   -0.36   -0.29    3.65   -6.66    7.69   36.49
T-T     2.43   -0.80   -3.59    3.13  -15.58  -23.65   -0.65   -0.22    3.43   -1.59    1.72   41.96
A-G    -0.68    1.13   -3.07  -13.48  -17.89  -32.67   -0.81    0.03    3.43   -7.74   -6.90   28.94
C-T    -0.29    0.87   -2.59  -20.88  -13.33  -28.06   -0.04   -0.45    3.63   -5.35   -2.86   36.48
A-A     1.70    1.28   -2.03  -17.86   -7.97  -30.36   -0.71   -0.46    3.04   -5.38   -6.27   42.68
T-G    -0.68    1.16   -1.69  -20.01  -17.66  -26.71    0.04   -0.78    3.08    0.86   -4.29   25.56
C-G    -1.30    0.40   -0.64    2.79  -22.62    3.20    0.93    0.55    2.89   -7.91   -1.32   25.02
C-A     0.74    0.43   -0.39  -19.29  -44.97   -3.85   -0.66   -0.25    3.96   -1.13   13.30   41.00
T-C    -1.18   -1.39   -3.56  -29.83  -42.20   -7.49   -0.76    1.25    3.30   20.29   -8.25   38.29
G-A     0.97   -0.22   -3.38  -24.90  -33.37  -14.44   -0.29    1.30    3.25   -8.31   12.95   37.14
T-C    -1.75   -0.68   -3.23  -21.78  -22.21  -10.82    0.51    0.36    2.95    1.36   11.50   21.81
G-G     1.08    0.01   -2.81  -20.58   -9.02  -10.60    0.05    0.66    3.34   -7.35   15.60   39.67
C-T     0.49    0.95   -0.23  -14.22  -23.46   27.60    1.66   -0.02    2.71   -7.80   24.23   24.54
A-A    -2.21    1.10   -0.94   -7.00  -10.99   -2.98   -2.61    0.72    2.38   -7.95    6.04   26.92
T-C     1.21    0.52   -2.01   23.61  -14.50   -4.35   -0.41    0.63    2.55    4.66    8.31   42.79
G-A    -0.02    0.03   -2.59   39.39  -26.93    5.65    0.95    0.30    2.85   11.46    3.31   23.66
T-T     0.45   -1.62   -3.45    2.10  -34.57   -1.56   -0.48    0.74    4.33   11.00   34.95   26.77
A-T    -0.16   -1.41   -4.85   -3.63  -40.41   12.78    0.30    1.43    3.43   15.84   12.46   30.27
A-C    -1.35   -0.19   -3.73    9.20  -20.98   10.44    0.65    1.01    2.52   -8.63   22.17   18.56
G-A     0.25   -1.20   -3.21   38.18    6.62  -18.74   -0.47    1.44    2.67    2.59    8.20   33.79
