 99 base-pairs
   0  ***local base-pair & step parameters***
       Shear  Stretch  Stagger Buckle Prop-Tw Opening   Shift  Slide    Rise    Tilt    Roll   Twist
T-A    0.000   0.000   0.000   0.000   0.000   0.000   0.000   0.000   3.300   0.000   0.000  35.200
C-G     0.60   -0.08   -0.16   -2.37   -8.81    2.87    1.33    0.97    3.13    6.12   -1.24   43.25
C-G     0.57   -0.04   -0.27    1.00  -13.27   -0.24   -1.20    0.43    3.42   -5.77   -2.27   34.13
A-T     0.49   -0.03   -0.42   -3.70   -3.77   -6.10   -0.23    0.14    3.56    0.45    4.14   36.42
T-A    -1.25    0.18   -0.52    8.39   -7.62   -1.25    0.73   -0.40    2.88    2.86    6.01   26.03
C-G     0.28   -0.51   -0.35   10.10  -12.90    1.28   -0.34   -0.24    3.25   -4.02    8.83   33.39
A-T     0.33   -0.45   -0.80  -13.14  -14.25    4.44    0.19    0.25    3.90    7.22   12.45   33.05
A-T     1.35    0.14   -0.70  -10.29  -10.26   11.43    0.78    1.05    3.35    3.35   23.80   25.92
A-T     0.00    0.05    0.22    2.78  -22.41   -2.26   -1.00    0.48    2.83   -9.83   -1.56   24.24
A-T     0.15    0.14    0.00   -2.68  -21.98   -4.19   -0.34   -0.10    3.40    3.05    7.81   38.08
G-C    -0.50   -0.21    0.64   18.22    2.91    0.76    1.56    0.62    2.96    2.21  -12.38   32.24
G-C     0.28    0.26    0.75    0.45  -37.17   -6.30   -1.32    1.08    4.01   -1.60   -3.21   42.75
C-G    -0.35   -0.24   -0.12   -9.57   -9.04    1.19    1.50    0.68    3.78    6.11  -12.52   39.01
A-T    -0.13   -0.22   -0.18  -11.72  -11.22    1.14   -1.27    0.72    3.36   -6.13    7.92   34.87
T-A    -0.31   -0.02    0.02   -4.67  -13.47    0.74   -0.37   -0.52    3.12   -3.02   -0.30   30.19
G-C    -0.37   -0.15   -0.56  -14.60  -12.58    6.30    0.16    0.51    3.60    0.84   10.30   36.55
T-A    -0.11   -0.11   -0.13   -0.75  -15.70    3.63   -0.23   -0.42    2.96   -5.46    4.17   32.40
T-A    -0.13   -0.08    0.07   -4.71  -12.74    1.71   -0.27    0.03    3.47   -0.08    8.55   32.92
C-G     0.14   -0.16   -0.32    5.21   -8.10    1.72    0.52    0.20    3.08    3.57    5.40   32.02
A-T     0.35   -0.28   -0.15    8.31  -13.02    0.60    0.72    0.89    3.32    4.72    9.59   34.96
G-C    -0.21   -0.06    0.28    0.76  -24.76   -0.05   -0.98    1.56    3.39   -3.87   -4.14   40.99
C-G     0.14   -0.15    0.28   -1.37   -8.79   -2.96    1.02    1.30    3.42    1.52   -6.11   41.22
T-A    -0.18   -0.11    0.27   -2.51  -22.30   -3.31   -0.81    0.51    3.31   -1.38   -2.69   33.84
G-C    -0.43   -0.15   -0.10   -4.20   -3.82    2.50    0.87    1.76    3.40    3.78   -2.57   43.52
G-C     0.28   -0.12    0.14    5.05   -7.25   -0.48    0.24    0.29    3.18   -3.52    6.91   27.25
A-T    -0.08   -0.07    0.04   -1.48   -8.88    1.18   -0.58   -0.05    3.39   -2.93    5.91   36.59
A-T     0.64   -0.18    0.29   -2.42   -7.41    0.54   -0.16   -0.31    3.30   -2.80    4.59   36.51
T-A     0.11   -0.08    0.00    0.93  -13.01    2.50   -0.13   -1.06    3.16    3.16    7.00   28.86
C-G     0.19   -0.11    0.02   -0.56  -13.14   -1.08   -0.27   -0.20    3.35    0.71    6.22   32.33
C-G     0.27   -0.13    0.03    2.16   -3.55    0.81    0.19    0.09    3.28    2.36    6.74   30.21
A-T     0.22   -0.04    0.12    0.34  -21.70   -3.88   -0.91    1.74    3.45   -2.55   -2.03   43.56
G-C    -0.23   -0.18    0.35    5.22   -4.56   -2.17    1.12    0.53    3.19   -0.48   -5.03   32.48
C-G     0.16   -0.16    0.23    0.06  -26.25   -1.89   -1.27    1.29    3.46   -0.75   -6.46   41.51
T-A     0.04   -0.18   -0.14   -2.55   -9.61    0.22    1.28    1.57    3.36    4.06   -4.86   42.21
G-C    -0.13   -0.09    0.18    4.29   -5.47    2.12   -0.64    0.78    3.21   -6.62    7.30   34.65
A-T     0.15   -0.21   -0.19    1.96  -12.19    0.90   -0.49    0.09    3.44    1.25    7.33   33.65
A-T     0.03    0.09   -0.36    3.16  -18.87    6.00    0.38    0.13    3.27    1.67    9.69   31.98
C-G     0.20   -0.08   -0.04   -0.82  -14.52    4.37   -0.08   -0.40    3.41   -3.35    6.68   31.58
A-T     0.03   -0.03   -0.01   -1.94  -12.45    4.22   -0.47    0.57    3.42   -0.37    9.09   35.45
T-A    -0.14   -0.14    0.02    3.11  -10.85    0.20    0.11   -0.45    3.20   -0.00    0.68   28.67
G-C    -0.13   -0.15    0.08   -0.63   -3.47    0.67    0.93    0.44    3.56    2.18    4.68   34.54
C-G     0.26   -0.17    0.63    3.70  -28.02   -3.37   -1.30    0.52    3.31   -3.00   -7.01   38.71
C-G     0.28   -0.23    0.42   -8.13  -14.54   -0.11    0.48    1.94    3.66    1.06   -8.32   45.87
T-A    -0.33   -0.13    0.07  -11.84  -17.50    1.22   -0.36    1.66    3.47   -2.00   -9.28   40.37
T-A    -0.02   -0.09    0.01   -1.98  -13.40    0.37    0.09    0.19    3.16   -3.20    3.71   32.37
T-A    -0.12    0.03   -0.13   -6.55  -14.04    6.10    0.52   -0.08    3.33    1.83   10.62   31.26
T-A     0.11   -0.13   -0.38   -3.50  -10.51    6.88   -0.04    0.46    3.27    1.49   11.25   30.07
G-C    -0.34    0.11   -1.00  -20.51  -10.34    2.27    0.03   -0.53    3.81    2.11   21.63   24.50
A-T     0.01   -0.23   -0.36  -12.45   -8.09   -2.24    0.07   -0.55    3.04   -4.29    5.31   33.63
T-A    -0.49    0.07   -0.09    1.82   -6.42    0.27   -0.44   -0.58    3.00   -0.56    4.76   24.04
G-C     0.08   -0.17    0.41    5.66  -11.43   -3.23   -0.26    0.47    3.31   -3.58    0.75   40.94
G-C    -0.60   -0.10   -0.48   -2.61   -4.57    2.00    1.25    0.25    3.56    9.78    2.03   32.40
A-T    -0.02    0.02    0.11    4.03  -27.61    0.13   -1.43    1.34    3.17   -6.65   -4.39   42.75
G-C     0.17   -0.04    0.37    3.66   -8.26    0.32    1.03    0.34    3.32   -2.71   -2.97   35.02
C-G     0.38   -0.08    0.08    5.19  -24.66    2.06   -0.81    0.50    3.20   -0.42   -3.19   38.03
A-T    -0.19   -0.03   -0.24   -4.35  -10.67    9.97    1.48    0.69    3.53    6.79    1.56   37.71
G-C    -0.63    0.36   -0.32  -14.88  -11.67    5.55   -1.34    0.09    3.50   -6.70   12.67   31.93
T-A    -0.33    0.17   -0.15   -4.30  -13.21   -5.30   -0.78   -0.34    3.02   -3.38    9.57   31.26
T-A    -0.14    0.34    0.02   -3.57  -11.61    4.88    0.01    0.00    3.35    0.65    9.12   30.20
T-A     0.29    0.18   -0.11  -11.63  -22.23   -0.65   -0.19   -0.06    3.34   -0.20    5.40   40.48
C-G    -0.03   -0.12   -0.15   -4.33   -4.91    0.83    1.21    0.66    3.23    5.24   -1.95   34.78
C-G     0.40   -0.38    0.36   10.39  -15.49   -7.30   -1.04    0.89    3.17    0.37    6.49   29.91
A-T    -0.24   -0.22    0.34    8.51  -19.05    0.84    0.80    2.32    3.30    2.18  -15.60   47.15
A-T     0.63   -0.10    0.55   19.00  -11.16   -3.98    0.08   -0.12    2.93   -1.41    1.98   34.59
A-T     0.07   -0.11   -0.74   -6.25  -14.42   -1.83   -0.24   -0.29    3.92    4.30    0.78   37.02
T-A    -0.77    0.45   -0.25    5.90  -15.38    4.28    0.17   -0.40    2.96   -3.13   -2.98   33.06
A-T     0.31    0.43   -0.47   -5.27   -2.01    3.36    0.04   -0.03    3.67    1.03    4.10   38.51
C-G     0.19   -0.04    0.21    3.43   -0.68    6.03    0.38   -0.74    3.13   -3.84   13.86   25.34
A-T    -0.52    0.43    0.04    1.63  -10.90    7.71   -0.05    0.08    3.18    2.15    7.27   33.38
C-G     0.48    0.20   -0.44    0.07  -14.30    5.50    0.35   -0.13    3.26    2.47    4.98   36.93
T-A    -0.78    0.09    0.04    3.65   -5.05    2.77   -0.29   -0.28    3.26   -1.63    1.23   30.64
T-A     0.06    0.09    0.34   -5.88  -21.33    2.70   -0.13   -0.54    3.58   -0.42    0.74   35.67
T-A    -0.42    0.06    0.10  -18.82  -15.55   -1.34   -0.06   -0.05    3.34    2.21   -5.65   39.48
T-A     0.12    0.03   -0.23   -9.24  -12.02    1.01   -0.36    0.22    3.15    1.35   -3.01   35.15
G-C    -0.06   -0.11   -0.10    1.24    1.15   -1.32   -0.04    2.29    3.25   -2.76  -10.71   41.68
G-C    -0.56    0.04    0.01   -0.16  -12.41    2.14    0.05   -0.05    3.36   -1.07    9.41   28.88
T-A    -0.61    0.19    0.05    5.73   -7.75    2.48   -0.11   -0.48    3.24   -3.19    2.45   30.97
A-T    -0.09   -0.04    0.28    6.00   -8.81    1.63    0.31   -0.92    3.02    0.05   13.31   33.76
G-C    -0.55   -0.39   -0.98   -4.13  -16.66   -1.60   -0.31   -0.48    3.81    6.43    6.45   29.40
T-A    -0.73    1.26   -0.91    4.20  -14.29   17.57    1.34   -0.15    2.83    0.80   10.67   25.44
A-T    -0.39   -0.12    0.35    1.91   -3.33    8.99    0.46   -0.08    3.44   -8.34    7.09   35.24
T-A    -0.41    0.13   -0.18    5.11   -7.75   -3.41   -0.88   -0.84    3.15    4.07   -3.53   35.08
C-G    -0.14   -0.05    0.81  -16.11  -16.92   -4.73    0.19   -0.60    3.80   -3.68   -3.18   39.33
T-A     0.28    0.05    1.06  -14.45  -14.79   -2.08   -0.66   -0.44    3.21   -2.85    2.01   31.91
G-C    -0.26   -0.11    0.02   -7.50   -6.39    1.65   -0.30    2.54    3.18    3.12  -16.22   46.41
C-G     0.92   -0.07    0.03   10.99  -11.49   -1.57    0.03    0.40    2.76   -0.49    7.57   31.42
A-T    -0.15   -0.29   -0.29   -6.27  -16.28    3.73   -0.06    1.87    3.74   -0.94   -0.59   42.03
G-C    -0.27    0.09    0.09    6.50  -15.59    7.43    0.29    0.48    2.97   -5.22    6.32   28.19
G-C    -0.48   -0.25   -0.09   -6.01  -10.15    0.88   -0.38   -0.39    3.42   -3.50   14.08   34.62
T-A    -0.27    0.05   -0.34   -3.52   -7.22    2.47   -0.60   -0.52    3.26    0.53    4.98   30.08
G-C    -0.36   -0.37   -0.31   -1.44   -8.84   -3.36   -0.18   -0.04    3.33   -0.80    9.81   35.31
G-C     0.25   -0.27   -0.21    5.82  -10.22   -0.02    0.89    0.12    3.29   -0.61    4.18   30.77
A-T    -0.24   -0.17   -0.13   -2.61  -10.41    3.29   -0.12   -0.23    3.35   -1.59    1.53   35.30
T-A     0.03   -0.24   -0.13    5.14   -5.86   -0.64   -0.09   -0.59    3.17   -0.26   -0.76   31.92
A-T    -0.03   -0.32    0.17   -5.18   -9.01    3.89   -0.16    0.19    3.54   -2.12   -7.49   43.60
T-A     0.10   -0.13    0.13   -2.37  -16.61    4.16   -0.29   -0.63    3.25    0.29   -0.53   32.21
T-A     0.06   -0.13   -0.21    0.94   -9.84    1.56    0.28   -0.07    3.14    3.22    0.45   35.14
G-C    -0.21   -0.22   -0.75   -3.16    0.03   -2.54    1.07    0.47    3.45    6.45    4.02   33.41
A-T     0.23   -0.17   -0.18    4.34   -2.04   -1.91   -0.82   -0.03    3.16   -5.56    5.34   33.87
T-A     0.33   -0.22   -0.48    8.90   -2.66    4.65    0.89   -0.97    3.26    2.01    2.21   33.88
