 146 base-pairs
   0  ***local base-pair & step parameters***
       Shear  Stretch  Stagger Buckle Prop-Tw Opening   Shift  Slide    Rise    Tilt    Roll   Twist
A-T     0.00    0.00    0.00    0.00    0.00    0.00    0.00    0.00    0.00    0.00    0.00    0.00
T-A     0.00    0.00    0.00    0.00    0.00    0.00   -0.06   -0.33    3.29   -1.12    7.54   31.48
C-G     0.00    0.00    0.00    0.00    0.00    0.00   -0.10   -0.24    3.30   -1.45    5.56   32.67
A-T     0.00    0.00    0.00    0.00    0.00    0.00   -0.09   -0.06    3.31   -1.24    2.54   34.48
A-T     0.00    0.00    0.00    0.00    0.00    0.00   -0.03    0.14    3.31   -0.56   -0.60   36.31
T-A     0.00    0.00    0.00    0.00    0.00    0.00    0.06    0.27    3.29    0.37   -2.91   37.53
A-T     0.00    0.00    0.00    0.00    0.00    0.00    0.13    0.26    3.27    1.22   -3.68   37.66
T-A     0.00    0.00    0.00    0.00    0.00    0.00    0.16    0.12    3.26    1.70   -2.64   36.59
C-G     0.00    0.00    0.00    0.00    0.00    0.00    0.13   -0.10    3.25    1.65   -0.05   34.64
C-G     0.00    0.00    0.00    0.00    0.00    0.00    0.05   -0.31    3.26    1.11    3.34   32.43
A-T     0.00    0.00    0.00    0.00    0.00    0.00   -0.03   -0.42    3.27    0.30    6.51   30.72
C-G     0.00    0.00    0.00    0.00    0.00    0.00   -0.08   -0.39    3.29   -0.48    8.44   30.14
C-G     0.00    0.00    0.00    0.00    0.00    0.00   -0.08   -0.21    3.31   -0.94    8.44   30.94
T-A     0.00    0.00    0.00    0.00    0.00    0.00   -0.01    0.03    3.31   -0.92    6.41   32.89
G-C     0.00    0.00    0.00    0.00    0.00    0.00    0.08    0.26    3.31   -0.46    2.87   35.34
C-G     0.00    0.00    0.00    0.00    0.00    0.00    0.17    0.38    3.29    0.28   -1.07   37.45
A-T     0.00    0.00    0.00    0.00    0.00    0.00    0.21    0.34    3.27    1.03   -4.11   38.47
G-C     0.00    0.00    0.00    0.00    0.00    0.00    0.20    0.16    3.26    1.53   -5.16   38.01
A-T     0.00    0.00    0.00    0.00    0.00    0.00    0.13   -0.10    3.26    1.65   -3.74   36.22
T-A     0.00    0.00    0.00    0.00    0.00    0.00    0.05   -0.35    3.27    1.37   -0.18   33.72
T-A     0.00    0.00    0.00    0.00    0.00    0.00   -0.02   -0.48    3.29    0.82    4.38   31.39
C-G     0.00    0.00    0.00    0.00    0.00    0.00   -0.05   -0.47    3.31    0.20    8.38   30.07
T-A     0.00    0.00    0.00    0.00    0.00    0.00   -0.03   -0.30    3.32   -0.29   10.37   30.24
A-T     0.00    0.00    0.00    0.00    0.00    0.00    0.03   -0.05    3.32   -0.53    9.50   31.85
C-G     0.00    0.00    0.00    0.00    0.00    0.00    0.10    0.21    3.31   -0.47    5.93   34.35
C-G     0.00    0.00    0.00    0.00    0.00    0.00    0.15    0.40    3.29   -0.18    0.81   36.86
A-T     0.00    0.00    0.00    0.00    0.00    0.00    0.16    0.45    3.27    0.23   -4.08   38.51
A-T     0.00    0.00    0.00    0.00    0.00    0.00    0.14    0.36    3.26    0.63   -6.96   38.74
A-T     0.00    0.00    0.00    0.00    0.00    0.00    0.10    0.17    3.27    0.92   -6.70   37.53
A-T     0.00    0.00    0.00    0.00    0.00    0.00    0.06   -0.07    3.29    1.04   -3.30   35.33
G-C     0.00    0.00    0.00    0.00    0.00    0.00    0.04   -0.27    3.32    0.95    2.10   32.98
T-A     0.00    0.00    0.00    0.00    0.00    0.00    0.04   -0.37    3.34    0.68    7.53   31.33
G-C     0.00    0.00    0.00    0.00    0.00    0.00    0.05   -0.35    3.35    0.29   10.98   30.96
T-A     0.00    0.00    0.00    0.00    0.00    0.00    0.06   -0.22    3.35   -0.15   11.09   31.99
A-T     0.00    0.00    0.00    0.00    0.00    0.00    0.05    0.01    3.33   -0.53    7.71   34.02
T-A     0.00    0.00    0.00    0.00    0.00    0.00    0.03    0.25    3.30   -0.76    2.01   36.32
T-A     0.00    0.00    0.00    0.00    0.00    0.00    0.01    0.45    3.29   -0.76   -3.94   38.09
T-A     0.00    0.00    0.00    0.00    0.00    0.00    0.01    0.56    3.28   -0.52   -7.93   38.73
G-C     0.00    0.00    0.00    0.00    0.00    0.00    0.02    0.54    3.30   -0.09   -8.44   38.09
G-C     0.00    0.00    0.00    0.00    0.00    0.00    0.06    0.40    3.33    0.39   -5.26   36.47
A-T     0.00    0.00    0.00    0.00    0.00    0.00    0.11    0.18    3.36    0.78    0.45   34.51
A-T     0.00    0.00    0.00    0.00    0.00    0.00    0.14   -0.06    3.38    0.90    6.54   32.96
A-T     0.00    0.00    0.00    0.00    0.00    0.00    0.13   -0.23    3.38    0.69   10.68   32.37
C-G     0.00    0.00    0.00    0.00    0.00    0.00    0.08   -0.28    3.37    0.18   11.29   32.93
T-A     0.00    0.00    0.00    0.00    0.00    0.00   -0.01   -0.17    3.35   -0.49    8.10   34.43
G-C     0.00    0.00    0.00    0.00    0.00    0.00   -0.09    0.07    3.34   -1.10    2.29   36.28
C-G     0.00    0.00    0.00    0.00    0.00    0.00   -0.14    0.38    3.33   -1.43   -3.93   37.83
T-A     0.00    0.00    0.00    0.00    0.00    0.00   -0.13    0.66    3.34   -1.35   -8.21   38.53
C-G     0.00    0.00    0.00    0.00    0.00    0.00   -0.05    0.82    3.35   -0.88   -8.93   38.16
C-G     0.00    0.00    0.00    0.00    0.00    0.00    0.06    0.80    3.38   -0.16   -5.82   36.91
A-T     0.00    0.00    0.00    0.00    0.00    0.00    0.15    0.60    3.39    0.54   -0.11   35.26
T-A     0.00    0.00    0.00    0.00    0.00    0.00    0.20    0.29    3.40    0.96    6.02   33.85
C-G     0.00    0.00    0.00    0.00    0.00    0.00    0.17    0.00    3.39    0.94   10.20   33.21
A-T     0.00    0.00    0.00    0.00    0.00    0.00    0.08   -0.18    3.38    0.48   10.84   33.58
A-T     0.00    0.00    0.00    0.00    0.00    0.00   -0.05   -0.16    3.37   -0.26    7.72   34.83
A-T     0.00    0.00    0.00    0.00    0.00    0.00   -0.16    0.05    3.37   -1.01    2.06   36.50
A-T     0.00    0.00    0.00    0.00    0.00    0.00   -0.20    0.39    3.38   -1.50   -3.94   37.96
G-C     0.00    0.00    0.00    0.00    0.00    0.00   -0.17    0.73    3.40   -1.54   -7.98   38.68
G-C     0.00    0.00    0.00    0.00    0.00    0.00   -0.07    0.94    3.42   -1.11   -8.51   38.36
C-G     0.00    0.00    0.00    0.00    0.00    0.00    0.05    0.94    3.43   -0.38   -5.36   37.10
A-T     0.00    0.00    0.00    0.00    0.00    0.00    0.15    0.75    3.42    0.38    0.25   35.34
T-A     0.00    0.00    0.00    0.00    0.00    0.00    0.18    0.43    3.40    0.92    6.13   33.72
G-C     0.00    0.00    0.00    0.00    0.00    0.00    0.14    0.11    3.38    1.04   10.06   32.84
T-A     0.00    0.00    0.00    0.00    0.00    0.00    0.04   -0.06    3.36    0.74   10.56   33.05
T-A     0.00    0.00    0.00    0.00    0.00    0.00   -0.07   -0.01    3.36    0.14    7.48   34.32
C-G     0.00    0.00    0.00    0.00    0.00    0.00   -0.14    0.23    3.38   -0.52    2.06   36.21
A-T     0.00    0.00    0.00    0.00    0.00    0.00   -0.15    0.57    3.40   -0.98   -3.59   38.04
G-C     0.00    0.00    0.00    0.00    0.00    0.00   -0.10    0.87    3.44   -1.10   -7.30   39.11
C-G     0.00    0.00    0.00    0.00    0.00    0.00   -0.01    1.00    3.46   -0.84   -7.65   38.97
T-A     0.00    0.00    0.00    0.00    0.00    0.00    0.07    0.91    3.46   -0.32   -4.52   37.60
G-C     0.00    0.00    0.00    0.00    0.00    0.00    0.12    0.62    3.44    0.26    0.87   35.43
A-T     0.00    0.00    0.00    0.00    0.00    0.00    0.10    0.26    3.40    0.72    6.49   33.19
A-T     0.00    0.00    0.00    0.00    0.00    0.00    0.04   -0.03    3.36    0.91   10.24   31.68
T-A     0.00    0.00    0.00    0.00    0.00    0.00   -0.03   -0.11    3.33    0.82   10.74   31.49
T-A     0.00    0.00    0.00    0.00    0.00    0.00   -0.08    0.06    3.33    0.52    7.88   32.72
C-G     0.00    0.00    0.00    0.00    0.00    0.00   -0.08    0.41    3.35    0.13    2.78   34.97
A-T     0.00    0.00    0.00    0.00    0.00    0.00   -0.04    0.80    3.39   -0.19   -2.59   37.45
G-C     0.00    0.00    0.00    0.00    0.00    0.00    0.03    1.08    3.43   -0.37   -6.20   39.23
C-G     0.00    0.00    0.00    0.00    0.00    0.00    0.08    1.11    3.45   -0.37   -6.69   39.62
T-A     0.00    0.00    0.00    0.00    0.00    0.00    0.10    0.87    3.45   -0.22   -3.90   38.41
G-C     0.00    0.00    0.00    0.00    0.00    0.00    0.07    0.44    3.43    0.01    1.12   35.96
A-T     0.00    0.00    0.00    0.00    0.00    0.00    0.00   -0.02    3.39    0.25    6.52   33.10
A-T     0.00    0.00    0.00    0.00    0.00    0.00   -0.06   -0.32    3.35    0.46   10.32   30.84
C-G     0.00    0.00    0.00    0.00    0.00    0.00   -0.10   -0.35    3.31    0.59   11.17   30.00
A-T     0.00    0.00    0.00    0.00    0.00    0.00   -0.08   -0.09    3.30    0.63    8.80   30.89
T-A     0.00    0.00    0.00    0.00    0.00    0.00   -0.02    0.38    3.31    0.59    4.16   33.22
G-C     0.00    0.00    0.00    0.00    0.00    0.00    0.06    0.86    3.34    0.45   -1.03   36.14
C-G     0.00    0.00    0.00    0.00    0.00    0.00    0.12    1.17    3.37    0.23   -4.84   38.60
C-G     0.00    0.00    0.00    0.00    0.00    0.00    0.13    1.19    3.39   -0.04   -5.88   39.68
T-A     0.00    0.00    0.00    0.00    0.00    0.00    0.08    0.90    3.40   -0.29   -3.78   38.97
T-A     0.00    0.00    0.00    0.00    0.00    0.00    0.00    0.41    3.38   -0.44    0.68   36.70
T-A     0.00    0.00    0.00    0.00    0.00    0.00   -0.09   -0.12    3.36   -0.45    5.86   33.69
T-A     0.00    0.00    0.00    0.00    0.00    0.00   -0.14   -0.49    3.33   -0.29    9.91   31.00
G-C     0.00    0.00    0.00    0.00    0.00    0.00   -0.12   -0.58    3.31    0.01   11.38   29.60
A-T     0.00    0.00    0.00    0.00    0.00    0.00   -0.06   -0.35    3.29    0.34    9.77   29.97
T-A     0.00    0.00    0.00    0.00    0.00    0.00    0.03    0.09    3.29    0.58    5.70   31.95
G-C     0.00    0.00    0.00    0.00    0.00    0.00    0.10    0.59    3.30    0.61    0.66   34.79
G-C     0.00    0.00    0.00    0.00    0.00    0.00    0.12    0.97    3.31    0.38   -3.52   37.44
A-T     0.00    0.00    0.00    0.00    0.00    0.00    0.08    1.09    3.31   -0.04   -5.34   38.95
G-C     0.00    0.00    0.00    0.00    0.00    0.00   -0.01    0.92    3.32   -0.55   -4.15   38.80
C-G     0.00    0.00    0.00    0.00    0.00    0.00   -0.11    0.53    3.32   -0.96   -0.40   37.08
A-T     0.00    0.00    0.00    0.00    0.00    0.00   -0.16    0.05    3.31   -1.15    4.54   34.47
G-C     0.00    0.00    0.00    0.00    0.00    0.00   -0.16   -0.35    3.31   -1.04    8.89   31.94
T-A     0.00    0.00    0.00    0.00    0.00    0.00   -0.09   -0.56    3.31   -0.69   11.09   30.40
T-A     0.00    0.00    0.00    0.00    0.00    0.00    0.00   -0.51    3.30   -0.26   10.35   30.37
T-A     0.00    0.00    0.00    0.00    0.00    0.00    0.07   -0.25    3.30    0.10    6.94   31.80
C-G     0.00    0.00    0.00    0.00    0.00    0.00    0.09    0.12    3.28    0.21    2.10   34.10
C-G     0.00    0.00    0.00    0.00    0.00    0.00    0.05    0.48    3.27    0.04   -2.43   36.40
A-T     0.00    0.00    0.00    0.00    0.00    0.00   -0.05    0.72    3.26   -0.36   -5.03   37.88
A-T     0.00    0.00    0.00    0.00    0.00    0.00   -0.16    0.77    3.25   -0.86   -4.79   38.03
A-T     0.00    0.00    0.00    0.00    0.00    0.00   -0.22    0.63    3.26   -1.26   -1.82   36.89
T-A     0.00    0.00    0.00    0.00    0.00    0.00   -0.22    0.35    3.27   -1.45    2.79   34.93
A-T     0.00    0.00    0.00    0.00    0.00    0.00   -0.14    0.03    3.29   -1.38    7.36   32.94
C-G     0.00    0.00    0.00    0.00    0.00    0.00   -0.03   -0.25    3.30   -1.13   10.24   31.63
A-T     0.00    0.00    0.00    0.00    0.00    0.00    0.07   -0.42    3.31   -0.81   10.38   31.45
C-G     0.00    0.00    0.00    0.00    0.00    0.00    0.11   -0.42    3.31   -0.58    7.76   32.41
T-A     0.00    0.00    0.00    0.00    0.00    0.00    0.06   -0.29    3.29   -0.51    3.32   34.09
T-A     0.00    0.00    0.00    0.00    0.00    0.00   -0.05   -0.05    3.27   -0.62   -1.35   35.84
T-A     0.00    0.00    0.00    0.00    0.00    0.00   -0.18    0.22    3.25   -0.82   -4.58   37.03
T-A     0.00    0.00    0.00    0.00    0.00    0.00   -0.27    0.44    3.23   -1.02   -5.26   37.27
G-C     0.00    0.00    0.00    0.00    0.00    0.00   -0.29    0.56    3.23   -1.13   -3.17   36.52
G-C     0.00    0.00    0.00    0.00    0.00    0.00   -0.22    0.52    3.24   -1.12    0.87   35.11
T-A     0.00    0.00    0.00    0.00    0.00    0.00   -0.10    0.36    3.26   -1.03    5.40   33.58
A-T     0.00    0.00    0.00    0.00    0.00    0.00    0.03    0.10    3.28   -0.94    8.79   32.49
G-C     0.00    0.00    0.00    0.00    0.00    0.00    0.11   -0.17    3.30   -0.94    9.84   32.20
A-T     0.00    0.00    0.00    0.00    0.00    0.00    0.11   -0.37    3.31   -1.03    8.24   32.79
A-T     0.00    0.00    0.00    0.00    0.00    0.00    0.03   -0.43    3.30   -1.17    4.58   34.00
T-A     0.00    0.00    0.00    0.00    0.00    0.00   -0.10   -0.34    3.29   -1.26    0.19   35.40
C-G     0.00    0.00    0.00    0.00    0.00    0.00   -0.22   -0.13    3.27   -1.21   -3.40   36.50
T-A     0.00    0.00    0.00    0.00    0.00    0.00   -0.28    0.14    3.26   -0.97   -4.97   36.92
G-C     0.00    0.00    0.00    0.00    0.00    0.00   -0.25    0.37    3.25   -0.61   -4.03   36.54
C-G     0.00    0.00    0.00    0.00    0.00    0.00   -0.16    0.47    3.25   -0.25   -1.01   35.50
A-T     0.00    0.00    0.00    0.00    0.00    0.00   -0.03    0.42    3.25   -0.06    3.00   34.13
G-C     0.00    0.00    0.00    0.00    0.00    0.00    0.07    0.23    3.27   -0.13    6.61   32.91
G-C     0.00    0.00    0.00    0.00    0.00    0.00    0.11   -0.03    3.28   -0.48    8.60   32.21
T-A     0.00    0.00    0.00    0.00    0.00    0.00    0.07   -0.26    3.29   -0.97    8.36   32.28
G-C     0.00    0.00    0.00    0.00    0.00    0.00   -0.02   -0.38    3.30   -1.41    6.07   33.09
G-C     0.00    0.00    0.00    0.00    0.00    0.00   -0.12   -0.35    3.30   -1.58    2.55   34.40
A-T     0.00    0.00    0.00    0.00    0.00    0.00   -0.18   -0.19    3.30   -1.36   -1.00   35.78
T-A     0.00    0.00    0.00    0.00    0.00    0.00   -0.18    0.04    3.29   -0.77   -3.42   36.78
A-T     0.00    0.00    0.00    0.00    0.00    0.00   -0.11    0.23    3.28    0.00   -4.00   37.05
T-A     0.00    0.00    0.00    0.00    0.00    0.00   -0.02    0.32    3.26    0.70   -2.61   36.44
T-A     0.00    0.00    0.00    0.00    0.00    0.00    0.07    0.27    3.25    1.05    0.23   35.12
G-C     0.00    0.00    0.00    0.00    0.00    0.00    0.10    0.10    3.25    0.93    3.59   33.46
A-T     0.00    0.00    0.00    0.00    0.00    0.00    0.08   -0.12    3.26    0.36    6.42   32.01
T-A     0.00    0.00    0.00    0.00    0.00    0.00    0.01   -0.28    3.27   -0.42    7.88   31.25
