 146 base-pairs
   0  ***local base-pair & step parameters***
       Shear  Stretch  Stagger Buckle Prop-Tw Opening   Shift  Slide    Rise    Tilt    Roll   Twist
A-T     0.00    0.00    0.00    0.00    0.00    0.00    0.00    0.00    0.00    0.00    0.00    0.00
T-A     0.00    0.00    0.00    0.00    0.00    0.00   -0.09   -0.57    3.28   -1.27    7.57   31.41
C-G     0.00    0.00    0.00    0.00    0.00    0.00   -0.14   -0.45    3.29   -1.62    5.69   32.30
A-T     0.00    0.00    0.00    0.00    0.00    0.00   -0.14   -0.19    3.29   -1.46    2.75   33.92
A-T     0.00    0.00    0.00    0.00    0.00    0.00   -0.07    0.11    3.28   -0.84   -0.37   35.73
T-A     0.00    0.00    0.00    0.00    0.00    0.00    0.03    0.34    3.26    0.02   -2.73   37.10
A-T     0.00    0.00    0.00    0.00    0.00    0.00    0.11    0.41    3.25    0.82   -3.62   37.55
T-A     0.00    0.00    0.00    0.00    0.00    0.00    0.15    0.30    3.24    1.25   -2.75   36.87
C-G     0.00    0.00    0.00    0.00    0.00    0.00    0.13    0.05    3.24    1.17   -0.34   35.29
C-G     0.00    0.00    0.00    0.00    0.00    0.00    0.06   -0.22    3.25    0.62    2.90   33.35
A-T     0.00    0.00    0.00    0.00    0.00    0.00   -0.03   -0.43    3.27   -0.18    5.97   31.74
C-G     0.00    0.00    0.00    0.00    0.00    0.00   -0.10   -0.49    3.30   -0.93    7.88   31.06
C-G     0.00    0.00    0.00    0.00    0.00    0.00   -0.11   -0.38    3.32   -1.37    7.93   31.61
T-A     0.00    0.00    0.00    0.00    0.00    0.00   -0.07   -0.16    3.32   -1.33    6.00   33.22
G-C     0.00    0.00    0.00    0.00    0.00    0.00    0.01    0.10    3.31   -0.86    2.58   35.35
C-G     0.00    0.00    0.00    0.00    0.00    0.00    0.09    0.30    3.29   -0.13   -1.26   37.23
A-T     0.00    0.00    0.00    0.00    0.00    0.00    0.14    0.36    3.27    0.60   -4.25   38.18
G-C     0.00    0.00    0.00    0.00    0.00    0.00    0.14    0.28    3.25    1.08   -5.32   37.84
A-T     0.00    0.00    0.00    0.00    0.00    0.00    0.09    0.10    3.25    1.17   -3.99   36.33
T-A     0.00    0.00    0.00    0.00    0.00    0.00    0.03   -0.11    3.26    0.88   -0.57   34.18
T-A     0.00    0.00    0.00    0.00    0.00    0.00   -0.03   -0.26    3.29    0.34    3.85   32.20
C-G     0.00    0.00    0.00    0.00    0.00    0.00   -0.05   -0.32    3.32   -0.24    7.73   31.12
T-A     0.00    0.00    0.00    0.00    0.00    0.00   -0.03   -0.25    3.35   -0.68    9.64   31.37
A-T     0.00    0.00    0.00    0.00    0.00    0.00    0.02   -0.09    3.35   -0.86    8.78   32.87
C-G     0.00    0.00    0.00    0.00    0.00    0.00    0.07    0.10    3.34   -0.74    5.29   35.09
C-G     0.00    0.00    0.00    0.00    0.00    0.00    0.10    0.25    3.32   -0.39    0.31   37.22
A-T     0.00    0.00    0.00    0.00    0.00    0.00    0.10    0.33    3.29    0.06   -4.42   38.50
A-T     0.00    0.00    0.00    0.00    0.00    0.00    0.08    0.31    3.28    0.50   -7.15   38.46
A-T     0.00    0.00    0.00    0.00    0.00    0.00    0.04    0.21    3.28    0.80   -6.81   37.12
A-T     0.00    0.00    0.00    0.00    0.00    0.00    0.02    0.08    3.30    0.92   -3.38   35.00
G-C     0.00    0.00    0.00    0.00    0.00    0.00    0.02   -0.04    3.32    0.83    1.97   32.88
T-A     0.00    0.00    0.00    0.00    0.00    0.00    0.04   -0.11    3.35    0.58    7.32   31.54
G-C     0.00    0.00    0.00    0.00    0.00    0.00    0.07   -0.11    3.37    0.22   10.65   31.49
T-A     0.00    0.00    0.00    0.00    0.00    0.00    0.08   -0.04    3.37   -0.17   10.67   32.75
A-T     0.00    0.00    0.00    0.00    0.00    0.00    0.08    0.08    3.36   -0.49    7.25   34.84
T-A     0.00    0.00    0.00    0.00    0.00    0.00    0.05    0.22    3.34   -0.64    1.58   37.02
T-A     0.00    0.00    0.00    0.00    0.00    0.00    0.02    0.34    3.32   -0.56   -4.26   38.50
T-A     0.00    0.00    0.00    0.00    0.00    0.00    0.00    0.41    3.32   -0.26   -8.09   38.75
G-C     0.00    0.00    0.00    0.00    0.00    0.00    0.00    0.40    3.32    0.21   -8.42   37.72
G-C     0.00    0.00    0.00    0.00    0.00    0.00    0.04    0.32    3.34    0.73   -5.07   35.80
A-T     0.00    0.00    0.00    0.00    0.00    0.00    0.09    0.19    3.36    1.12    0.75   33.70
A-T     0.00    0.00    0.00    0.00    0.00    0.00    0.14    0.05    3.37    1.24    6.88   32.18
A-T     0.00    0.00    0.00    0.00    0.00    0.00    0.15   -0.04    3.38    1.02   11.00   31.80
C-G     0.00    0.00    0.00    0.00    0.00    0.00    0.11   -0.06    3.37    0.51   11.53   32.69
T-A     0.00    0.00    0.00    0.00    0.00    0.00    0.05    0.03    3.36   -0.15    8.23   34.50
G-C     0.00    0.00    0.00    0.00    0.00    0.00   -0.03    0.21    3.35   -0.74    2.33   36.60
C-G     0.00    0.00    0.00    0.00    0.00    0.00   -0.07    0.42    3.35   -1.03   -3.94   38.24
T-A     0.00    0.00    0.00    0.00    0.00    0.00   -0.07    0.59    3.36   -0.90   -8.19   38.84
C-G     0.00    0.00    0.00    0.00    0.00    0.00   -0.01    0.66    3.37   -0.38   -8.82   38.21
C-G     0.00    0.00    0.00    0.00    0.00    0.00    0.08    0.59    3.39    0.37   -5.57   36.58
A-T     0.00    0.00    0.00    0.00    0.00    0.00    0.16    0.40    3.40    1.08    0.31   34.56
T-A     0.00    0.00    0.00    0.00    0.00    0.00    0.20    0.15    3.39    1.50    6.59   32.86
C-G     0.00    0.00    0.00    0.00    0.00    0.00    0.18   -0.06    3.38    1.45   10.87   32.09
A-T     0.00    0.00    0.00    0.00    0.00    0.00    0.09   -0.13    3.36    0.95   11.54   32.52
A-T     0.00    0.00    0.00    0.00    0.00    0.00   -0.02   -0.04    3.35    0.16    8.38   33.99
A-T     0.00    0.00    0.00    0.00    0.00    0.00   -0.10    0.22    3.35   -0.64    2.61   36.00
A-T     0.00    0.00    0.00    0.00    0.00    0.00   -0.14    0.54    3.36   -1.16   -3.53   37.82
G-C     0.00    0.00    0.00    0.00    0.00    0.00   -0.09    0.81    3.39   -1.21   -7.70   38.83
G-C     0.00    0.00    0.00    0.00    0.00    0.00    0.00    0.92    3.41   -0.79   -8.31   38.64
C-G     0.00    0.00    0.00    0.00    0.00    0.00    0.11    0.82    3.43   -0.05   -5.18   37.34
A-T     0.00    0.00    0.00    0.00    0.00    0.00    0.19    0.54    3.42    0.72    0.47   35.36
T-A     0.00    0.00    0.00    0.00    0.00    0.00    0.20    0.17    3.40    1.25    6.46   33.42
G-C     0.00    0.00    0.00    0.00    0.00    0.00    0.14   -0.13    3.37    1.36   10.52   32.19
T-A     0.00    0.00    0.00    0.00    0.00    0.00    0.03   -0.25    3.34    1.01   11.13   32.14
T-A     0.00    0.00    0.00    0.00    0.00    0.00   -0.08   -0.11    3.33    0.35    8.12   33.30
C-G     0.00    0.00    0.00    0.00    0.00    0.00   -0.14    0.23    3.34   -0.38    2.69   35.27
A-T     0.00    0.00    0.00    0.00    0.00    0.00   -0.14    0.66    3.37   -0.92   -3.04   37.35
G-C     0.00    0.00    0.00    0.00    0.00    0.00   -0.07    1.01    3.40   -1.10   -6.88   38.79
C-G     0.00    0.00    0.00    0.00    0.00    0.00    0.03    1.13    3.43   -0.90   -7.41   39.05
T-A     0.00    0.00    0.00    0.00    0.00    0.00    0.12    0.99    3.44   -0.42   -4.45   38.00
G-C     0.00    0.00    0.00    0.00    0.00    0.00    0.16    0.61    3.43    0.15    0.82   36.01
A-T     0.00    0.00    0.00    0.00    0.00    0.00    0.13    0.14    3.40    0.60    6.38   33.76
A-T     0.00    0.00    0.00    0.00    0.00    0.00    0.05   -0.23    3.36    0.79   10.14   32.08
T-A     0.00    0.00    0.00    0.00    0.00    0.00   -0.04   -0.35    3.33    0.69   10.72   31.59
T-A     0.00    0.00    0.00    0.00    0.00    0.00   -0.11   -0.18    3.32    0.36    7.96   32.50
C-G     0.00    0.00    0.00    0.00    0.00    0.00   -0.13    0.23    3.33   -0.06    2.95   34.49
A-T     0.00    0.00    0.00    0.00    0.00    0.00   -0.09    0.72    3.36   -0.44   -2.36   36.85
G-C     0.00    0.00    0.00    0.00    0.00    0.00   -0.02    1.10    3.40   -0.68   -5.98   38.70
C-G     0.00    0.00    0.00    0.00    0.00    0.00    0.06    1.22    3.42   -0.74   -6.56   39.34
T-A     0.00    0.00    0.00    0.00    0.00    0.00    0.09    1.04    3.43   -0.65   -3.92   38.49
G-C     0.00    0.00    0.00    0.00    0.00    0.00    0.07    0.61    3.41   -0.46    0.92   36.44
A-T     0.00    0.00    0.00    0.00    0.00    0.00    0.01    0.11    3.38   -0.24    6.15   33.91
A-T     0.00    0.00    0.00    0.00    0.00    0.00   -0.06   -0.28    3.35   -0.03    9.82   31.83
C-G     0.00    0.00    0.00    0.00    0.00    0.00   -0.11   -0.41    3.32    0.12   10.61   30.99
A-T     0.00    0.00    0.00    0.00    0.00    0.00   -0.11   -0.23    3.32    0.19    8.26   31.71
T-A     0.00    0.00    0.00    0.00    0.00    0.00   -0.07    0.19    3.33    0.17    3.69   33.73
G-C     0.00    0.00    0.00    0.00    0.00    0.00    0.00    0.67    3.35    0.04   -1.38   36.31
C-G     0.00    0.00    0.00    0.00    0.00    0.00    0.04    1.04    3.37   -0.18   -5.08   38.48
C-G     0.00    0.00    0.00    0.00    0.00    0.00    0.05    1.16    3.39   -0.46   -6.04   39.40
T-A     0.00    0.00    0.00    0.00    0.00    0.00    0.02    0.98    3.39   -0.73   -3.92   38.72
T-A     0.00    0.00    0.00    0.00    0.00    0.00   -0.05    0.58    3.38   -0.91    0.48   36.65
T-A     0.00    0.00    0.00    0.00    0.00    0.00   -0.12    0.10    3.35   -0.94    5.55   33.96
T-A     0.00    0.00    0.00    0.00    0.00    0.00   -0.15   -0.26    3.33   -0.77    9.45   31.64
G-C     0.00    0.00    0.00    0.00    0.00    0.00   -0.13   -0.39    3.32   -0.45   10.78   30.55
A-T     0.00    0.00    0.00    0.00    0.00    0.00   -0.06   -0.25    3.31   -0.08    9.07   31.08
T-A     0.00    0.00    0.00    0.00    0.00    0.00    0.02    0.10    3.32    0.21    4.96   33.04
G-C     0.00    0.00    0.00    0.00    0.00    0.00    0.08    0.51    3.33    0.31   -0.03   35.68
G-C     0.00    0.00    0.00    0.00    0.00    0.00    0.08    0.83    3.34    0.15   -4.10   38.00
A-T     0.00    0.00    0.00    0.00    0.00    0.00    0.02    0.95    3.34   -0.23   -5.76   39.12
G-C     0.00    0.00    0.00    0.00    0.00    0.00   -0.08    0.83    3.34   -0.70   -4.42   38.64
C-G     0.00    0.00    0.00    0.00    0.00    0.00   -0.17    0.52    3.33   -1.09   -0.55   36.72
A-T     0.00    0.00    0.00    0.00    0.00    0.00   -0.21    0.15    3.32   -1.27    4.46   34.08
G-C     0.00    0.00    0.00    0.00    0.00    0.00   -0.19   -0.16    3.32   -1.16    8.80   31.70
T-A     0.00    0.00    0.00    0.00    0.00    0.00   -0.10   -0.31    3.31   -0.81   10.92   30.45
T-A     0.00    0.00    0.00    0.00    0.00    0.00    0.01   -0.26    3.31   -0.34   10.07   30.75
T-A     0.00    0.00    0.00    0.00    0.00    0.00    0.10   -0.04    3.31    0.05    6.56   32.46
C-G     0.00    0.00    0.00    0.00    0.00    0.00    0.12    0.24    3.31    0.22    1.65   34.91
C-G     0.00    0.00    0.00    0.00    0.00    0.00    0.07    0.50    3.30    0.12   -2.88   37.19
A-T     0.00    0.00    0.00    0.00    0.00    0.00   -0.04    0.64    3.29   -0.21   -5.41   38.45
A-T     0.00    0.00    0.00    0.00    0.00    0.00   -0.16    0.63    3.29   -0.63   -5.04   38.25
A-T     0.00    0.00    0.00    0.00    0.00    0.00   -0.24    0.47    3.28   -0.98   -1.89   36.70
T-A     0.00    0.00    0.00    0.00    0.00    0.00   -0.24    0.24    3.29   -1.13    2.90   34.39
A-T     0.00    0.00    0.00    0.00    0.00    0.00   -0.16   -0.01    3.30   -1.04    7.61   32.17
C-G     0.00    0.00    0.00    0.00    0.00    0.00   -0.04   -0.19    3.30   -0.79   10.57   30.81
A-T     0.00    0.00    0.00    0.00    0.00    0.00    0.07   -0.26    3.31   -0.48   10.73   30.77
C-G     0.00    0.00    0.00    0.00    0.00    0.00    0.13   -0.21    3.30   -0.25    8.04   32.00
T-A     0.00    0.00    0.00    0.00    0.00    0.00    0.11   -0.07    3.29   -0.18    3.50   34.01
T-A     0.00    0.00    0.00    0.00    0.00    0.00    0.02    0.13    3.28   -0.27   -1.27   36.05
T-A     0.00    0.00    0.00    0.00    0.00    0.00   -0.11    0.31    3.26   -0.44   -4.58   37.42
T-A     0.00    0.00    0.00    0.00    0.00    0.00   -0.21    0.42    3.25   -0.60   -5.26   37.65
G-C     0.00    0.00    0.00    0.00    0.00    0.00   -0.24    0.43    3.25   -0.66   -3.12   36.71
G-C     0.00    0.00    0.00    0.00    0.00    0.00   -0.19    0.33    3.26   -0.60    1.04   34.97
T-A     0.00    0.00    0.00    0.00    0.00    0.00   -0.08    0.14    3.27   -0.49    5.73   33.06
A-T     0.00    0.00    0.00    0.00    0.00    0.00    0.04   -0.08    3.29   -0.40    9.29   31.63
G-C     0.00    0.00    0.00    0.00    0.00    0.00    0.12   -0.27    3.29   -0.41   10.47   31.12
A-T     0.00    0.00    0.00    0.00    0.00    0.00    0.12   -0.37    3.29   -0.54    8.93   31.67
A-T     0.00    0.00    0.00    0.00    0.00    0.00    0.05   -0.35    3.28   -0.73    5.27   33.03
T-A     0.00    0.00    0.00    0.00    0.00    0.00   -0.06   -0.19    3.26   -0.87    0.79   34.72
C-G     0.00    0.00    0.00    0.00    0.00    0.00   -0.16    0.03    3.25   -0.85   -2.92   36.18
T-A     0.00    0.00    0.00    0.00    0.00    0.00   -0.21    0.26    3.24   -0.64   -4.62   36.94
G-C     0.00    0.00    0.00    0.00    0.00    0.00   -0.18    0.40    3.24   -0.29   -3.80   36.78
C-G     0.00    0.00    0.00    0.00    0.00    0.00   -0.09    0.41    3.24    0.07   -0.83   35.78
A-T     0.00    0.00    0.00    0.00    0.00    0.00    0.02    0.26    3.25    0.28    3.20   34.28
G-C     0.00    0.00    0.00    0.00    0.00    0.00    0.10    0.00    3.26    0.21    6.88   32.78
G-C     0.00    0.00    0.00    0.00    0.00    0.00    0.12   -0.28    3.27   -0.15    8.99   31.74
T-A     0.00    0.00    0.00    0.00    0.00    0.00    0.07   -0.48    3.28   -0.68    8.88   31.49
G-C     0.00    0.00    0.00    0.00    0.00    0.00   -0.03   -0.53    3.28   -1.17    6.68   32.11
G-C     0.00    0.00    0.00    0.00    0.00    0.00   -0.12   -0.40    3.27   -1.40    3.20   33.40
A-T     0.00    0.00    0.00    0.00    0.00    0.00   -0.17   -0.14    3.26   -1.26   -0.39   34.95
T-A     0.00    0.00    0.00    0.00    0.00    0.00   -0.16    0.16    3.25   -0.74   -2.93   36.27
A-T     0.00    0.00    0.00    0.00    0.00    0.00   -0.08    0.38    3.24   -0.03   -3.67   36.93
T-A     0.00    0.00    0.00    0.00    0.00    0.00    0.03    0.43    3.24    0.62   -2.46   36.69
T-A     0.00    0.00    0.00    0.00    0.00    0.00    0.11    0.30    3.24    0.94    0.24   35.63
G-C     0.00    0.00    0.00    0.00    0.00    0.00    0.14    0.03    3.24    0.81    3.51   34.06
A-T     0.00    0.00    0.00    0.00    0.00    0.00    0.10   -0.28    3.26    0.24    6.31   32.51
T-A     0.00    0.00    0.00    0.00    0.00    0.00    0.01   -0.51    3.27   -0.55    7.81   31.50
