 146 base-pairs
   0  ***local base-pair & step parameters***
       Shear  Stretch  Stagger Buckle Prop-Tw Opening   Shift  Slide    Rise    Tilt    Roll   Twist
A-T     0.00    0.00    0.00    0.00    0.00    0.00    0.00    0.00    0.00    0.00    0.00    0.00
T-A     0.00    0.00    0.00    0.00    0.00    0.00   -0.08   -0.53    3.30   -1.06    7.50   31.40
C-G     0.00    0.00    0.00    0.00    0.00    0.00   -0.14   -0.41    3.31   -1.38    5.65   32.26
A-T     0.00    0.00    0.00    0.00    0.00    0.00   -0.13   -0.15    3.31   -1.19    2.75   33.84
A-T     0.00    0.00    0.00    0.00    0.00    0.00   -0.06    0.15    3.29   -0.53   -0.32   35.61
T-A     0.00    0.00    0.00    0.00    0.00    0.00    0.04    0.37    3.28    0.36   -2.64   36.95
A-T     0.00    0.00    0.00    0.00    0.00    0.00    0.13    0.43    3.26    1.18   -3.50   37.36
T-A     0.00    0.00    0.00    0.00    0.00    0.00    0.18    0.32    3.25    1.64   -2.59   36.65
C-G     0.00    0.00    0.00    0.00    0.00    0.00    0.16    0.07    3.25    1.58   -0.14   35.04
C-G     0.00    0.00    0.00    0.00    0.00    0.00    0.09   -0.21    3.26    1.05    3.13   33.06
A-T     0.00    0.00    0.00    0.00    0.00    0.00    0.00   -0.42    3.28    0.27    6.24   31.43
C-G     0.00    0.00    0.00    0.00    0.00    0.00   -0.06   -0.49    3.30   -0.48    8.18   30.73
C-G     0.00    0.00    0.00    0.00    0.00    0.00   -0.08   -0.39    3.32   -0.90    8.26   31.25
T-A     0.00    0.00    0.00    0.00    0.00    0.00   -0.03   -0.17    3.32   -0.86    6.35   32.85
G-C     0.00    0.00    0.00    0.00    0.00    0.00    0.05    0.09    3.31   -0.38    2.96   34.95
C-G     0.00    0.00    0.00    0.00    0.00    0.00    0.13    0.28    3.29    0.34   -0.86   36.82
A-T     0.00    0.00    0.00    0.00    0.00    0.00    0.18    0.34    3.26    1.06   -3.84   37.76
G-C     0.00    0.00    0.00    0.00    0.00    0.00    0.18    0.25    3.24    1.53   -4.89   37.41
A-T     0.00    0.00    0.00    0.00    0.00    0.00    0.13    0.07    3.24    1.61   -3.54   35.89
T-A     0.00    0.00    0.00    0.00    0.00    0.00    0.07   -0.15    3.25    1.30   -0.12   33.75
T-A     0.00    0.00    0.00    0.00    0.00    0.00    0.01   -0.31    3.28    0.75    4.30   31.77
C-G     0.00    0.00    0.00    0.00    0.00    0.00   -0.01   -0.36    3.31    0.14    8.18   30.70
T-A     0.00    0.00    0.00    0.00    0.00    0.00    0.01   -0.30    3.33   -0.32   10.09   30.95
A-T     0.00    0.00    0.00    0.00    0.00    0.00    0.05   -0.14    3.34   -0.53    9.23   32.46
C-G     0.00    0.00    0.00    0.00    0.00    0.00    0.10    0.04    3.33   -0.44    5.73   34.69
C-G     0.00    0.00    0.00    0.00    0.00    0.00    0.13    0.20    3.30   -0.12    0.74   36.85
A-T     0.00    0.00    0.00    0.00    0.00    0.00    0.13    0.27    3.27    0.30   -4.00   38.14
A-T     0.00    0.00    0.00    0.00    0.00    0.00    0.10    0.25    3.26    0.69   -6.76   38.13
A-T     0.00    0.00    0.00    0.00    0.00    0.00    0.07    0.15    3.26    0.96   -6.43   36.82
A-T     0.00    0.00    0.00    0.00    0.00    0.00    0.04    0.02    3.28    1.04   -3.03   34.72
G-C     0.00    0.00    0.00    0.00    0.00    0.00    0.04   -0.10    3.30    0.91    2.30   32.63
T-A     0.00    0.00    0.00    0.00    0.00    0.00    0.05   -0.17    3.33    0.62    7.61   31.33
G-C     0.00    0.00    0.00    0.00    0.00    0.00    0.08   -0.17    3.35    0.22   10.92   31.31
T-A     0.00    0.00    0.00    0.00    0.00    0.00    0.09   -0.10    3.35   -0.21   10.90   32.60
A-T     0.00    0.00    0.00    0.00    0.00    0.00    0.09    0.02    3.34   -0.57    7.44   34.73
T-A     0.00    0.00    0.00    0.00    0.00    0.00    0.06    0.17    3.32   -0.76    1.74   36.94
T-A     0.00    0.00    0.00    0.00    0.00    0.00    0.02    0.29    3.30   -0.72   -4.14   38.46
T-A     0.00    0.00    0.00    0.00    0.00    0.00   -0.01    0.36    3.30   -0.46   -8.01   38.75
G-C     0.00    0.00    0.00    0.00    0.00    0.00   -0.01    0.36    3.31   -0.02   -8.38   37.76
G-C     0.00    0.00    0.00    0.00    0.00    0.00    0.03    0.28    3.33    0.46   -5.07   35.87
A-T     0.00    0.00    0.00    0.00    0.00    0.00    0.08    0.16    3.35    0.82    0.72   33.80
A-T     0.00    0.00    0.00    0.00    0.00    0.00    0.12    0.02    3.36    0.91    6.81   32.33
A-T     0.00    0.00    0.00    0.00    0.00    0.00    0.13   -0.07    3.37    0.66   10.89   31.98
C-G     0.00    0.00    0.00    0.00    0.00    0.00    0.09   -0.08    3.36    0.12   11.38   32.90
T-A     0.00    0.00    0.00    0.00    0.00    0.00    0.02    0.01    3.35   -0.56    8.04   34.75
G-C     0.00    0.00    0.00    0.00    0.00    0.00   -0.06    0.20    3.34   -1.16    2.11   36.88
C-G     0.00    0.00    0.00    0.00    0.00    0.00   -0.11    0.41    3.34   -1.47   -4.19   38.54
T-A     0.00    0.00    0.00    0.00    0.00    0.00   -0.10    0.59    3.35   -1.36   -8.48   39.17
C-G     0.00    0.00    0.00    0.00    0.00    0.00   -0.05    0.66    3.37   -0.85   -9.14   38.56
C-G     0.00    0.00    0.00    0.00    0.00    0.00    0.04    0.60    3.39   -0.10   -5.92   36.96
A-T     0.00    0.00    0.00    0.00    0.00    0.00    0.12    0.41    3.40    0.61   -0.06   34.95
T-A     0.00    0.00    0.00    0.00    0.00    0.00    0.16    0.17    3.40    1.03    6.20   33.27
C-G     0.00    0.00    0.00    0.00    0.00    0.00    0.14   -0.03    3.38    0.99   10.46   32.51
A-T     0.00    0.00    0.00    0.00    0.00    0.00    0.05   -0.11    3.37    0.49   11.12   32.94
A-T     0.00    0.00    0.00    0.00    0.00    0.00   -0.06    0.00    3.35   -0.29    7.94   34.42
A-T     0.00    0.00    0.00    0.00    0.00    0.00   -0.14    0.25    3.36   -1.07    2.16   36.43
A-T     0.00    0.00    0.00    0.00    0.00    0.00   -0.17    0.58    3.37   -1.57   -3.99   38.26
G-C     0.00    0.00    0.00    0.00    0.00    0.00   -0.13    0.86    3.40   -1.60   -8.15   39.25
G-C     0.00    0.00    0.00    0.00    0.00    0.00   -0.04    0.97    3.43   -1.16   -8.77   39.07
C-G     0.00    0.00    0.00    0.00    0.00    0.00    0.08    0.88    3.44   -0.39   -5.63   37.75
A-T     0.00    0.00    0.00    0.00    0.00    0.00    0.16    0.59    3.44    0.41    0.03   35.76
T-A     0.00    0.00    0.00    0.00    0.00    0.00    0.17    0.23    3.42    0.98    6.03   33.80
G-C     0.00    0.00    0.00    0.00    0.00    0.00    0.11   -0.08    3.39    1.11   10.10   32.55
T-A     0.00    0.00    0.00    0.00    0.00    0.00    0.00   -0.19    3.36    0.80   10.73   32.48
T-A     0.00    0.00    0.00    0.00    0.00    0.00   -0.10   -0.05    3.35    0.18    7.74   33.61
C-G     0.00    0.00    0.00    0.00    0.00    0.00   -0.17    0.29    3.36   -0.51    2.33   35.55
A-T     0.00    0.00    0.00    0.00    0.00    0.00   -0.16    0.72    3.39   -1.01   -3.37   37.60
G-C     0.00    0.00    0.00    0.00    0.00    0.00   -0.09    1.07    3.42   -1.15   -7.19   39.01
C-G     0.00    0.00    0.00    0.00    0.00    0.00    0.02    1.19    3.45   -0.91   -7.68   39.24
T-A     0.00    0.00    0.00    0.00    0.00    0.00    0.11    1.04    3.46   -0.39   -4.69   38.16
G-C     0.00    0.00    0.00    0.00    0.00    0.00    0.15    0.66    3.45    0.22    0.62   36.13
A-T     0.00    0.00    0.00    0.00    0.00    0.00    0.13    0.20    3.42    0.71    6.22   33.85
A-T     0.00    0.00    0.00    0.00    0.00    0.00    0.05   -0.17    3.38    0.94   10.01   32.13
T-A     0.00    0.00    0.00    0.00    0.00    0.00   -0.04   -0.30    3.35    0.87   10.63   31.60
T-A     0.00    0.00    0.00    0.00    0.00    0.00   -0.11   -0.14    3.34    0.59    7.90   32.47
C-G     0.00    0.00    0.00    0.00    0.00    0.00   -0.12    0.27    3.35    0.20    2.94   34.42
A-T     0.00    0.00    0.00    0.00    0.00    0.00   -0.08    0.76    3.38   -0.15   -2.34   36.75
G-C     0.00    0.00    0.00    0.00    0.00    0.00    0.00    1.13    3.41   -0.36   -5.92   38.56
C-G     0.00    0.00    0.00    0.00    0.00    0.00    0.07    1.25    3.43   -0.39   -6.46   39.17
T-A     0.00    0.00    0.00    0.00    0.00    0.00    0.11    1.06    3.44   -0.27   -3.78   38.29
G-C     0.00    0.00    0.00    0.00    0.00    0.00    0.10    0.63    3.42   -0.06    1.10   36.20
A-T     0.00    0.00    0.00    0.00    0.00    0.00    0.04    0.12    3.39    0.19    6.36   33.64
A-T     0.00    0.00    0.00    0.00    0.00    0.00   -0.03   -0.27    3.35    0.41   10.07   31.54
C-G     0.00    0.00    0.00    0.00    0.00    0.00   -0.07   -0.40    3.33    0.57   10.89   30.67
A-T     0.00    0.00    0.00    0.00    0.00    0.00   -0.07   -0.23    3.32    0.65    8.57   31.36
T-A     0.00    0.00    0.00    0.00    0.00    0.00   -0.03    0.18    3.33    0.64    4.03   33.36
G-C     0.00    0.00    0.00    0.00    0.00    0.00    0.03    0.66    3.35    0.52   -1.02   35.92
C-G     0.00    0.00    0.00    0.00    0.00    0.00    0.08    1.03    3.37    0.29   -4.69   38.07
C-G     0.00    0.00    0.00    0.00    0.00    0.00    0.09    1.14    3.38    0.01   -5.63   38.99
T-A     0.00    0.00    0.00    0.00    0.00    0.00    0.06    0.95    3.38   -0.27   -3.50   38.29
T-A     0.00    0.00    0.00    0.00    0.00    0.00   -0.01    0.54    3.37   -0.46    0.91   36.22
T-A     0.00    0.00    0.00    0.00    0.00    0.00   -0.08    0.07    3.34   -0.50    5.99   33.53
T-A     0.00    0.00    0.00    0.00    0.00    0.00   -0.11   -0.30    3.32   -0.36    9.90   31.21
G-C     0.00    0.00    0.00    0.00    0.00    0.00   -0.09   -0.43    3.31   -0.06   11.23   30.12
A-T     0.00    0.00    0.00    0.00    0.00    0.00   -0.02   -0.29    3.30    0.29    9.52   30.66
T-A     0.00    0.00    0.00    0.00    0.00    0.00    0.06    0.05    3.31    0.56    5.42   32.63
G-C     0.00    0.00    0.00    0.00    0.00    0.00    0.11    0.46    3.31    0.63    0.42   35.28
G-C     0.00    0.00    0.00    0.00    0.00    0.00    0.11    0.77    3.32    0.43   -3.66   37.61
A-T     0.00    0.00    0.00    0.00    0.00    0.00    0.05    0.89    3.32    0.03   -5.34   38.76
G-C     0.00    0.00    0.00    0.00    0.00    0.00   -0.05    0.77    3.32   -0.48   -4.01   38.29
C-G     0.00    0.00    0.00    0.00    0.00    0.00   -0.14    0.46    3.31   -0.91   -0.16   36.40
A-T     0.00    0.00    0.00    0.00    0.00    0.00   -0.19    0.09    3.30   -1.13    4.82   33.79
G-C     0.00    0.00    0.00    0.00    0.00    0.00   -0.17   -0.22    3.29   -1.06    9.14   31.44
T-A     0.00    0.00    0.00    0.00    0.00    0.00   -0.09   -0.37    3.29   -0.74   11.23   30.22
T-A     0.00    0.00    0.00    0.00    0.00    0.00    0.02   -0.31    3.29   -0.32   10.35   30.55
T-A     0.00    0.00    0.00    0.00    0.00    0.00    0.11   -0.10    3.29    0.03    6.81   32.29
C-G     0.00    0.00    0.00    0.00    0.00    0.00    0.13    0.19    3.29    0.16    1.87   34.78
C-G     0.00    0.00    0.00    0.00    0.00    0.00    0.07    0.44    3.28    0.02   -2.70   37.09
A-T     0.00    0.00    0.00    0.00    0.00    0.00   -0.04    0.59    3.28   -0.35   -5.27   38.39
A-T     0.00    0.00    0.00    0.00    0.00    0.00   -0.16    0.58    3.27   -0.81   -4.94   38.23
A-T     0.00    0.00    0.00    0.00    0.00    0.00   -0.24    0.43    3.27   -1.19   -1.83   36.72
T-A     0.00    0.00    0.00    0.00    0.00    0.00   -0.25    0.19    3.27   -1.38    2.92   34.45
A-T     0.00    0.00    0.00    0.00    0.00    0.00   -0.18   -0.05    3.28   -1.33    7.60   32.26
C-G     0.00    0.00    0.00    0.00    0.00    0.00   -0.06   -0.22    3.29   -1.10   10.51   30.94
A-T     0.00    0.00    0.00    0.00    0.00    0.00    0.06   -0.29    3.29   -0.83   10.63   30.93
C-G     0.00    0.00    0.00    0.00    0.00    0.00    0.11   -0.24    3.29   -0.62    7.91   32.19
T-A     0.00    0.00    0.00    0.00    0.00    0.00    0.09   -0.09    3.28   -0.58    3.33   34.24
T-A     0.00    0.00    0.00    0.00    0.00    0.00   -0.01    0.11    3.27   -0.69   -1.48   36.31
T-A     0.00    0.00    0.00    0.00    0.00    0.00   -0.14    0.30    3.25   -0.88   -4.82   37.71
T-A     0.00    0.00    0.00    0.00    0.00    0.00   -0.24    0.42    3.25   -1.05   -5.54   37.96
G-C     0.00    0.00    0.00    0.00    0.00    0.00   -0.28    0.44    3.25   -1.12   -3.43   37.05
G-C     0.00    0.00    0.00    0.00    0.00    0.00   -0.23    0.34    3.26   -1.07    0.71   35.34
T-A     0.00    0.00    0.00    0.00    0.00    0.00   -0.12    0.16    3.27   -0.96    5.38   33.45
A-T     0.00    0.00    0.00    0.00    0.00    0.00    0.00   -0.06    3.29   -0.87    8.90   32.03
G-C     0.00    0.00    0.00    0.00    0.00    0.00    0.08   -0.25    3.30   -0.88   10.07   31.53
A-T     0.00    0.00    0.00    0.00    0.00    0.00    0.08   -0.35    3.30   -1.00    8.52   32.09
A-T     0.00    0.00    0.00    0.00    0.00    0.00    0.01   -0.32    3.29   -1.18    4.83   33.46
T-A     0.00    0.00    0.00    0.00    0.00    0.00   -0.10   -0.16    3.27   -1.31    0.35   35.15
C-G     0.00    0.00    0.00    0.00    0.00    0.00   -0.20    0.07    3.26   -1.27   -3.37   36.61
T-A     0.00    0.00    0.00    0.00    0.00    0.00   -0.25    0.30    3.25   -1.05   -5.08   37.37
G-C     0.00    0.00    0.00    0.00    0.00    0.00   -0.22    0.45    3.25   -0.67   -4.26   37.20
C-G     0.00    0.00    0.00    0.00    0.00    0.00   -0.13    0.46    3.26   -0.28   -1.29   36.20
A-T     0.00    0.00    0.00    0.00    0.00    0.00   -0.01    0.31    3.27   -0.05    2.75   34.69
G-C     0.00    0.00    0.00    0.00    0.00    0.00    0.07    0.05    3.28   -0.09    6.44   33.17
G-C     0.00    0.00    0.00    0.00    0.00    0.00    0.09   -0.23    3.29   -0.41    8.56   32.11
T-A     0.00    0.00    0.00    0.00    0.00    0.00    0.04   -0.42    3.30   -0.90    8.47   31.84
G-C     0.00    0.00    0.00    0.00    0.00    0.00   -0.05   -0.47    3.30   -1.36    6.29   32.43
G-C     0.00    0.00    0.00    0.00    0.00    0.00   -0.15   -0.34    3.29   -1.56    2.83   33.70
A-T     0.00    0.00    0.00    0.00    0.00    0.00   -0.20   -0.08    3.28   -1.37   -0.74   35.22
T-A     0.00    0.00    0.00    0.00    0.00    0.00   -0.18    0.22    3.27   -0.82   -3.25   36.51
A-T     0.00    0.00    0.00    0.00    0.00    0.00   -0.09    0.43    3.26   -0.06   -3.96   37.13
T-A     0.00    0.00    0.00    0.00    0.00    0.00    0.01    0.49    3.26    0.63   -2.71   36.87
T-A     0.00    0.00    0.00    0.00    0.00    0.00    0.10    0.36    3.26    1.00    0.02   35.77
G-C     0.00    0.00    0.00    0.00    0.00    0.00    0.13    0.09    3.26    0.90    3.32   34.17
A-T     0.00    0.00    0.00    0.00    0.00    0.00    0.10   -0.22    3.28    0.37    6.16   32.58
T-A     0.00    0.00    0.00    0.00    0.00    0.00    0.01   -0.46    3.29   -0.38    7.70   31.53
