 146 base-pairs
   0  ***local base-pair & step parameters***
       Shear  Stretch  Stagger Buckle Prop-Tw Opening   Shift  Slide    Rise    Tilt    Roll   Twist
A-T     0.00    0.00    0.00    0.00    0.00    0.00    0.00    0.00    0.00    0.00    0.00    0.00
T-A     0.00    0.00    0.00    0.00    0.00    0.00    0.01   -0.28    3.32   -0.09    9.24   31.70
C-G     0.00    0.00    0.00    0.00    0.00    0.00   -0.01   -0.11    3.32   -0.34    6.46   33.18
A-T     0.00    0.00    0.00    0.00    0.00    0.00   -0.03    0.16    3.32   -0.54    2.11   35.25
A-T     0.00    0.00    0.00    0.00    0.00    0.00   -0.04    0.43    3.32   -0.60   -2.25   37.17
T-A     0.00    0.00    0.00    0.00    0.00    0.00   -0.04    0.62    3.32   -0.51   -5.08   38.25
A-T     0.00    0.00    0.00    0.00    0.00    0.00   -0.02    0.64    3.32   -0.30   -5.35   38.12
T-A     0.00    0.00    0.00    0.00    0.00    0.00    0.00    0.50    3.32   -0.04   -2.98   36.81
C-G     0.00    0.00    0.00    0.00    0.00    0.00    0.02    0.24    3.32    0.17    1.19   34.80
C-G     0.00    0.00    0.00    0.00    0.00    0.00    0.04   -0.04    3.32    0.27    5.68   32.80
A-T     0.00    0.00    0.00    0.00    0.00    0.00    0.03   -0.25    3.32    0.20    8.87   31.52
C-G     0.00    0.00    0.00    0.00    0.00    0.00    0.02   -0.30    3.32    0.00    9.64   31.43
C-G     0.00    0.00    0.00    0.00    0.00    0.00    0.00   -0.19    3.32   -0.25    7.70   32.55
T-A     0.00    0.00    0.00    0.00    0.00    0.00   -0.03    0.06    3.32   -0.48    3.75   34.49
G-C     0.00    0.00    0.00    0.00    0.00    0.00   -0.04    0.34    3.32   -0.60   -0.80   36.55
C-G     0.00    0.00    0.00    0.00    0.00    0.00   -0.04    0.57    3.32   -0.56   -4.33   38.00
A-T     0.00    0.00    0.00    0.00    0.00    0.00   -0.03    0.65    3.32   -0.38   -5.58   38.31
G-C     0.00    0.00    0.00    0.00    0.00    0.00   -0.01    0.57    3.32   -0.13   -4.10   37.39
A-T     0.00    0.00    0.00    0.00    0.00    0.00    0.02    0.34    3.32    0.11   -0.42   35.55
T-A     0.00    0.00    0.00    0.00    0.00    0.00    0.03    0.06    3.32    0.25    4.14   33.46
T-A     0.00    0.00    0.00    0.00    0.00    0.00    0.04   -0.19    3.32    0.24    7.97   31.86
C-G     0.00    0.00    0.00    0.00    0.00    0.00    0.03   -0.30    3.32    0.09    9.68   31.32
T-A     0.00    0.00    0.00    0.00    0.00    0.00    0.01   -0.25    3.32   -0.16    8.68   32.03
A-T     0.00    0.00    0.00    0.00    0.00    0.00   -0.02   -0.04    3.32   -0.41    5.32   33.74
C-G     0.00    0.00    0.00    0.00    0.00    0.00   -0.04    0.24    3.32   -0.57    0.79   35.85
C-G     0.00    0.00    0.00    0.00    0.00    0.00   -0.04    0.50    3.32   -0.59   -3.28   37.59
A-T     0.00    0.00    0.00    0.00    0.00    0.00   -0.04    0.64    3.32   -0.46   -5.44   38.35
A-T     0.00    0.00    0.00    0.00    0.00    0.00   -0.02    0.62    3.32   -0.22   -4.92   37.85
A-T     0.00    0.00    0.00    0.00    0.00    0.00    0.01    0.43    3.32    0.03   -1.92   36.28
A-T     0.00    0.00    0.00    0.00    0.00    0.00    0.03    0.16    3.32    0.22    2.52   34.19
G-C     0.00    0.00    0.00    0.00    0.00    0.00    0.04   -0.11    3.32    0.26    6.78   32.33
T-A     0.00    0.00    0.00    0.00    0.00    0.00    0.03   -0.28    3.32    0.16    9.37   31.37
G-C     0.00    0.00    0.00    0.00    0.00    0.00    0.01   -0.29    3.32   -0.07    9.35   31.64
T-A     0.00    0.00    0.00    0.00    0.00    0.00   -0.01   -0.13    3.32   -0.33    6.73   33.05
A-T     0.00    0.00    0.00    0.00    0.00    0.00   -0.03    0.14    3.32   -0.53    2.44   35.10
T-A     0.00    0.00    0.00    0.00    0.00    0.00   -0.04    0.42    3.32   -0.60   -1.98   37.05
T-A     0.00    0.00    0.00    0.00    0.00    0.00   -0.04    0.61    3.32   -0.52   -4.95   38.21
T-A     0.00    0.00    0.00    0.00    0.00    0.00   -0.02    0.65    3.32   -0.32   -5.43   38.17
G-C     0.00    0.00    0.00    0.00    0.00    0.00    0.00    0.51    3.32   -0.06   -3.22   36.93
G-C     0.00    0.00    0.00    0.00    0.00    0.00    0.02    0.26    3.32    0.16    0.86   34.95
A-T     0.00    0.00    0.00    0.00    0.00    0.00    0.04   -0.02    3.32    0.26    5.38   32.92
A-T     0.00    0.00    0.00    0.00    0.00    0.00    0.04   -0.24    3.32    0.21    8.72   31.58
A-T     0.00    0.00    0.00    0.00    0.00    0.00    0.02   -0.30    3.32    0.02    9.68   31.40
C-G     0.00    0.00    0.00    0.00    0.00    0.00    0.00   -0.20    3.32   -0.24    7.92   32.44
T-A     0.00    0.00    0.00    0.00    0.00    0.00   -0.02    0.04    3.32   -0.47    4.08   34.34
G-C     0.00    0.00    0.00    0.00    0.00    0.00   -0.04    0.32    3.32   -0.59   -0.49   36.41
C-G     0.00    0.00    0.00    0.00    0.00    0.00   -0.04    0.56    3.32   -0.57   -4.14   37.93
T-A     0.00    0.00    0.00    0.00    0.00    0.00   -0.03    0.65    3.32   -0.40   -5.58   38.33
C-G     0.00    0.00    0.00    0.00    0.00    0.00   -0.01    0.58    3.32   -0.15   -4.29   37.49
C-G     0.00    0.00    0.00    0.00    0.00    0.00    0.01    0.36    3.32    0.09   -0.73   35.70
A-T     0.00    0.00    0.00    0.00    0.00    0.00    0.03    0.08    3.32    0.25    3.82   33.60
T-A     0.00    0.00    0.00    0.00    0.00    0.00    0.04   -0.17    3.32    0.25    7.75   31.94
C-G     0.00    0.00    0.00    0.00    0.00    0.00    0.03   -0.30    3.32    0.10    9.65   31.31
A-T     0.00    0.00    0.00    0.00    0.00    0.00    0.01   -0.26    3.32   -0.14    8.84   31.94
A-T     0.00    0.00    0.00    0.00    0.00    0.00   -0.02   -0.06    3.32   -0.39    5.61   33.60
A-T     0.00    0.00    0.00    0.00    0.00    0.00   -0.04    0.22    3.32   -0.57    1.12   35.70
A-T     0.00    0.00    0.00    0.00    0.00    0.00   -0.04    0.48    3.32   -0.60   -3.03   37.49
G-C     0.00    0.00    0.00    0.00    0.00    0.00   -0.04    0.64    3.32   -0.47   -5.37   38.33
G-C     0.00    0.00    0.00    0.00    0.00    0.00   -0.02    0.62    3.32   -0.24   -5.05   37.93
C-G     0.00    0.00    0.00    0.00    0.00    0.00    0.01    0.45    3.32    0.01   -2.19   36.42
A-T     0.00    0.00    0.00    0.00    0.00    0.00    0.03    0.18    3.32    0.21    2.18   34.34
T-A     0.00    0.00    0.00    0.00    0.00    0.00    0.04   -0.09    3.32    0.26    6.52   32.44
G-C     0.00    0.00    0.00    0.00    0.00    0.00    0.03   -0.27    3.32    0.17    9.27   31.40
T-A     0.00    0.00    0.00    0.00    0.00    0.00    0.02   -0.29    3.32   -0.05    9.44   31.58
T-A     0.00    0.00    0.00    0.00    0.00    0.00   -0.01   -0.14    3.32   -0.31    6.99   32.92
C-G     0.00    0.00    0.00    0.00    0.00    0.00   -0.03    0.12    3.32   -0.52    2.77   34.95
A-T     0.00    0.00    0.00    0.00    0.00    0.00   -0.04    0.40    3.32   -0.60   -1.69   36.93
G-C     0.00    0.00    0.00    0.00    0.00    0.00   -0.04    0.60    3.32   -0.53   -4.82   38.17
C-G     0.00    0.00    0.00    0.00    0.00    0.00   -0.02    0.65    3.32   -0.33   -5.48   38.22
T-A     0.00    0.00    0.00    0.00    0.00    0.00    0.00    0.53    3.32   -0.07   -3.46   37.06
G-C     0.00    0.00    0.00    0.00    0.00    0.00    0.02    0.28    3.32    0.15    0.54   35.10
A-T     0.00    0.00    0.00    0.00    0.00    0.00    0.04    0.00    3.32    0.26    5.08   33.05
A-T     0.00    0.00    0.00    0.00    0.00    0.00    0.04   -0.23    3.32    0.22    8.55   31.64
T-A     0.00    0.00    0.00    0.00    0.00    0.00    0.02   -0.30    3.32    0.04    9.70   31.37
T-A     0.00    0.00    0.00    0.00    0.00    0.00    0.00   -0.21    3.32   -0.22    8.13   32.33
C-G     0.00    0.00    0.00    0.00    0.00    0.00   -0.02    0.02    3.32   -0.45    4.39   34.19
A-T     0.00    0.00    0.00    0.00    0.00    0.00   -0.04    0.30    3.32   -0.59   -0.17   36.28
G-C     0.00    0.00    0.00    0.00    0.00    0.00   -0.04    0.54    3.32   -0.58   -3.94   37.85
C-G     0.00    0.00    0.00    0.00    0.00    0.00   -0.03    0.65    3.32   -0.42   -5.56   38.35
T-A     0.00    0.00    0.00    0.00    0.00    0.00   -0.01    0.59    3.32   -0.17   -4.47   37.59
G-C     0.00    0.00    0.00    0.00    0.00    0.00    0.01    0.38    3.32    0.08   -1.04   35.85
A-T     0.00    0.00    0.00    0.00    0.00    0.00    0.03    0.10    3.32    0.24    3.50   33.75
A-T     0.00    0.00    0.00    0.00    0.00    0.00    0.04   -0.16    3.32    0.25    7.52   32.03
C-G     0.00    0.00    0.00    0.00    0.00    0.00    0.03   -0.30    3.32    0.12    9.60   31.32
A-T     0.00    0.00    0.00    0.00    0.00    0.00    0.01   -0.26    3.32   -0.12    8.99   31.86
T-A     0.00    0.00    0.00    0.00    0.00    0.00   -0.01   -0.08    3.32   -0.38    5.90   33.46
G-C     0.00    0.00    0.00    0.00    0.00    0.00   -0.03    0.20    3.32   -0.56    1.45   35.55
C-G     0.00    0.00    0.00    0.00    0.00    0.00   -0.04    0.47    3.32   -0.60   -2.78   37.39
C-G     0.00    0.00    0.00    0.00    0.00    0.00   -0.04    0.63    3.32   -0.49   -5.29   38.31
T-A     0.00    0.00    0.00    0.00    0.00    0.00   -0.02    0.63    3.32   -0.26   -5.17   38.00
T-A     0.00    0.00    0.00    0.00    0.00    0.00    0.01    0.47    3.32    0.00   -2.47   36.55
T-A     0.00    0.00    0.00    0.00    0.00    0.00    0.03    0.20    3.32    0.20    1.85   34.49
T-A     0.00    0.00    0.00    0.00    0.00    0.00    0.04   -0.08    3.32    0.27    6.25   32.56
G-C     0.00    0.00    0.00    0.00    0.00    0.00    0.03   -0.26    3.32    0.18    9.15   31.43
A-T     0.00    0.00    0.00    0.00    0.00    0.00    0.02   -0.30    3.32   -0.03    9.52   31.52
T-A     0.00    0.00    0.00    0.00    0.00    0.00   -0.01   -0.16    3.32   -0.29    7.23   32.79
G-C     0.00    0.00    0.00    0.00    0.00    0.00   -0.03    0.10    3.32   -0.51    3.10   34.79
G-C     0.00    0.00    0.00    0.00    0.00    0.00   -0.04    0.38    3.32   -0.60   -1.40   36.81
A-T     0.00    0.00    0.00    0.00    0.00    0.00   -0.04    0.59    3.32   -0.54   -4.67   38.12
G-C     0.00    0.00    0.00    0.00    0.00    0.00   -0.03    0.65    3.32   -0.35   -5.53   38.25
C-G     0.00    0.00    0.00    0.00    0.00    0.00    0.00    0.54    3.32   -0.09   -3.68   37.17
A-T     0.00    0.00    0.00    0.00    0.00    0.00    0.02    0.30    3.32    0.14    0.22   35.25
G-C     0.00    0.00    0.00    0.00    0.00    0.00    0.03    0.02    3.32    0.26    4.77   33.19
T-A     0.00    0.00    0.00    0.00    0.00    0.00    0.04   -0.21    3.32    0.23    8.37   31.71
T-A     0.00    0.00    0.00    0.00    0.00    0.00    0.02   -0.30    3.32    0.06    9.71   31.34
T-A     0.00    0.00    0.00    0.00    0.00    0.00    0.00   -0.22    3.32   -0.20    8.32   32.22
C-G     0.00    0.00    0.00    0.00    0.00    0.00   -0.02    0.00    3.32   -0.44    4.71   34.04
C-G     0.00    0.00    0.00    0.00    0.00    0.00   -0.04    0.28    3.32   -0.59    0.15   36.14
A-T     0.00    0.00    0.00    0.00    0.00    0.00   -0.04    0.53    3.32   -0.58   -3.73   37.77
A-T     0.00    0.00    0.00    0.00    0.00    0.00   -0.03    0.65    3.32   -0.43   -5.54   38.35
A-T     0.00    0.00    0.00    0.00    0.00    0.00   -0.01    0.60    3.32   -0.19   -4.63   37.68
T-A     0.00    0.00    0.00    0.00    0.00    0.00    0.01    0.40    3.32    0.06   -1.34   36.00
A-T     0.00    0.00    0.00    0.00    0.00    0.00    0.03    0.12    3.32    0.23    3.17   33.89
C-G     0.00    0.00    0.00    0.00    0.00    0.00    0.04   -0.14    3.32    0.26    7.29   32.13
A-T     0.00    0.00    0.00    0.00    0.00    0.00    0.03   -0.29    3.32    0.13    9.54   31.33
C-G     0.00    0.00    0.00    0.00    0.00    0.00    0.01   -0.27    3.32   -0.10    9.12   31.78
T-A     0.00    0.00    0.00    0.00    0.00    0.00   -0.01   -0.09    3.32   -0.36    6.19   33.32
T-A     0.00    0.00    0.00    0.00    0.00    0.00   -0.03    0.18    3.32   -0.55    1.78   35.40
T-A     0.00    0.00    0.00    0.00    0.00    0.00   -0.04    0.45    3.32   -0.60   -2.52   37.28
T-A     0.00    0.00    0.00    0.00    0.00    0.00   -0.04    0.62    3.32   -0.50   -5.19   38.29
G-C     0.00    0.00    0.00    0.00    0.00    0.00   -0.02    0.64    3.32   -0.28   -5.27   38.06
G-C     0.00    0.00    0.00    0.00    0.00    0.00    0.00    0.48    3.32   -0.02   -2.73   36.68
T-A     0.00    0.00    0.00    0.00    0.00    0.00    0.02    0.22    3.32    0.19    1.52   34.64
A-T     0.00    0.00    0.00    0.00    0.00    0.00    0.04   -0.06    3.32    0.27    5.97   32.67
G-C     0.00    0.00    0.00    0.00    0.00    0.00    0.03   -0.26    3.32    0.19    9.02   31.47
A-T     0.00    0.00    0.00    0.00    0.00    0.00    0.02   -0.30    3.32   -0.01    9.59   31.47
A-T     0.00    0.00    0.00    0.00    0.00    0.00    0.00   -0.17    3.32   -0.27    7.47   32.67
T-A     0.00    0.00    0.00    0.00    0.00    0.00   -0.03    0.08    3.32   -0.49    3.43   34.64
C-G     0.00    0.00    0.00    0.00    0.00    0.00   -0.04    0.36    3.32   -0.60   -1.10   36.68
T-A     0.00    0.00    0.00    0.00    0.00    0.00   -0.04    0.58    3.32   -0.55   -4.50   38.06
G-C     0.00    0.00    0.00    0.00    0.00    0.00   -0.03    0.65    3.32   -0.37   -5.56   38.29
C-G     0.00    0.00    0.00    0.00    0.00    0.00   -0.01    0.55    3.32   -0.11   -3.90   37.28
A-T     0.00    0.00    0.00    0.00    0.00    0.00    0.02    0.32    3.32    0.12   -0.10   35.40
G-C     0.00    0.00    0.00    0.00    0.00    0.00    0.03    0.04    3.32    0.26    4.46   33.32
G-C     0.00    0.00    0.00    0.00    0.00    0.00    0.04   -0.20    3.32    0.24    8.17   31.78
T-A     0.00    0.00    0.00    0.00    0.00    0.00    0.03   -0.30    3.32    0.07    9.70   31.33
G-C     0.00    0.00    0.00    0.00    0.00    0.00    0.00   -0.24    3.32   -0.18    8.51   32.13
G-C     0.00    0.00    0.00    0.00    0.00    0.00   -0.02   -0.02    3.32   -0.43    5.01   33.89
A-T     0.00    0.00    0.00    0.00    0.00    0.00   -0.04    0.26    3.32   -0.58    0.47   35.99
T-A     0.00    0.00    0.00    0.00    0.00    0.00   -0.04    0.51    3.32   -0.59   -3.51   37.68
A-T     0.00    0.00    0.00    0.00    0.00    0.00   -0.03    0.65    3.32   -0.45   -5.50   38.35
T-A     0.00    0.00    0.00    0.00    0.00    0.00   -0.01    0.61    3.32   -0.21   -4.78   37.77
T-A     0.00    0.00    0.00    0.00    0.00    0.00    0.01    0.42    3.32    0.05   -1.63   36.14
G-C     0.00    0.00    0.00    0.00    0.00    0.00    0.03    0.14    3.32    0.22    2.85   34.04
A-T     0.00    0.00    0.00    0.00    0.00    0.00    0.04   -0.13    3.32    0.26    7.04   32.23
T-A     0.00    0.00    0.00    0.00    0.00    0.00    0.03   -0.29    3.32    0.14    9.46   31.34
