 146 base-pairs
   0  ***local base-pair & step parameters***
       Shear  Stretch  Stagger Buckle Prop-Tw Opening   Shift  Slide    Rise    Tilt    Roll   Twist
A-T     0.00    0.00    0.00    0.00    0.00    0.00    0.00    0.00    0.00    0.00    0.00    0.00
T-A     0.00    0.00    0.00    0.00    0.00    0.00    0.01   -0.17    3.36   -0.91    8.00   32.03
C-G     0.00    0.00    0.00    0.00    0.00    0.00   -0.02   -0.09    3.36   -1.17    6.35   33.18
A-T     0.00    0.00    0.00    0.00    0.00    0.00   -0.05    0.07    3.35   -1.09    3.28   34.90
A-T     0.00    0.00    0.00    0.00    0.00    0.00   -0.06    0.27    3.32   -0.70   -0.27   36.60
T-A     0.00    0.00    0.00    0.00    0.00    0.00   -0.04    0.43    3.30   -0.12   -3.15   37.69
A-T     0.00    0.00    0.00    0.00    0.00    0.00   -0.01    0.50    3.28    0.47   -4.38   37.81
T-A     0.00    0.00    0.00    0.00    0.00    0.00    0.02    0.47    3.28    0.85   -3.51   36.90
C-G     0.00    0.00    0.00    0.00    0.00    0.00    0.05    0.33    3.29    0.90   -0.75   35.28
C-G     0.00    0.00    0.00    0.00    0.00    0.00    0.06    0.14    3.31    0.59    3.05   33.49
A-T     0.00    0.00    0.00    0.00    0.00    0.00    0.04   -0.04    3.34    0.02    6.64   32.16
C-G     0.00    0.00    0.00    0.00    0.00    0.00    0.01   -0.14    3.36   -0.63    8.81   31.74
C-G     0.00    0.00    0.00    0.00    0.00    0.00   -0.04   -0.14    3.36   -1.13    8.74   32.39
T-A     0.00    0.00    0.00    0.00    0.00    0.00   -0.07   -0.02    3.35   -1.32    6.39   33.90
G-C     0.00    0.00    0.00    0.00    0.00    0.00   -0.07    0.16    3.33   -1.13    2.46   35.75
C-G     0.00    0.00    0.00    0.00    0.00    0.00   -0.05    0.35    3.31   -0.61   -1.74   37.29
A-T     0.00    0.00    0.00    0.00    0.00    0.00   -0.01    0.48    3.29    0.06   -4.77   37.99
G-C     0.00    0.00    0.00    0.00    0.00    0.00    0.04    0.50    3.28    0.65   -5.50   37.60
A-T     0.00    0.00    0.00    0.00    0.00    0.00    0.07    0.41    3.29    0.98   -3.62   36.22
T-A     0.00    0.00    0.00    0.00    0.00    0.00    0.08    0.23    3.31    0.93    0.33   34.34
T-A     0.00    0.00    0.00    0.00    0.00    0.00    0.06    0.03    3.33    0.51    5.02   32.62
C-G     0.00    0.00    0.00    0.00    0.00    0.00    0.01   -0.12    3.35   -0.13    8.80   31.66
T-A     0.00    0.00    0.00    0.00    0.00    0.00   -0.04   -0.17    3.35   -0.78   10.30   31.81
A-T     0.00    0.00    0.00    0.00    0.00    0.00   -0.08   -0.09    3.35   -1.24    8.92   33.03
C-G     0.00    0.00    0.00    0.00    0.00    0.00   -0.09    0.08    3.34   -1.34    5.05   34.91
C-G     0.00    0.00    0.00    0.00    0.00    0.00   -0.07    0.29    3.32   -1.05    0.01   36.79
A-T     0.00    0.00    0.00    0.00    0.00    0.00   -0.02    0.47    3.30   -0.48   -4.41   37.99
A-T     0.00    0.00    0.00    0.00    0.00    0.00    0.04    0.53    3.29    0.18   -6.61   38.08
A-T     0.00    0.00    0.00    0.00    0.00    0.00    0.08    0.47    3.30    0.73   -5.74   37.00
A-T     0.00    0.00    0.00    0.00    0.00    0.00    0.09    0.30    3.31    0.98   -2.02   35.14
G-C     0.00    0.00    0.00    0.00    0.00    0.00    0.07    0.07    3.32    0.86    3.24   33.14
T-A     0.00    0.00    0.00    0.00    0.00    0.00    0.02   -0.12    3.33    0.40    8.18   31.73
G-C     0.00    0.00    0.00    0.00    0.00    0.00   -0.04   -0.20    3.34   -0.23   10.99   31.42
T-A     0.00    0.00    0.00    0.00    0.00    0.00   -0.08   -0.15    3.34   -0.84   10.59   32.34
A-T     0.00    0.00    0.00    0.00    0.00    0.00   -0.10    0.02    3.33   -1.23    7.09   34.17
T-A     0.00    0.00    0.00    0.00    0.00    0.00   -0.08    0.26    3.32   -1.27    1.70   36.26
T-A     0.00    0.00    0.00    0.00    0.00    0.00   -0.04    0.47    3.31   -0.96   -3.63   37.86
T-A     0.00    0.00    0.00    0.00    0.00    0.00    0.02    0.57    3.31   -0.40   -6.93   38.37
G-C     0.00    0.00    0.00    0.00    0.00    0.00    0.07    0.53    3.31    0.22   -6.97   37.61
G-C     0.00    0.00    0.00    0.00    0.00    0.00    0.09    0.35    3.32    0.71   -3.69   35.83
A-T     0.00    0.00    0.00    0.00    0.00    0.00    0.08    0.10    3.32    0.92    1.74   33.67
A-T     0.00    0.00    0.00    0.00    0.00    0.00    0.04   -0.13    3.32    0.77    7.33   31.91
A-T     0.00    0.00    0.00    0.00    0.00    0.00   -0.02   -0.25    3.32    0.33   11.01   31.20
C-G     0.00    0.00    0.00    0.00    0.00    0.00   -0.07   -0.21    3.32   -0.26   11.41   31.81
T-A     0.00    0.00    0.00    0.00    0.00    0.00   -0.09   -0.03    3.32   -0.81    8.35   33.54
G-C     0.00    0.00    0.00    0.00    0.00    0.00   -0.08    0.23    3.32   -1.16    2.96   35.75
C-G     0.00    0.00    0.00    0.00    0.00    0.00   -0.05    0.48    3.32   -1.19   -2.79   37.65
T-A     0.00    0.00    0.00    0.00    0.00    0.00    0.00    0.62    3.33   -0.90   -6.74   38.53
C-G     0.00    0.00    0.00    0.00    0.00    0.00    0.05    0.60    3.33   -0.38   -7.43   38.06
C-G     0.00    0.00    0.00    0.00    0.00    0.00    0.08    0.41    3.33    0.19   -4.57   36.40
A-T     0.00    0.00    0.00    0.00    0.00    0.00    0.07    0.13    3.33    0.65    0.76   34.15
T-A     0.00    0.00    0.00    0.00    0.00    0.00    0.05   -0.14    3.32    0.85    6.58   32.13
C-G     0.00    0.00    0.00    0.00    0.00    0.00    0.00   -0.31    3.31    0.72   10.70   31.09
A-T     0.00    0.00    0.00    0.00    0.00    0.00   -0.04   -0.29    3.30    0.32   11.58   31.42
A-T     0.00    0.00    0.00    0.00    0.00    0.00   -0.07   -0.10    3.30   -0.23    8.89   33.02
A-T     0.00    0.00    0.00    0.00    0.00    0.00   -0.07    0.20    3.31   -0.76    3.64   35.29
A-T     0.00    0.00    0.00    0.00    0.00    0.00   -0.05    0.50    3.32   -1.10   -2.19   37.41
G-C     0.00    0.00    0.00    0.00    0.00    0.00   -0.02    0.68    3.33   -1.14   -6.40   38.59
G-C     0.00    0.00    0.00    0.00    0.00    0.00    0.02    0.68    3.35   -0.88   -7.40   38.40
C-G     0.00    0.00    0.00    0.00    0.00    0.00    0.05    0.49    3.35   -0.39   -4.83   36.88
A-T     0.00    0.00    0.00    0.00    0.00    0.00    0.06    0.17    3.34    0.16    0.34   34.60
T-A     0.00    0.00    0.00    0.00    0.00    0.00    0.05   -0.15    3.33    0.60    6.14   32.39
G-C     0.00    0.00    0.00    0.00    0.00    0.00    0.02   -0.36    3.31    0.80   10.38   31.07
T-A     0.00    0.00    0.00    0.00    0.00    0.00   -0.01   -0.37    3.29    0.69   11.44   31.14
T-A     0.00    0.00    0.00    0.00    0.00    0.00   -0.03   -0.19    3.29    0.31    8.95   32.57
C-G     0.00    0.00    0.00    0.00    0.00    0.00   -0.05    0.14    3.29   -0.22    3.84   34.84
A-T     0.00    0.00    0.00    0.00    0.00    0.00   -0.05    0.49    3.31   -0.73   -1.91   37.12
G-C     0.00    0.00    0.00    0.00    0.00    0.00   -0.03    0.72    3.33   -1.06   -6.14   38.57
C-G     0.00    0.00    0.00    0.00    0.00    0.00   -0.01    0.76    3.35   -1.11   -7.22   38.65
T-A     0.00    0.00    0.00    0.00    0.00    0.00    0.01    0.58    3.36   -0.85   -4.77   37.31
G-C     0.00    0.00    0.00    0.00    0.00    0.00    0.02    0.25    3.35   -0.38    0.28   35.06
A-T     0.00    0.00    0.00    0.00    0.00    0.00    0.03   -0.12    3.33    0.16    6.00   32.71
A-T     0.00    0.00    0.00    0.00    0.00    0.00    0.03   -0.38    3.31    0.58   10.20   31.14
T-A     0.00    0.00    0.00    0.00    0.00    0.00    0.02   -0.45    3.29    0.76   11.29   30.93
T-A     0.00    0.00    0.00    0.00    0.00    0.00    0.00   -0.28    3.28    0.64    8.86   32.15
C-G     0.00    0.00    0.00    0.00    0.00    0.00   -0.01    0.05    3.29    0.26    3.84   34.37
A-T     0.00    0.00    0.00    0.00    0.00    0.00   -0.02    0.43    3.30   -0.25   -1.83   36.76
G-C     0.00    0.00    0.00    0.00    0.00    0.00   -0.03    0.73    3.33   -0.73   -6.02   38.45
C-G     0.00    0.00    0.00    0.00    0.00    0.00   -0.03    0.82    3.35   -1.02   -7.12   38.81
T-A     0.00    0.00    0.00    0.00    0.00    0.00   -0.03    0.68    3.36   -1.03   -4.72   37.71
G-C     0.00    0.00    0.00    0.00    0.00    0.00   -0.01    0.35    3.36   -0.76    0.25   35.55
A-T     0.00    0.00    0.00    0.00    0.00    0.00    0.00   -0.04    3.34   -0.31    5.91   33.13
A-T     0.00    0.00    0.00    0.00    0.00    0.00    0.02   -0.36    3.32    0.18   10.09   31.33
C-G     0.00    0.00    0.00    0.00    0.00    0.00    0.03   -0.49    3.30    0.54   11.23   30.82
A-T     0.00    0.00    0.00    0.00    0.00    0.00    0.03   -0.37    3.28    0.66    8.90   31.78
T-A     0.00    0.00    0.00    0.00    0.00    0.00    0.02   -0.06    3.28    0.52    3.98   33.85
G-C     0.00    0.00    0.00    0.00    0.00    0.00    0.01    0.34    3.30    0.15   -1.65   36.28
C-G     0.00    0.00    0.00    0.00    0.00    0.00   -0.02    0.68    3.32   -0.30   -5.86   38.18
C-G     0.00    0.00    0.00    0.00    0.00    0.00   -0.04    0.84    3.34   -0.69   -7.09   38.85
T-A     0.00    0.00    0.00    0.00    0.00    0.00   -0.05    0.76    3.36   -0.90   -4.87   38.06
T-A     0.00    0.00    0.00    0.00    0.00    0.00   -0.05    0.47    3.36   -0.87   -0.06   36.09
T-A     0.00    0.00    0.00    0.00    0.00    0.00   -0.03    0.07    3.35   -0.61    5.54   33.68
T-A     0.00    0.00    0.00    0.00    0.00    0.00    0.00   -0.28    3.33   -0.23    9.81   31.69
G-C     0.00    0.00    0.00    0.00    0.00    0.00    0.03   -0.47    3.31    0.15   11.18   30.85
A-T     0.00    0.00    0.00    0.00    0.00    0.00    0.05   -0.43    3.29    0.41    9.15   31.46
T-A     0.00    0.00    0.00    0.00    0.00    0.00    0.05   -0.17    3.29    0.47    4.50   33.29
G-C     0.00    0.00    0.00    0.00    0.00    0.00    0.03    0.21    3.30    0.32   -1.02   35.66
G-C     0.00    0.00    0.00    0.00    0.00    0.00    0.00    0.57    3.31    0.03   -5.37   37.72
A-T     0.00    0.00    0.00    0.00    0.00    0.00   -0.03    0.79    3.33   -0.29   -6.94   38.73
G-C     0.00    0.00    0.00    0.00    0.00    0.00   -0.06    0.79    3.34   -0.55   -5.19   38.32
C-G     0.00    0.00    0.00    0.00    0.00    0.00   -0.07    0.57    3.34   -0.67   -0.79   36.67
A-T     0.00    0.00    0.00    0.00    0.00    0.00   -0.05    0.21    3.34   -0.63    4.61   34.37
G-C     0.00    0.00    0.00    0.00    0.00    0.00   -0.02   -0.15    3.33   -0.45    9.02   32.26
T-A     0.00    0.00    0.00    0.00    0.00    0.00    0.02   -0.40    3.32   -0.21   10.85   31.09
T-A     0.00    0.00    0.00    0.00    0.00    0.00    0.06   -0.43    3.31    0.01    9.47   31.27
T-A     0.00    0.00    0.00    0.00    0.00    0.00    0.07   -0.25    3.31    0.16    5.43   32.71
C-G     0.00    0.00    0.00    0.00    0.00    0.00    0.05    0.07    3.31    0.19    0.24   34.90
C-G     0.00    0.00    0.00    0.00    0.00    0.00    0.02    0.43    3.32    0.12   -4.22   37.04
A-T     0.00    0.00    0.00    0.00    0.00    0.00   -0.02    0.69    3.32   -0.01   -6.35   38.37
A-T     0.00    0.00    0.00    0.00    0.00    0.00   -0.06    0.76    3.33   -0.16   -5.44   38.43
A-T     0.00    0.00    0.00    0.00    0.00    0.00   -0.07    0.63    3.33   -0.29   -1.87   37.22
T-A     0.00    0.00    0.00    0.00    0.00    0.00   -0.06    0.34    3.33   -0.37    3.03   35.18
A-T     0.00    0.00    0.00    0.00    0.00    0.00   -0.03    0.00    3.32   -0.39    7.48   33.04
C-G     0.00    0.00    0.00    0.00    0.00    0.00    0.01   -0.27    3.32   -0.37    9.93   31.56
A-T     0.00    0.00    0.00    0.00    0.00    0.00    0.05   -0.38    3.32   -0.32    9.56   31.26
C-G     0.00    0.00    0.00    0.00    0.00    0.00    0.06   -0.29    3.32   -0.25    6.58   32.21
T-A     0.00    0.00    0.00    0.00    0.00    0.00    0.06   -0.05    3.32   -0.17    2.10   34.07
T-A     0.00    0.00    0.00    0.00    0.00    0.00    0.02    0.26    3.32   -0.08   -2.28   36.17
T-A     0.00    0.00    0.00    0.00    0.00    0.00   -0.02    0.54    3.32    0.01   -5.03   37.77
T-A     0.00    0.00    0.00    0.00    0.00    0.00   -0.05    0.68    3.32    0.08   -5.27   38.32
G-C     0.00    0.00    0.00    0.00    0.00    0.00   -0.07    0.64    3.31    0.10   -2.99   37.65
G-C     0.00    0.00    0.00    0.00    0.00    0.00   -0.06    0.44    3.31    0.05    0.95   36.01
T-A     0.00    0.00    0.00    0.00    0.00    0.00   -0.03    0.16    3.31   -0.08    5.15   33.99
A-T     0.00    0.00    0.00    0.00    0.00    0.00    0.01   -0.10    3.32   -0.25    8.18   32.29
G-C     0.00    0.00    0.00    0.00    0.00    0.00    0.04   -0.27    3.33   -0.44    9.06   31.49
A-T     0.00    0.00    0.00    0.00    0.00    0.00    0.06   -0.28    3.34   -0.57    7.57   31.86
A-T     0.00    0.00    0.00    0.00    0.00    0.00    0.05   -0.13    3.34   -0.59    4.30   33.25
T-A     0.00    0.00    0.00    0.00    0.00    0.00    0.02    0.11    3.34   -0.48    0.38   35.17
C-G     0.00    0.00    0.00    0.00    0.00    0.00   -0.02    0.37    3.33   -0.24   -2.86   36.94
T-A     0.00    0.00    0.00    0.00    0.00    0.00   -0.04    0.55    3.31    0.05   -4.39   37.96
G-C     0.00    0.00    0.00    0.00    0.00    0.00   -0.05    0.60    3.30    0.31   -3.76   37.90
C-G     0.00    0.00    0.00    0.00    0.00    0.00   -0.04    0.50    3.29    0.43   -1.26   36.79
A-T     0.00    0.00    0.00    0.00    0.00    0.00   -0.02    0.30    3.30    0.36    2.25   35.02
G-C     0.00    0.00    0.00    0.00    0.00    0.00    0.02    0.06    3.31    0.10    5.62   33.21
G-C     0.00    0.00    0.00    0.00    0.00    0.00    0.04   -0.13    3.33   -0.27    7.76   31.98
T-A     0.00    0.00    0.00    0.00    0.00    0.00    0.04   -0.21    3.35   -0.65    8.04   31.73
G-C     0.00    0.00    0.00    0.00    0.00    0.00    0.03   -0.17    3.36   -0.89    6.41   32.55
G-C     0.00    0.00    0.00    0.00    0.00    0.00    0.00   -0.01    3.35   -0.90    3.41   34.14
A-T     0.00    0.00    0.00    0.00    0.00    0.00   -0.03    0.21    3.34   -0.67    0.03   35.95
T-A     0.00    0.00    0.00    0.00    0.00    0.00   -0.05    0.40    3.32   -0.25   -2.68   37.36
A-T     0.00    0.00    0.00    0.00    0.00    0.00   -0.05    0.52    3.29    0.23   -3.86   37.91
T-A     0.00    0.00    0.00    0.00    0.00    0.00   -0.03    0.52    3.28    0.60   -3.16   37.40
T-A     0.00    0.00    0.00    0.00    0.00    0.00    0.00    0.40    3.28    0.73   -0.79   36.02
G-C     0.00    0.00    0.00    0.00    0.00    0.00    0.03    0.21    3.30    0.56    2.49   34.24
A-T     0.00    0.00    0.00    0.00    0.00    0.00    0.04    0.01    3.32    0.13    5.67   32.67
T-A     0.00    0.00    0.00    0.00    0.00    0.00    0.04   -0.13    3.35   -0.42    7.73   31.84
