 146 base-pairs
   0  ***local base-pair & step parameters***
       Shear  Stretch  Stagger Buckle Prop-Tw Opening   Shift  Slide    Rise    Tilt    Roll   Twist
A-T     0.00    0.00    0.00    0.00    0.00    0.00    0.00    0.00    0.00    0.00    0.00    0.00
T-A     0.00    0.00    0.00    0.00    0.00    0.00    0.01   -0.42    3.30   -0.99    8.17   31.47
C-G     0.00    0.00    0.00    0.00    0.00    0.00   -0.02   -0.34    3.31   -1.23    6.49   32.64
A-T     0.00    0.00    0.00    0.00    0.00    0.00   -0.04   -0.17    3.29   -1.14    3.39   34.37
A-T     0.00    0.00    0.00    0.00    0.00    0.00   -0.05    0.02    3.27   -0.73   -0.19   36.09
T-A     0.00    0.00    0.00    0.00    0.00    0.00   -0.04    0.19    3.24   -0.13   -3.09   37.20
A-T     0.00    0.00    0.00    0.00    0.00    0.00    0.00    0.26    3.23    0.47   -4.36   37.34
T-A     0.00    0.00    0.00    0.00    0.00    0.00    0.04    0.22    3.23    0.87   -3.52   36.46
C-G     0.00    0.00    0.00    0.00    0.00    0.00    0.07    0.09    3.24    0.93   -0.79   34.86
C-G     0.00    0.00    0.00    0.00    0.00    0.00    0.08   -0.10    3.27    0.64    2.98   33.09
A-T     0.00    0.00    0.00    0.00    0.00    0.00    0.06   -0.27    3.29    0.09    6.55   31.78
C-G     0.00    0.00    0.00    0.00    0.00    0.00    0.03   -0.37    3.31   -0.55    8.68   31.39
C-G     0.00    0.00    0.00    0.00    0.00    0.00   -0.01   -0.36    3.32   -1.03    8.59   32.06
T-A     0.00    0.00    0.00    0.00    0.00    0.00   -0.04   -0.24    3.31   -1.21    6.20   33.60
G-C     0.00    0.00    0.00    0.00    0.00    0.00   -0.05   -0.05    3.30   -1.00    2.25   35.47
C-G     0.00    0.00    0.00    0.00    0.00    0.00   -0.02    0.15    3.27   -0.47   -1.98   37.04
A-T     0.00    0.00    0.00    0.00    0.00    0.00    0.02    0.28    3.26    0.21   -5.03   37.77
G-C     0.00    0.00    0.00    0.00    0.00    0.00    0.07    0.31    3.25    0.83   -5.80   37.40
A-T     0.00    0.00    0.00    0.00    0.00    0.00    0.11    0.22    3.26    1.17   -3.94   36.06
T-A     0.00    0.00    0.00    0.00    0.00    0.00    0.12    0.05    3.28    1.13   -0.01   34.21
T-A     0.00    0.00    0.00    0.00    0.00    0.00    0.09   -0.14    3.31    0.73    4.64   32.51
C-G     0.00    0.00    0.00    0.00    0.00    0.00    0.05   -0.28    3.33    0.10    8.40   31.57
T-A     0.00    0.00    0.00    0.00    0.00    0.00    0.00   -0.32    3.34   -0.54    9.88   31.75
A-T     0.00    0.00    0.00    0.00    0.00    0.00   -0.04   -0.24    3.34   -0.98    8.47   33.01
C-G     0.00    0.00    0.00    0.00    0.00    0.00   -0.05   -0.05    3.32   -1.07    4.58   34.92
C-G     0.00    0.00    0.00    0.00    0.00    0.00   -0.02    0.17    3.31   -0.78   -0.47   36.82
A-T     0.00    0.00    0.00    0.00    0.00    0.00    0.03    0.35    3.30   -0.20   -4.92   38.05
A-T     0.00    0.00    0.00    0.00    0.00    0.00    0.08    0.42    3.29    0.48   -7.14   38.17
A-T     0.00    0.00    0.00    0.00    0.00    0.00    0.13    0.37    3.30    1.04   -6.28   37.13
A-T     0.00    0.00    0.00    0.00    0.00    0.00    0.14    0.21    3.31    1.30   -2.58   35.29
G-C     0.00    0.00    0.00    0.00    0.00    0.00    0.12    0.00    3.33    1.18    2.67   33.32
T-A     0.00    0.00    0.00    0.00    0.00    0.00    0.08   -0.18    3.34    0.73    7.59   31.94
G-C     0.00    0.00    0.00    0.00    0.00    0.00    0.02   -0.26    3.35    0.11   10.38   31.65
T-A     0.00    0.00    0.00    0.00    0.00    0.00   -0.03   -0.20    3.35   -0.50    9.97   32.60
A-T     0.00    0.00    0.00    0.00    0.00    0.00   -0.04   -0.01    3.35   -0.88    6.45   34.45
T-A     0.00    0.00    0.00    0.00    0.00    0.00   -0.03    0.23    3.34   -0.91    1.05   36.57
T-A     0.00    0.00    0.00    0.00    0.00    0.00    0.02    0.45    3.33   -0.60   -4.28   38.19
T-A     0.00    0.00    0.00    0.00    0.00    0.00    0.08    0.57    3.33   -0.04   -7.59   38.74
G-C     0.00    0.00    0.00    0.00    0.00    0.00    0.13    0.54    3.34    0.59   -7.64   38.00
G-C     0.00    0.00    0.00    0.00    0.00    0.00    0.15    0.37    3.35    1.08   -4.36   36.24
A-T     0.00    0.00    0.00    0.00    0.00    0.00    0.13    0.13    3.35    1.29    1.06   34.10
A-T     0.00    0.00    0.00    0.00    0.00    0.00    0.09   -0.09    3.36    1.15    6.65   32.36
A-T     0.00    0.00    0.00    0.00    0.00    0.00    0.04   -0.20    3.36    0.71   10.33   31.67
C-G     0.00    0.00    0.00    0.00    0.00    0.00   -0.01   -0.15    3.36    0.12   10.73   32.31
T-A     0.00    0.00    0.00    0.00    0.00    0.00   -0.04    0.04    3.36   -0.44    7.67   34.05
G-C     0.00    0.00    0.00    0.00    0.00    0.00   -0.03    0.31    3.36   -0.79    2.28   36.29
C-G     0.00    0.00    0.00    0.00    0.00    0.00    0.00    0.58    3.36   -0.82   -3.47   38.20
T-A     0.00    0.00    0.00    0.00    0.00    0.00    0.05    0.73    3.37   -0.53   -7.42   39.10
C-G     0.00    0.00    0.00    0.00    0.00    0.00    0.10    0.71    3.38   -0.02   -8.09   38.64
C-G     0.00    0.00    0.00    0.00    0.00    0.00    0.13    0.53    3.38    0.55   -5.23   37.00
A-T     0.00    0.00    0.00    0.00    0.00    0.00    0.12    0.26    3.38    1.00    0.11   34.76
T-A     0.00    0.00    0.00    0.00    0.00    0.00    0.10   -0.01    3.37    1.19    5.94   32.75
C-G     0.00    0.00    0.00    0.00    0.00    0.00    0.05   -0.16    3.37    1.06   10.07   31.72
A-T     0.00    0.00    0.00    0.00    0.00    0.00    0.01   -0.13    3.36    0.65   10.96   32.06
A-T     0.00    0.00    0.00    0.00    0.00    0.00   -0.02    0.06    3.36    0.09    8.29   33.66
A-T     0.00    0.00    0.00    0.00    0.00    0.00   -0.03    0.37    3.37   -0.44    3.05   35.94
A-T     0.00    0.00    0.00    0.00    0.00    0.00   -0.01    0.68    3.38   -0.79   -2.76   38.07
G-C     0.00    0.00    0.00    0.00    0.00    0.00    0.02    0.87    3.39   -0.84   -6.96   39.26
G-C     0.00    0.00    0.00    0.00    0.00    0.00    0.05    0.87    3.41   -0.59   -7.94   39.07
C-G     0.00    0.00    0.00    0.00    0.00    0.00    0.08    0.69    3.41   -0.11   -5.35   37.55
A-T     0.00    0.00    0.00    0.00    0.00    0.00    0.09    0.38    3.40    0.43   -0.16   35.27
T-A     0.00    0.00    0.00    0.00    0.00    0.00    0.08    0.06    3.39    0.86    5.66   33.06
G-C     0.00    0.00    0.00    0.00    0.00    0.00    0.05   -0.14    3.37    1.05    9.91   31.74
T-A     0.00    0.00    0.00    0.00    0.00    0.00    0.02   -0.15    3.36    0.93   11.00   31.80
T-A     0.00    0.00    0.00    0.00    0.00    0.00   -0.01    0.04    3.35    0.53    8.53   33.23
C-G     0.00    0.00    0.00    0.00    0.00    0.00   -0.02    0.37    3.36   -0.02    3.45   35.49
A-T     0.00    0.00    0.00    0.00    0.00    0.00   -0.03    0.72    3.38   -0.54   -2.28   37.77
G-C     0.00    0.00    0.00    0.00    0.00    0.00   -0.01    0.96    3.40   -0.89   -6.48   39.21
C-G     0.00    0.00    0.00    0.00    0.00    0.00    0.00    1.00    3.42   -0.94   -7.54   39.28
T-A     0.00    0.00    0.00    0.00    0.00    0.00    0.02    0.83    3.42   -0.70   -5.06   37.93
G-C     0.00    0.00    0.00    0.00    0.00    0.00    0.03    0.50    3.41   -0.24    0.02   35.67
A-T     0.00    0.00    0.00    0.00    0.00    0.00    0.04    0.13    3.40    0.28    5.76   33.31
A-T     0.00    0.00    0.00    0.00    0.00    0.00    0.03   -0.13    3.37    0.69    9.99   31.72
T-A     0.00    0.00    0.00    0.00    0.00    0.00    0.02   -0.20    3.35    0.85   11.10   31.50
T-A     0.00    0.00    0.00    0.00    0.00    0.00    0.00   -0.04    3.34    0.71    8.70   32.71
C-G     0.00    0.00    0.00    0.00    0.00    0.00   -0.01    0.30    3.34    0.32    3.72   34.91
A-T     0.00    0.00    0.00    0.00    0.00    0.00   -0.03    0.68    3.36   -0.21   -1.93   37.28
G-C     0.00    0.00    0.00    0.00    0.00    0.00   -0.04    0.97    3.38   -0.71   -6.08   38.95
C-G     0.00    0.00    0.00    0.00    0.00    0.00   -0.04    1.06    3.40   -1.01   -7.15   39.29
T-A     0.00    0.00    0.00    0.00    0.00    0.00   -0.04    0.92    3.41   -1.04   -4.73   38.16
G-C     0.00    0.00    0.00    0.00    0.00    0.00   -0.03    0.59    3.41   -0.79    0.28   35.98
A-T     0.00    0.00    0.00    0.00    0.00    0.00   -0.01    0.19    3.39   -0.35    5.96   33.54
A-T     0.00    0.00    0.00    0.00    0.00    0.00    0.00   -0.13    3.37    0.12   10.17   31.72
C-G     0.00    0.00    0.00    0.00    0.00    0.00    0.01   -0.26    3.34    0.47   11.34   31.18
A-T     0.00    0.00    0.00    0.00    0.00    0.00    0.01   -0.15    3.32    0.58    9.04   32.12
T-A     0.00    0.00    0.00    0.00    0.00    0.00    0.00    0.16    3.32    0.41    4.15   34.17
G-C     0.00    0.00    0.00    0.00    0.00    0.00   -0.02    0.55    3.34    0.03   -1.45   36.57
C-G     0.00    0.00    0.00    0.00    0.00    0.00   -0.05    0.88    3.35   -0.43   -5.64   38.44
C-G     0.00    0.00    0.00    0.00    0.00    0.00   -0.07    1.04    3.37   -0.84   -6.84   39.09
T-A     0.00    0.00    0.00    0.00    0.00    0.00   -0.08    0.95    3.39   -1.07   -4.59   38.27
T-A     0.00    0.00    0.00    0.00    0.00    0.00   -0.08    0.65    3.39   -1.05    0.25   36.27
T-A     0.00    0.00    0.00    0.00    0.00    0.00   -0.06    0.25    3.37   -0.80    5.87   33.83
T-A     0.00    0.00    0.00    0.00    0.00    0.00   -0.04   -0.11    3.35   -0.44   10.17   31.81
G-C     0.00    0.00    0.00    0.00    0.00    0.00   -0.01   -0.31    3.33   -0.07   11.56   30.95
A-T     0.00    0.00    0.00    0.00    0.00    0.00    0.01   -0.27    3.31    0.17    9.56   31.53
T-A     0.00    0.00    0.00    0.00    0.00    0.00    0.01   -0.02    3.31    0.22    4.93   33.32
G-C     0.00    0.00    0.00    0.00    0.00    0.00   -0.01    0.35    3.31    0.06   -0.57   35.67
G-C     0.00    0.00    0.00    0.00    0.00    0.00   -0.05    0.70    3.32   -0.24   -4.89   37.70
A-T     0.00    0.00    0.00    0.00    0.00    0.00   -0.08    0.91    3.34   -0.57   -6.45   38.68
G-C     0.00    0.00    0.00    0.00    0.00    0.00   -0.11    0.90    3.35   -0.84   -4.67   38.25
C-G     0.00    0.00    0.00    0.00    0.00    0.00   -0.12    0.67    3.35   -0.97   -0.26   36.56
A-T     0.00    0.00    0.00    0.00    0.00    0.00   -0.10    0.30    3.34   -0.94    5.16   34.24
G-C     0.00    0.00    0.00    0.00    0.00    0.00   -0.07   -0.07    3.33   -0.77    9.59   32.10
T-A     0.00    0.00    0.00    0.00    0.00    0.00   -0.03   -0.32    3.31   -0.54   11.44   30.90
T-A     0.00    0.00    0.00    0.00    0.00    0.00    0.00   -0.37    3.30   -0.32   10.07   31.05
T-A     0.00    0.00    0.00    0.00    0.00    0.00    0.01   -0.20    3.29   -0.18    6.05   32.47
C-G     0.00    0.00    0.00    0.00    0.00    0.00    0.00    0.11    3.29   -0.16    0.86   34.63
C-G     0.00    0.00    0.00    0.00    0.00    0.00   -0.04    0.46    3.30   -0.23   -3.59   36.74
A-T     0.00    0.00    0.00    0.00    0.00    0.00   -0.08    0.71    3.30   -0.37   -5.71   38.05
A-T     0.00    0.00    0.00    0.00    0.00    0.00   -0.11    0.77    3.30   -0.53   -4.78   38.08
A-T     0.00    0.00    0.00    0.00    0.00    0.00   -0.13    0.63    3.30   -0.66   -1.21   36.84
T-A     0.00    0.00    0.00    0.00    0.00    0.00   -0.12    0.33    3.30   -0.74    3.70   34.78
A-T     0.00    0.00    0.00    0.00    0.00    0.00   -0.08   -0.02    3.29   -0.76    8.15   32.62
C-G     0.00    0.00    0.00    0.00    0.00    0.00   -0.04   -0.30    3.29   -0.75   10.61   31.12
A-T     0.00    0.00    0.00    0.00    0.00    0.00   -0.01   -0.42    3.29   -0.70   10.24   30.79
C-G     0.00    0.00    0.00    0.00    0.00    0.00    0.01   -0.35    3.29   -0.63    7.26   31.73
T-A     0.00    0.00    0.00    0.00    0.00    0.00    0.00   -0.12    3.29   -0.54    2.78   33.57
T-A     0.00    0.00    0.00    0.00    0.00    0.00   -0.03    0.19    3.28   -0.45   -1.59   35.65
T-A     0.00    0.00    0.00    0.00    0.00    0.00   -0.07    0.45    3.28   -0.36   -4.35   37.23
T-A     0.00    0.00    0.00    0.00    0.00    0.00   -0.10    0.58    3.27   -0.29   -4.60   37.76
G-C     0.00    0.00    0.00    0.00    0.00    0.00   -0.12    0.53    3.26   -0.27   -2.32   37.08
G-C     0.00    0.00    0.00    0.00    0.00    0.00   -0.11    0.33    3.26   -0.31    1.61   35.42
T-A     0.00    0.00    0.00    0.00    0.00    0.00   -0.08    0.04    3.26   -0.43    5.81   33.39
A-T     0.00    0.00    0.00    0.00    0.00    0.00   -0.04   -0.24    3.27   -0.60    8.83   31.67
G-C     0.00    0.00    0.00    0.00    0.00    0.00   -0.01   -0.41    3.28   -0.78    9.70   30.87
A-T     0.00    0.00    0.00    0.00    0.00    0.00    0.01   -0.43    3.28   -0.91    8.20   31.23
A-T     0.00    0.00    0.00    0.00    0.00    0.00    0.00   -0.29    3.29   -0.92    4.91   32.61
T-A     0.00    0.00    0.00    0.00    0.00    0.00   -0.02   -0.06    3.28   -0.80    0.98   34.52
C-G     0.00    0.00    0.00    0.00    0.00    0.00   -0.06    0.19    3.27   -0.55   -2.28   36.28
T-A     0.00    0.00    0.00    0.00    0.00    0.00   -0.08    0.37    3.25   -0.25   -3.82   37.30
G-C     0.00    0.00    0.00    0.00    0.00    0.00   -0.09    0.41    3.24    0.01   -3.21   37.23
C-G     0.00    0.00    0.00    0.00    0.00    0.00   -0.08    0.31    3.23    0.15   -0.73   36.12
A-T     0.00    0.00    0.00    0.00    0.00    0.00   -0.05    0.10    3.23    0.09    2.77   34.35
G-C     0.00    0.00    0.00    0.00    0.00    0.00   -0.02   -0.14    3.25   -0.16    6.11   32.54
G-C     0.00    0.00    0.00    0.00    0.00    0.00    0.01   -0.34    3.27   -0.52    8.24   31.31
T-A     0.00    0.00    0.00    0.00    0.00    0.00    0.02   -0.44    3.28   -0.88    8.49   31.07
G-C     0.00    0.00    0.00    0.00    0.00    0.00    0.00   -0.39    3.29   -1.11    6.84   31.89
G-C     0.00    0.00    0.00    0.00    0.00    0.00   -0.02   -0.24    3.29   -1.12    3.82   33.48
A-T     0.00    0.00    0.00    0.00    0.00    0.00   -0.05   -0.03    3.27   -0.87    0.41   35.30
T-A     0.00    0.00    0.00    0.00    0.00    0.00   -0.07    0.17    3.25   -0.43   -2.32   36.72
A-T     0.00    0.00    0.00    0.00    0.00    0.00   -0.06    0.28    3.23    0.06   -3.53   37.27
T-A     0.00    0.00    0.00    0.00    0.00    0.00   -0.04    0.28    3.22    0.44   -2.85   36.78
T-A     0.00    0.00    0.00    0.00    0.00    0.00   -0.01    0.16    3.22    0.59   -0.52   35.41
G-C     0.00    0.00    0.00    0.00    0.00    0.00    0.02   -0.03    3.24    0.43    2.75   33.64
A-T     0.00    0.00    0.00    0.00    0.00    0.00    0.04   -0.23    3.26    0.02    5.90   32.08
T-A     0.00    0.00    0.00    0.00    0.00    0.00    0.03   -0.38    3.29   -0.52    7.93   31.26
