 146 base-pairs
   0  ***local base-pair & step parameters***
       Shear  Stretch  Stagger Buckle Prop-Tw Opening   Shift  Slide    Rise    Tilt    Roll   Twist
A-T     0.00    0.00    0.00    0.00    0.00    0.00    0.00    0.00    0.00    0.00    0.00    0.00
T-A     0.00    0.00    0.00    0.00    0.00    0.00    0.04   -0.15    3.34   -0.16    6.59   32.29
C-G     0.00    0.00    0.00    0.00    0.00    0.00   -0.01   -0.03    3.34   -0.47    5.39   33.42
A-T     0.00    0.00    0.00    0.00    0.00    0.00   -0.06    0.16    3.34   -0.67    3.06   35.04
A-T     0.00    0.00    0.00    0.00    0.00    0.00   -0.08    0.36    3.32   -0.68    0.33   36.60
T-A     0.00    0.00    0.00    0.00    0.00    0.00   -0.08    0.49    3.31   -0.51   -1.91   37.56
A-T     0.00    0.00    0.00    0.00    0.00    0.00   -0.04    0.52    3.30   -0.21   -2.90   37.58
T-A     0.00    0.00    0.00    0.00    0.00    0.00    0.00    0.43    3.30    0.10   -2.24   36.65
C-G     0.00    0.00    0.00    0.00    0.00    0.00    0.05    0.26    3.31    0.30   -0.08   35.07
C-G     0.00    0.00    0.00    0.00    0.00    0.00    0.08    0.05    3.32    0.33    2.91   33.40
A-T     0.00    0.00    0.00    0.00    0.00    0.00    0.07   -0.12    3.33    0.18    5.74   32.21
C-G     0.00    0.00    0.00    0.00    0.00    0.00    0.04   -0.19    3.34   -0.09    7.42   31.92
C-G     0.00    0.00    0.00    0.00    0.00    0.00   -0.01   -0.13    3.34   -0.39    7.30   32.64
T-A     0.00    0.00    0.00    0.00    0.00    0.00   -0.06    0.03    3.33   -0.60    5.33   34.14
G-C     0.00    0.00    0.00    0.00    0.00    0.00   -0.08    0.24    3.32   -0.65    2.12   35.91
C-G     0.00    0.00    0.00    0.00    0.00    0.00   -0.08    0.44    3.31   -0.53   -1.26   37.32
A-T     0.00    0.00    0.00    0.00    0.00    0.00   -0.04    0.55    3.30   -0.28   -3.61   37.88
G-C     0.00    0.00    0.00    0.00    0.00    0.00    0.00    0.53    3.30    0.01   -4.03   37.38
A-T     0.00    0.00    0.00    0.00    0.00    0.00    0.05    0.38    3.31    0.22   -2.28   35.96
T-A     0.00    0.00    0.00    0.00    0.00    0.00    0.07    0.16    3.33    0.29    1.11   34.13
T-A     0.00    0.00    0.00    0.00    0.00    0.00    0.07   -0.06    3.34    0.19    5.00   32.51
C-G     0.00    0.00    0.00    0.00    0.00    0.00    0.04   -0.20    3.34   -0.03    8.00   31.69
T-A     0.00    0.00    0.00    0.00    0.00    0.00   -0.01   -0.22    3.34   -0.30    8.96   31.97
A-T     0.00    0.00    0.00    0.00    0.00    0.00   -0.05   -0.10    3.33   -0.51    7.45   33.28
C-G     0.00    0.00    0.00    0.00    0.00    0.00   -0.08    0.13    3.31   -0.60    3.91   35.16
C-G     0.00    0.00    0.00    0.00    0.00    0.00   -0.07    0.37    3.30   -0.53   -0.45   36.97
A-T     0.00    0.00    0.00    0.00    0.00    0.00   -0.04    0.55    3.30   -0.34   -4.05   38.04
A-T     0.00    0.00    0.00    0.00    0.00    0.00    0.00    0.60    3.30   -0.09   -5.54   37.99
A-T     0.00    0.00    0.00    0.00    0.00    0.00    0.05    0.50    3.31    0.12   -4.29   36.80
A-T     0.00    0.00    0.00    0.00    0.00    0.00    0.07    0.28    3.33    0.23   -0.64   34.88
G-C     0.00    0.00    0.00    0.00    0.00    0.00    0.06    0.01    3.34    0.19    4.13   32.91
T-A     0.00    0.00    0.00    0.00    0.00    0.00    0.03   -0.20    3.34    0.03    8.30   31.60
G-C     0.00    0.00    0.00    0.00    0.00    0.00   -0.01   -0.29    3.34   -0.20   10.30   31.43
T-A     0.00    0.00    0.00    0.00    0.00    0.00   -0.05   -0.21    3.33   -0.41    9.31   32.48
A-T     0.00    0.00    0.00    0.00    0.00    0.00   -0.07    0.01    3.31   -0.53    5.61   34.40
T-A     0.00    0.00    0.00    0.00    0.00    0.00   -0.06    0.30    3.30   -0.52    0.48   36.51
T-A     0.00    0.00    0.00    0.00    0.00    0.00   -0.04    0.54    3.30   -0.39   -4.21   38.05
T-A     0.00    0.00    0.00    0.00    0.00    0.00    0.00    0.66    3.31   -0.19   -6.70   38.45
G-C     0.00    0.00    0.00    0.00    0.00    0.00    0.04    0.60    3.32    0.01   -5.99   37.54
G-C     0.00    0.00    0.00    0.00    0.00    0.00    0.06    0.39    3.33    0.14   -2.27   35.64
A-T     0.00    0.00    0.00    0.00    0.00    0.00    0.05    0.09    3.34    0.17    3.16   33.41
A-T     0.00    0.00    0.00    0.00    0.00    0.00    0.03   -0.18    3.34    0.07    8.31   31.67
A-T     0.00    0.00    0.00    0.00    0.00    0.00   -0.01   -0.33    3.34   -0.10   11.25   31.05
C-G     0.00    0.00    0.00    0.00    0.00    0.00   -0.04   -0.30    3.32   -0.29   10.84   31.80
T-A     0.00    0.00    0.00    0.00    0.00    0.00   -0.06   -0.09    3.31   -0.44    7.14   33.67
G-C     0.00    0.00    0.00    0.00    0.00    0.00   -0.05    0.22    3.30   -0.49    1.48   35.98
C-G     0.00    0.00    0.00    0.00    0.00    0.00   -0.03    0.52    3.30   -0.43   -4.08   37.91
T-A     0.00    0.00    0.00    0.00    0.00    0.00    0.00    0.69    3.31   -0.29   -7.44   38.74
C-G     0.00    0.00    0.00    0.00    0.00    0.00    0.03    0.69    3.32   -0.11   -7.32   38.16
C-G     0.00    0.00    0.00    0.00    0.00    0.00    0.05    0.49    3.34    0.05   -3.69   36.35
A-T     0.00    0.00    0.00    0.00    0.00    0.00    0.04    0.17    3.34    0.13    2.14   33.97
T-A     0.00    0.00    0.00    0.00    0.00    0.00    0.02   -0.15    3.34    0.11    8.03   31.88
C-G     0.00    0.00    0.00    0.00    0.00    0.00   -0.01   -0.35    3.33    0.00   11.78   30.85
A-T     0.00    0.00    0.00    0.00    0.00    0.00   -0.03   -0.37    3.32   -0.17   11.95   31.26
A-T     0.00    0.00    0.00    0.00    0.00    0.00   -0.05   -0.19    3.30   -0.33    8.44   32.98
A-T     0.00    0.00    0.00    0.00    0.00    0.00   -0.04    0.13    3.30   -0.44    2.51   35.40
A-T     0.00    0.00    0.00    0.00    0.00    0.00   -0.02    0.47    3.30   -0.46   -3.65   37.63
G-C     0.00    0.00    0.00    0.00    0.00    0.00    0.00    0.70    3.31   -0.38   -7.74   38.85
G-C     0.00    0.00    0.00    0.00    0.00    0.00    0.02    0.74    3.33   -0.23   -8.21   38.62
C-G     0.00    0.00    0.00    0.00    0.00    0.00    0.03    0.58    3.34   -0.06   -4.85   37.00
A-T     0.00    0.00    0.00    0.00    0.00    0.00    0.03    0.26    3.34    0.08    1.11   34.58
T-A     0.00    0.00    0.00    0.00    0.00    0.00    0.01   -0.10    3.34    0.13    7.47   32.23
G-C     0.00    0.00    0.00    0.00    0.00    0.00   -0.01   -0.35    3.33    0.09   11.85   30.83
T-A     0.00    0.00    0.00    0.00    0.00    0.00   -0.02   -0.42    3.31   -0.05   12.61   30.88
T-A     0.00    0.00    0.00    0.00    0.00    0.00   -0.03   -0.26    3.30   -0.22    9.44   32.38
C-G     0.00    0.00    0.00    0.00    0.00    0.00   -0.03    0.05    3.30   -0.38    3.52   34.78
A-T     0.00    0.00    0.00    0.00    0.00    0.00   -0.01    0.41    3.31   -0.48   -2.96   37.21
G-C     0.00    0.00    0.00    0.00    0.00    0.00    0.00    0.69    3.32   -0.47   -7.58   38.78
C-G     0.00    0.00    0.00    0.00    0.00    0.00    0.01    0.78    3.33   -0.35   -8.62   38.90
T-A     0.00    0.00    0.00    0.00    0.00    0.00    0.02    0.64    3.34   -0.17   -5.68   37.54
G-C     0.00    0.00    0.00    0.00    0.00    0.00    0.01    0.34    3.34    0.01    0.13   35.19
A-T     0.00    0.00    0.00    0.00    0.00    0.00    0.00   -0.03    3.33    0.14    6.66   32.71
A-T     0.00    0.00    0.00    0.00    0.00    0.00    0.00   -0.32    3.32    0.16   11.46   31.00
T-A     0.00    0.00    0.00    0.00    0.00    0.00   -0.01   -0.43    3.31    0.07   12.77   30.69
T-A     0.00    0.00    0.00    0.00    0.00    0.00   -0.01   -0.32    3.30   -0.11   10.09   31.90
C-G     0.00    0.00    0.00    0.00    0.00    0.00   -0.01   -0.02    3.30   -0.32    4.46   34.17
A-T     0.00    0.00    0.00    0.00    0.00    0.00   -0.01    0.35    3.31   -0.48   -2.04   36.68
G-C     0.00    0.00    0.00    0.00    0.00    0.00    0.00    0.65    3.32   -0.54   -6.97   38.51
C-G     0.00    0.00    0.00    0.00    0.00    0.00    0.00    0.78    3.33   -0.46   -8.53   39.00
T-A     0.00    0.00    0.00    0.00    0.00    0.00    0.00    0.69    3.34   -0.28   -6.15   37.96
G-C     0.00    0.00    0.00    0.00    0.00    0.00    0.00    0.41    3.34   -0.06   -0.76   35.79
A-T     0.00    0.00    0.00    0.00    0.00    0.00    0.00    0.04    3.33    0.14    5.63   33.28
A-T     0.00    0.00    0.00    0.00    0.00    0.00    0.00   -0.27    3.32    0.23   10.64   31.35
C-G     0.00    0.00    0.00    0.00    0.00    0.00    0.00   -0.42    3.31    0.18   12.43   30.70
A-T     0.00    0.00    0.00    0.00    0.00    0.00    0.00   -0.35    3.30    0.00   10.37   31.55
T-A     0.00    0.00    0.00    0.00    0.00    0.00    0.01   -0.09    3.30   -0.24    5.29   33.59
G-C     0.00    0.00    0.00    0.00    0.00    0.00    0.00    0.27    3.31   -0.46   -0.92   36.07
C-G     0.00    0.00    0.00    0.00    0.00    0.00    0.00    0.59    3.33   -0.59   -5.94   38.08
C-G     0.00    0.00    0.00    0.00    0.00    0.00   -0.01    0.76    3.34   -0.56   -7.94   38.90
T-A     0.00    0.00    0.00    0.00    0.00    0.00   -0.02    0.71    3.34   -0.39   -6.24   38.23
T-A     0.00    0.00    0.00    0.00    0.00    0.00   -0.02    0.47    3.34   -0.14   -1.51   36.34
T-A     0.00    0.00    0.00    0.00    0.00    0.00   -0.01    0.12    3.33    0.12    4.44   33.93
T-A     0.00    0.00    0.00    0.00    0.00    0.00    0.00   -0.20    3.31    0.27    9.41   31.86
G-C     0.00    0.00    0.00    0.00    0.00    0.00    0.01   -0.38    3.30    0.27   11.60   30.89
A-T     0.00    0.00    0.00    0.00    0.00    0.00    0.02   -0.36    3.30    0.10   10.26   31.36
T-A     0.00    0.00    0.00    0.00    0.00    0.00    0.02   -0.14    3.31   -0.16    5.96   33.07
G-C     0.00    0.00    0.00    0.00    0.00    0.00    0.01    0.19    3.32   -0.44    0.34   35.40
G-C     0.00    0.00    0.00    0.00    0.00    0.00   -0.01    0.51    3.33   -0.62   -4.53   37.50
A-T     0.00    0.00    0.00    0.00    0.00    0.00   -0.02    0.70    3.34   -0.64   -6.89   38.61
G-C     0.00    0.00    0.00    0.00    0.00    0.00   -0.03    0.70    3.34   -0.49   -5.93   38.34
C-G     0.00    0.00    0.00    0.00    0.00    0.00   -0.03    0.51    3.33   -0.21   -2.11   36.83
A-T     0.00    0.00    0.00    0.00    0.00    0.00   -0.02    0.20    3.32    0.08    3.13   34.61
G-C     0.00    0.00    0.00    0.00    0.00    0.00    0.00   -0.11    3.31    0.29    7.84   32.51
T-A     0.00    0.00    0.00    0.00    0.00    0.00    0.02   -0.32    3.30    0.34   10.33   31.27
T-A     0.00    0.00    0.00    0.00    0.00    0.00    0.04   -0.34    3.30    0.19    9.77   31.33
T-A     0.00    0.00    0.00    0.00    0.00    0.00    0.04   -0.18    3.31   -0.08    6.46   32.63
C-G     0.00    0.00    0.00    0.00    0.00    0.00    0.02    0.11    3.32   -0.40    1.67   34.70
C-G     0.00    0.00    0.00    0.00    0.00    0.00   -0.01    0.41    3.34   -0.63   -2.82   36.79
A-T     0.00    0.00    0.00    0.00    0.00    0.00   -0.03    0.63    3.34   -0.70   -5.42   38.14
A-T     0.00    0.00    0.00    0.00    0.00    0.00   -0.05    0.68    3.34   -0.57   -5.26   38.29
A-T     0.00    0.00    0.00    0.00    0.00    0.00   -0.05    0.54    3.33   -0.29   -2.50   37.22
T-A     0.00    0.00    0.00    0.00    0.00    0.00   -0.03    0.28    3.32    0.04    1.78   35.31
A-T     0.00    0.00    0.00    0.00    0.00    0.00    0.00   -0.01    3.30    0.29    6.00   33.27
C-G     0.00    0.00    0.00    0.00    0.00    0.00    0.03   -0.23    3.30    0.38    8.67   31.82
A-T     0.00    0.00    0.00    0.00    0.00    0.00    0.05   -0.30    3.31    0.27    8.92   31.46
C-G     0.00    0.00    0.00    0.00    0.00    0.00    0.05   -0.20    3.32   -0.01    6.75   32.30
T-A     0.00    0.00    0.00    0.00    0.00    0.00    0.03    0.03    3.33   -0.35    3.03   34.01
T-A     0.00    0.00    0.00    0.00    0.00    0.00   -0.01    0.30    3.34   -0.62   -0.87   35.98
T-A     0.00    0.00    0.00    0.00    0.00    0.00   -0.04    0.53    3.34   -0.73   -3.59   37.52
T-A     0.00    0.00    0.00    0.00    0.00    0.00   -0.06    0.62    3.34   -0.63   -4.24   38.08
G-C     0.00    0.00    0.00    0.00    0.00    0.00   -0.06    0.56    3.32   -0.36   -2.68   37.49
G-C     0.00    0.00    0.00    0.00    0.00    0.00   -0.03    0.36    3.31   -0.02    0.44   35.99
T-A     0.00    0.00    0.00    0.00    0.00    0.00    0.00    0.10    3.30    0.27    3.98   34.11
A-T     0.00    0.00    0.00    0.00    0.00    0.00    0.04   -0.13    3.30    0.40    6.71   32.51
G-C     0.00    0.00    0.00    0.00    0.00    0.00    0.06   -0.24    3.31    0.32    7.75   31.75
A-T     0.00    0.00    0.00    0.00    0.00    0.00    0.06   -0.21    3.32    0.06    6.82   32.08
A-T     0.00    0.00    0.00    0.00    0.00    0.00    0.03   -0.04    3.33   -0.29    4.34   33.36
T-A     0.00    0.00    0.00    0.00    0.00    0.00   -0.01    0.19    3.34   -0.59    1.21   35.13
C-G     0.00    0.00    0.00    0.00    0.00    0.00   -0.05    0.41    3.34   -0.74   -1.51   36.77
T-A     0.00    0.00    0.00    0.00    0.00    0.00   -0.07    0.55    3.33   -0.67   -2.93   37.71
G-C     0.00    0.00    0.00    0.00    0.00    0.00   -0.07    0.55    3.32   -0.42   -2.64   37.65
C-G     0.00    0.00    0.00    0.00    0.00    0.00   -0.04    0.43    3.31   -0.08   -0.83   36.61
A-T     0.00    0.00    0.00    0.00    0.00    0.00    0.00    0.21    3.30    0.23    1.86   34.97
G-C     0.00    0.00    0.00    0.00    0.00    0.00    0.05    0.00    3.30    0.39    4.52   33.31
G-C     0.00    0.00    0.00    0.00    0.00    0.00    0.07   -0.16    3.31    0.35    6.31   32.19
T-A     0.00    0.00    0.00    0.00    0.00    0.00    0.07   -0.20    3.33    0.11    6.67   31.99
G-C     0.00    0.00    0.00    0.00    0.00    0.00    0.04   -0.11    3.34   -0.23    5.55   32.78
G-C     0.00    0.00    0.00    0.00    0.00    0.00   -0.01    0.08    3.34   -0.54    3.33   34.26
A-T     0.00    0.00    0.00    0.00    0.00    0.00   -0.05    0.29    3.34   -0.72    0.75   35.93
T-A     0.00    0.00    0.00    0.00    0.00    0.00   -0.08    0.46    3.33   -0.69   -1.38   37.21
A-T     0.00    0.00    0.00    0.00    0.00    0.00   -0.07    0.53    3.31   -0.47   -2.38   37.67
T-A     0.00    0.00    0.00    0.00    0.00    0.00   -0.04    0.48    3.30   -0.15   -1.96   37.15
T-A     0.00    0.00    0.00    0.00    0.00    0.00    0.00    0.33    3.30    0.17   -0.24   35.83
G-C     0.00    0.00    0.00    0.00    0.00    0.00    0.05    0.12    3.30    0.36    2.23   34.18
A-T     0.00    0.00    0.00    0.00    0.00    0.00    0.07   -0.06    3.32    0.35    4.67   32.75
T-A     0.00    0.00    0.00    0.00    0.00    0.00    0.07   -0.16    3.33    0.16    6.30   32.04
