 146 base-pairs
   0  ***local base-pair & step parameters***
       Shear  Stretch  Stagger Buckle Prop-Tw Opening   Shift  Slide    Rise    Tilt    Roll   Twist
A-T     0.00    0.00    0.00    0.00    0.00    0.00    0.00    0.00    0.00    0.00    0.00    0.00
T-A     0.00    0.00    0.00    0.00    0.00    0.00   -0.07    0.01    3.25   -1.47    7.79   32.03
C-G     0.00    0.00    0.00    0.00    0.00    0.00   -0.11   -0.01    3.27   -1.92    5.53   33.03
A-T     0.00    0.00    0.00    0.00    0.00    0.00   -0.10    0.01    3.28   -1.73    2.25   34.56
A-T     0.00    0.00    0.00    0.00    0.00    0.00   -0.03    0.04    3.29   -0.97   -1.10   36.09
T-A     0.00    0.00    0.00    0.00    0.00    0.00    0.06    0.01    3.30    0.14   -3.50   37.06
A-T     0.00    0.00    0.00    0.00    0.00    0.00    0.14   -0.09    3.29    1.23   -4.23   37.04
T-A     0.00    0.00    0.00    0.00    0.00    0.00    0.17   -0.24    3.29    1.93   -3.03   35.98
C-G     0.00    0.00    0.00    0.00    0.00    0.00    0.13   -0.40    3.29    2.06   -0.19   34.15
C-G     0.00    0.00    0.00    0.00    0.00    0.00    0.06   -0.48    3.29    1.60    3.48   32.18
A-T     0.00    0.00    0.00    0.00    0.00    0.00   -0.03   -0.42    3.29    0.77    6.90   30.77
C-G     0.00    0.00    0.00    0.00    0.00    0.00   -0.08   -0.22    3.30   -0.14    8.99   30.48
C-G     0.00    0.00    0.00    0.00    0.00    0.00   -0.08    0.09    3.29   -0.80    9.04   31.48
T-A     0.00    0.00    0.00    0.00    0.00    0.00   -0.02    0.40    3.29   -1.02    6.90   33.52
G-C     0.00    0.00    0.00    0.00    0.00    0.00    0.07    0.61    3.27   -0.77    3.17   35.92
C-G     0.00    0.00    0.00    0.00    0.00    0.00    0.16    0.63    3.25   -0.17   -1.04   37.85
A-T     0.00    0.00    0.00    0.00    0.00    0.00    0.21    0.44    3.24    0.53   -4.36   38.59
G-C     0.00    0.00    0.00    0.00    0.00    0.00    0.20    0.08    3.24    1.11   -5.63   37.84
A-T     0.00    0.00    0.00    0.00    0.00    0.00    0.14   -0.33    3.26    1.38   -4.32   35.79
T-A     0.00    0.00    0.00    0.00    0.00    0.00    0.05   -0.68    3.28    1.33   -0.75   33.13
T-A     0.00    0.00    0.00    0.00    0.00    0.00   -0.01   -0.85    3.32    1.01    3.95   30.77
C-G     0.00    0.00    0.00    0.00    0.00    0.00   -0.04   -0.78    3.35    0.58    8.19   29.55
T-A     0.00    0.00    0.00    0.00    0.00    0.00   -0.02   -0.50    3.36    0.19   10.46   29.95
A-T     0.00    0.00    0.00    0.00    0.00    0.00    0.04   -0.08    3.35   -0.05    9.85   31.85
C-G     0.00    0.00    0.00    0.00    0.00    0.00    0.10    0.35    3.32   -0.10    6.46   34.64
C-G     0.00    0.00    0.00    0.00    0.00    0.00    0.15    0.68    3.28   -0.01    1.41   37.37
A-T     0.00    0.00    0.00    0.00    0.00    0.00    0.16    0.81    3.24    0.17   -3.55   39.13
A-T     0.00    0.00    0.00    0.00    0.00    0.00    0.13    0.71    3.23    0.36   -6.62   39.34
A-T     0.00    0.00    0.00    0.00    0.00    0.00    0.09    0.44    3.23    0.49   -6.62   37.96
A-T     0.00    0.00    0.00    0.00    0.00    0.00    0.05    0.06    3.26    0.54   -3.50   35.51
G-C     0.00    0.00    0.00    0.00    0.00    0.00    0.04   -0.31    3.30    0.50    1.66   32.86
T-A     0.00    0.00    0.00    0.00    0.00    0.00    0.04   -0.58    3.34    0.38    6.96   30.94
G-C     0.00    0.00    0.00    0.00    0.00    0.00    0.05   -0.68    3.37    0.20   10.40   30.38
T-A     0.00    0.00    0.00    0.00    0.00    0.00    0.07   -0.58    3.38    0.00   10.63   31.35
A-T     0.00    0.00    0.00    0.00    0.00    0.00    0.06   -0.32    3.36   -0.18    7.47   33.47
T-A     0.00    0.00    0.00    0.00    0.00    0.00    0.04    0.03    3.34   -0.28    2.05   35.98
T-A     0.00    0.00    0.00    0.00    0.00    0.00    0.02    0.39    3.31   -0.27   -3.63   38.03
T-A     0.00    0.00    0.00    0.00    0.00    0.00    0.01    0.67    3.30   -0.12   -7.42   38.97
G-C     0.00    0.00    0.00    0.00    0.00    0.00    0.02    0.80    3.30    0.12   -7.85   38.57
G-C     0.00    0.00    0.00    0.00    0.00    0.00    0.06    0.75    3.31    0.38   -4.71   37.09
A-T     0.00    0.00    0.00    0.00    0.00    0.00    0.10    0.54    3.32    0.54    0.83   35.13
A-T     0.00    0.00    0.00    0.00    0.00    0.00    0.13    0.23    3.34    0.49    6.66   33.43
A-T     0.00    0.00    0.00    0.00    0.00    0.00    0.12   -0.07    3.35    0.20   10.53   32.60
C-G     0.00    0.00    0.00    0.00    0.00    0.00    0.07   -0.29    3.35   -0.28   10.89   32.87
T-A     0.00    0.00    0.00    0.00    0.00    0.00   -0.01   -0.35    3.35   -0.82    7.54   34.08
G-C     0.00    0.00    0.00    0.00    0.00    0.00   -0.09   -0.23    3.35   -1.22    1.70   35.73
C-G     0.00    0.00    0.00    0.00    0.00    0.00   -0.13    0.02    3.36   -1.32   -4.42   37.20
T-A     0.00    0.00    0.00    0.00    0.00    0.00   -0.12    0.32    3.37   -1.04   -8.49   37.96
C-G     0.00    0.00    0.00    0.00    0.00    0.00   -0.04    0.58    3.39   -0.42   -8.94   37.78
C-G     0.00    0.00    0.00    0.00    0.00    0.00    0.06    0.70    3.41    0.33   -5.56   36.80
A-T     0.00    0.00    0.00    0.00    0.00    0.00    0.15    0.68    3.41    0.96    0.37   35.45
T-A     0.00    0.00    0.00    0.00    0.00    0.00    0.20    0.53    3.40    1.21    6.61   34.30
C-G     0.00    0.00    0.00    0.00    0.00    0.00    0.17    0.34    3.37    0.97   10.77   33.81
A-T     0.00    0.00    0.00    0.00    0.00    0.00    0.07    0.19    3.35    0.28   11.26   34.21
A-T     0.00    0.00    0.00    0.00    0.00    0.00   -0.06    0.15    3.33   -0.64    7.90   35.34
A-T     0.00    0.00    0.00    0.00    0.00    0.00   -0.16    0.24    3.34   -1.50    1.96   36.78
A-T     0.00    0.00    0.00    0.00    0.00    0.00   -0.21    0.41    3.36   -1.97   -4.30   37.95
G-C     0.00    0.00    0.00    0.00    0.00    0.00   -0.17    0.58    3.39   -1.90   -8.52   38.38
G-C     0.00    0.00    0.00    0.00    0.00    0.00   -0.07    0.65    3.43   -1.28   -9.10   37.84
C-G     0.00    0.00    0.00    0.00    0.00    0.00    0.06    0.58    3.45   -0.32   -5.88   36.47
A-T     0.00    0.00    0.00    0.00    0.00    0.00    0.16    0.39    3.46    0.67   -0.08   34.75
T-A     0.00    0.00    0.00    0.00    0.00    0.00    0.19    0.16    3.44    1.36    6.07   33.29
G-C     0.00    0.00    0.00    0.00    0.00    0.00    0.14   -0.01    3.41    1.54   10.28   32.67
T-A     0.00    0.00    0.00    0.00    0.00    0.00    0.04   -0.01    3.38    1.18   11.00   33.18
T-A     0.00    0.00    0.00    0.00    0.00    0.00   -0.07    0.20    3.36    0.43    8.05   34.72
C-G     0.00    0.00    0.00    0.00    0.00    0.00   -0.15    0.55    3.36   -0.45    2.64   36.79
A-T     0.00    0.00    0.00    0.00    0.00    0.00   -0.16    0.93    3.38   -1.14   -3.14   38.67
G-C     0.00    0.00    0.00    0.00    0.00    0.00   -0.11    1.19    3.40   -1.46   -7.07   39.65
C-G     0.00    0.00    0.00    0.00    0.00    0.00   -0.02    1.22    3.42   -1.32   -7.70   39.30
T-A     0.00    0.00    0.00    0.00    0.00    0.00    0.07    0.96    3.43   -0.81   -4.84   37.65
G-C     0.00    0.00    0.00    0.00    0.00    0.00    0.12    0.50    3.43   -0.13    0.36   35.18
A-T     0.00    0.00    0.00    0.00    0.00    0.00    0.11   -0.01    3.41    0.51    5.90   32.70
A-T     0.00    0.00    0.00    0.00    0.00    0.00    0.05   -0.38    3.38    0.94    9.70   31.07
T-A     0.00    0.00    0.00    0.00    0.00    0.00   -0.02   -0.47    3.37    1.07   10.37   30.88
T-A     0.00    0.00    0.00    0.00    0.00    0.00   -0.07   -0.23    3.37    0.93    7.76   32.25
C-G     0.00    0.00    0.00    0.00    0.00    0.00   -0.08    0.26    3.38    0.63    2.95   34.75
A-T     0.00    0.00    0.00    0.00    0.00    0.00   -0.04    0.82    3.41    0.27   -2.18   37.52
G-C     0.00    0.00    0.00    0.00    0.00    0.00    0.03    1.26    3.43   -0.05   -5.63   39.59
C-G     0.00    0.00    0.00    0.00    0.00    0.00    0.08    1.42    3.44   -0.25   -6.10   40.18
T-A     0.00    0.00    0.00    0.00    0.00    0.00    0.09    1.23    3.43   -0.34   -3.42   39.04
G-C     0.00    0.00    0.00    0.00    0.00    0.00    0.06    0.78    3.39   -0.32    1.39   36.53
A-T     0.00    0.00    0.00    0.00    0.00    0.00    0.00    0.22    3.35   -0.21    6.52   33.48
A-T     0.00    0.00    0.00    0.00    0.00    0.00   -0.07   -0.24    3.32   -0.04   10.05   30.94
C-G     0.00    0.00    0.00    0.00    0.00    0.00   -0.10   -0.44    3.30    0.17   10.68   29.80
A-T     0.00    0.00    0.00    0.00    0.00    0.00   -0.08   -0.33    3.30    0.39    8.22   30.44
T-A     0.00    0.00    0.00    0.00    0.00    0.00   -0.02    0.03    3.33    0.57    3.60   32.61
G-C     0.00    0.00    0.00    0.00    0.00    0.00    0.06    0.49    3.37    0.66   -1.44   35.52
C-G     0.00    0.00    0.00    0.00    0.00    0.00    0.13    0.87    3.41    0.62   -5.00   38.10
C-G     0.00    0.00    0.00    0.00    0.00    0.00    0.14    1.01    3.43    0.45   -5.76   39.41
T-A     0.00    0.00    0.00    0.00    0.00    0.00    0.09    0.89    3.42    0.19   -3.41   38.99
T-A     0.00    0.00    0.00    0.00    0.00    0.00    0.00    0.56    3.39   -0.09    1.22   37.01
T-A     0.00    0.00    0.00    0.00    0.00    0.00   -0.09    0.17    3.35   -0.30    6.46   34.22
T-A     0.00    0.00    0.00    0.00    0.00    0.00   -0.14   -0.13    3.31   -0.36   10.42   31.63
G-C     0.00    0.00    0.00    0.00    0.00    0.00   -0.13   -0.23    3.27   -0.28   11.70   30.19
A-T     0.00    0.00    0.00    0.00    0.00    0.00   -0.07   -0.09    3.26   -0.10    9.82   30.39
T-A     0.00    0.00    0.00    0.00    0.00    0.00    0.02    0.20    3.26    0.08    5.47   32.10
G-C     0.00    0.00    0.00    0.00    0.00    0.00    0.10    0.53    3.28    0.17    0.20   34.64
G-C     0.00    0.00    0.00    0.00    0.00    0.00    0.12    0.75    3.31    0.10   -4.10   37.03
A-T     0.00    0.00    0.00    0.00    0.00    0.00    0.08    0.76    3.33   -0.11   -5.91   38.37
G-C     0.00    0.00    0.00    0.00    0.00    0.00    0.00    0.55    3.35   -0.38   -4.59   38.17
C-G     0.00    0.00    0.00    0.00    0.00    0.00   -0.10    0.20    3.35   -0.60   -0.62   36.55
A-T     0.00    0.00    0.00    0.00    0.00    0.00   -0.16   -0.16    3.35   -0.67    4.61   34.15
G-C     0.00    0.00    0.00    0.00    0.00    0.00   -0.15   -0.40    3.34   -0.55    9.22   31.91
T-A     0.00    0.00    0.00    0.00    0.00    0.00   -0.09   -0.43    3.32   -0.31   11.61   30.66
T-A     0.00    0.00    0.00    0.00    0.00    0.00    0.00   -0.24    3.30   -0.06   10.94   30.87
T-A     0.00    0.00    0.00    0.00    0.00    0.00    0.07    0.10    3.27    0.06    7.48   32.42
C-G     0.00    0.00    0.00    0.00    0.00    0.00    0.09    0.48    3.25   -0.04    2.46   34.71
C-G     0.00    0.00    0.00    0.00    0.00    0.00    0.04    0.76    3.23   -0.38   -2.32   36.86
A-T     0.00    0.00    0.00    0.00    0.00    0.00   -0.06    0.86    3.23   -0.86   -5.21   38.08
A-T     0.00    0.00    0.00    0.00    0.00    0.00   -0.16    0.74    3.23   -1.31   -5.21   37.94
A-T     0.00    0.00    0.00    0.00    0.00    0.00   -0.22    0.43    3.25   -1.58   -2.38   36.52
T-A     0.00    0.00    0.00    0.00    0.00    0.00   -0.21    0.04    3.28   -1.55    2.21   34.37
A-T     0.00    0.00    0.00    0.00    0.00    0.00   -0.13   -0.34    3.31   -1.25    6.88   32.31
C-G     0.00    0.00    0.00    0.00    0.00    0.00   -0.02   -0.59    3.34   -0.79    9.97   31.07
A-T     0.00    0.00    0.00    0.00    0.00    0.00    0.08   -0.65    3.35   -0.35   10.40   31.09
C-G     0.00    0.00    0.00    0.00    0.00    0.00    0.11   -0.50    3.34   -0.08    8.04   32.32
T-A     0.00    0.00    0.00    0.00    0.00    0.00    0.06   -0.19    3.31   -0.10    3.81   34.30
T-A     0.00    0.00    0.00    0.00    0.00    0.00   -0.05    0.20    3.27   -0.38   -0.76   36.30
T-A     0.00    0.00    0.00    0.00    0.00    0.00   -0.18    0.57    3.23   -0.82   -4.03   37.64
T-A     0.00    0.00    0.00    0.00    0.00    0.00   -0.28    0.81    3.20   -1.24   -4.86   37.89
G-C     0.00    0.00    0.00    0.00    0.00    0.00   -0.30    0.86    3.20   -1.53   -3.02   37.01
G-C     0.00    0.00    0.00    0.00    0.00    0.00   -0.23    0.70    3.21   -1.61    0.74   35.36
T-A     0.00    0.00    0.00    0.00    0.00    0.00   -0.10    0.36    3.24   -1.50    5.02   33.54
A-T     0.00    0.00    0.00    0.00    0.00    0.00    0.03   -0.07    3.28   -1.29    8.24   32.17
G-C     0.00    0.00    0.00    0.00    0.00    0.00    0.12   -0.47    3.31   -1.08    9.25   31.67
A-T     0.00    0.00    0.00    0.00    0.00    0.00    0.12   -0.73    3.33   -0.94    7.73   32.15
A-T     0.00    0.00    0.00    0.00    0.00    0.00    0.03   -0.78    3.34   -0.87    4.27   33.42
T-A     0.00    0.00    0.00    0.00    0.00    0.00   -0.10   -0.60    3.33   -0.81    0.15   34.99
C-G     0.00    0.00    0.00    0.00    0.00    0.00   -0.22   -0.23    3.30   -0.71   -3.16   36.36
T-A     0.00    0.00    0.00    0.00    0.00    0.00   -0.28    0.21    3.27   -0.54   -4.51   37.08
G-C     0.00    0.00    0.00    0.00    0.00    0.00   -0.26    0.59    3.25   -0.34   -3.45   36.96
C-G     0.00    0.00    0.00    0.00    0.00    0.00   -0.16    0.80    3.23   -0.20   -0.44   36.09
A-T     0.00    0.00    0.00    0.00    0.00    0.00   -0.04    0.79    3.22   -0.24    3.44   34.76
G-C     0.00    0.00    0.00    0.00    0.00    0.00    0.07    0.55    3.23   -0.50    6.81   33.43
G-C     0.00    0.00    0.00    0.00    0.00    0.00    0.10    0.17    3.24   -0.96    8.52   32.52
T-A     0.00    0.00    0.00    0.00    0.00    0.00    0.07   -0.22    3.27   -1.45    8.02   32.30
G-C     0.00    0.00    0.00    0.00    0.00    0.00   -0.02   -0.51    3.29   -1.79    5.55   32.82
G-C     0.00    0.00    0.00    0.00    0.00    0.00   -0.11   -0.63    3.31   -1.77    1.96   33.89
A-T     0.00    0.00    0.00    0.00    0.00    0.00   -0.17   -0.54    3.32   -1.32   -1.53   35.16
T-A     0.00    0.00    0.00    0.00    0.00    0.00   -0.17   -0.32    3.32   -0.51   -3.77   36.18
A-T     0.00    0.00    0.00    0.00    0.00    0.00   -0.11   -0.04    3.31    0.43   -4.09   36.60
T-A     0.00    0.00    0.00    0.00    0.00    0.00   -0.01    0.18    3.30    1.19   -2.42   36.25
T-A     0.00    0.00    0.00    0.00    0.00    0.00    0.07    0.30    3.28    1.50    0.66   35.22
G-C     0.00    0.00    0.00    0.00    0.00    0.00    0.10    0.29    3.26    1.23    4.16   33.84
A-T     0.00    0.00    0.00    0.00    0.00    0.00    0.07    0.20    3.25    0.46    7.01   32.58
T-A     0.00    0.00    0.00    0.00    0.00    0.00    0.00    0.09    3.25   -0.56    8.34   31.88
