 146 base-pairs
   0  ***local base-pair & step parameters***
       Shear  Stretch  Stagger Buckle Prop-Tw Opening   Shift  Slide    Rise    Tilt    Roll   Twist
A-T     0.00    0.00    0.00    0.00    0.00    0.00    0.00    0.00    0.00    0.00    0.00    0.00
T-A     0.00    0.00    0.00    0.00    0.00    0.00    0.00    0.17    3.32   -0.17    2.07   34.83
C-G     0.00    0.00    0.00    0.00    0.00    0.00    0.00    0.17    3.32   -0.17    2.07   34.83
A-T     0.00    0.00    0.00    0.00    0.00    0.00    0.00    0.17    3.32   -0.17    2.07   34.83
A-T     0.00    0.00    0.00    0.00    0.00    0.00    0.00    0.17    3.32   -0.17    2.07   34.83
T-A     0.00    0.00    0.00    0.00    0.00    0.00    0.00    0.17    3.32   -0.17    2.07   34.83
A-T     0.00    0.00    0.00    0.00    0.00    0.00    0.00    0.17    3.32   -0.17    2.07   34.83
T-A     0.00    0.00    0.00    0.00    0.00    0.00    0.00    0.17    3.32   -0.17    2.07   34.83
C-G     0.00    0.00    0.00    0.00    0.00    0.00    0.00    0.17    3.32   -0.17    2.07   34.83
C-G     0.00    0.00    0.00    0.00    0.00    0.00    0.00    0.17    3.32   -0.17    2.07   34.83
A-T     0.00    0.00    0.00    0.00    0.00    0.00    0.00    0.17    3.32   -0.17    2.07   34.83
C-G     0.00    0.00    0.00    0.00    0.00    0.00    0.00    0.17    3.32   -0.17    2.07   34.83
C-G     0.00    0.00    0.00    0.00    0.00    0.00    0.00    0.17    3.32   -0.17    2.07   34.83
T-A     0.00    0.00    0.00    0.00    0.00    0.00    0.00    0.17    3.32   -0.17    2.07   34.83
G-C     0.00    0.00    0.00    0.00    0.00    0.00    0.00    0.17    3.32   -0.17    2.07   34.83
C-G     0.00    0.00    0.00    0.00    0.00    0.00    0.00    0.17    3.32   -0.17    2.07   34.83
A-T     0.00    0.00    0.00    0.00    0.00    0.00    0.00    0.17    3.32   -0.17    2.07   34.83
G-C     0.00    0.00    0.00    0.00    0.00    0.00    0.00    0.17    3.32   -0.17    2.07   34.83
A-T     0.00    0.00    0.00    0.00    0.00    0.00    0.00    0.17    3.32   -0.17    2.07   34.83
T-A     0.00    0.00    0.00    0.00    0.00    0.00    0.00    0.17    3.32   -0.17    2.07   34.83
T-A     0.00    0.00    0.00    0.00    0.00    0.00    0.00    0.17    3.32   -0.17    2.07   34.83
C-G     0.00    0.00    0.00    0.00    0.00    0.00    0.00    0.17    3.32   -0.17    2.07   34.83
T-A     0.00    0.00    0.00    0.00    0.00    0.00    0.00    0.17    3.32   -0.17    2.07   34.83
A-T     0.00    0.00    0.00    0.00    0.00    0.00    0.00    0.17    3.32   -0.17    2.07   34.83
C-G     0.00    0.00    0.00    0.00    0.00    0.00    0.00    0.17    3.32   -0.17    2.07   34.83
C-G     0.00    0.00    0.00    0.00    0.00    0.00    0.00    0.17    3.32   -0.17    2.07   34.83
A-T     0.00    0.00    0.00    0.00    0.00    0.00    0.00    0.17    3.32   -0.17    2.07   34.83
A-T     0.00    0.00    0.00    0.00    0.00    0.00    0.00    0.17    3.32   -0.17    2.07   34.83
A-T     0.00    0.00    0.00    0.00    0.00    0.00    0.00    0.17    3.32   -0.17    2.07   34.83
A-T     0.00    0.00    0.00    0.00    0.00    0.00    0.00    0.17    3.32   -0.17    2.07   34.83
G-C     0.00    0.00    0.00    0.00    0.00    0.00    0.00    0.17    3.32   -0.17    2.07   34.83
T-A     0.00    0.00    0.00    0.00    0.00    0.00    0.00    0.17    3.32   -0.17    2.07   34.83
G-C     0.00    0.00    0.00    0.00    0.00    0.00    0.00    0.17    3.32   -0.17    2.07   34.83
T-A     0.00    0.00    0.00    0.00    0.00    0.00    0.00    0.17    3.32   -0.17    2.07   34.83
A-T     0.00    0.00    0.00    0.00    0.00    0.00    0.00    0.17    3.32   -0.17    2.07   34.83
T-A     0.00    0.00    0.00    0.00    0.00    0.00    0.00    0.17    3.32   -0.17    2.07   34.83
T-A     0.00    0.00    0.00    0.00    0.00    0.00    0.00    0.17    3.32   -0.17    2.07   34.83
T-A     0.00    0.00    0.00    0.00    0.00    0.00    0.00    0.17    3.32   -0.17    2.07   34.83
G-C     0.00    0.00    0.00    0.00    0.00    0.00    0.00    0.17    3.32   -0.17    2.07   34.83
G-C     0.00    0.00    0.00    0.00    0.00    0.00    0.00    0.17    3.32   -0.17    2.07   34.83
A-T     0.00    0.00    0.00    0.00    0.00    0.00    0.00    0.17    3.32   -0.17    2.07   34.83
A-T     0.00    0.00    0.00    0.00    0.00    0.00    0.00    0.17    3.32   -0.17    2.07   34.83
A-T     0.00    0.00    0.00    0.00    0.00    0.00    0.00    0.17    3.32   -0.17    2.07   34.83
C-G     0.00    0.00    0.00    0.00    0.00    0.00    0.00    0.17    3.32   -0.17    2.07   34.83
T-A     0.00    0.00    0.00    0.00    0.00    0.00    0.00    0.17    3.32   -0.17    2.07   34.83
G-C     0.00    0.00    0.00    0.00    0.00    0.00    0.00    0.17    3.32   -0.17    2.07   34.83
C-G     0.00    0.00    0.00    0.00    0.00    0.00    0.00    0.17    3.32   -0.17    2.07   34.83
T-A     0.00    0.00    0.00    0.00    0.00    0.00    0.00    0.17    3.32   -0.17    2.07   34.83
C-G     0.00    0.00    0.00    0.00    0.00    0.00    0.00    0.17    3.32   -0.17    2.07   34.83
C-G     0.00    0.00    0.00    0.00    0.00    0.00    0.00    0.17    3.32   -0.17    2.07   34.83
A-T     0.00    0.00    0.00    0.00    0.00    0.00    0.00    0.17    3.32   -0.17    2.07   34.83
T-A     0.00    0.00    0.00    0.00    0.00    0.00    0.00    0.17    3.32   -0.17    2.07   34.83
C-G     0.00    0.00    0.00    0.00    0.00    0.00    0.00    0.17    3.32   -0.17    2.07   34.83
A-T     0.00    0.00    0.00    0.00    0.00    0.00    0.00    0.17    3.32   -0.17    2.07   34.83
A-T     0.00    0.00    0.00    0.00    0.00    0.00    0.00    0.17    3.32   -0.17    2.07   34.83
A-T     0.00    0.00    0.00    0.00    0.00    0.00    0.00    0.17    3.32   -0.17    2.07   34.83
A-T     0.00    0.00    0.00    0.00    0.00    0.00    0.00    0.17    3.32   -0.17    2.07   34.83
G-C     0.00    0.00    0.00    0.00    0.00    0.00    0.00    0.17    3.32   -0.17    2.07   34.83
G-C     0.00    0.00    0.00    0.00    0.00    0.00    0.00    0.17    3.32   -0.17    2.07   34.83
C-G     0.00    0.00    0.00    0.00    0.00    0.00    0.00    0.17    3.32   -0.17    2.07   34.83
A-T     0.00    0.00    0.00    0.00    0.00    0.00    0.00    0.17    3.32   -0.17    2.07   34.83
T-A     0.00    0.00    0.00    0.00    0.00    0.00    0.00    0.17    3.32   -0.17    2.07   34.83
G-C     0.00    0.00    0.00    0.00    0.00    0.00    0.00    0.17    3.32   -0.17    2.07   34.83
T-A     0.00    0.00    0.00    0.00    0.00    0.00    0.00    0.17    3.32   -0.17    2.07   34.83
T-A     0.00    0.00    0.00    0.00    0.00    0.00    0.00    0.17    3.32   -0.17    2.07   34.83
C-G     0.00    0.00    0.00    0.00    0.00    0.00    0.00    0.17    3.32   -0.17    2.07   34.83
A-T     0.00    0.00    0.00    0.00    0.00    0.00    0.00    0.17    3.32   -0.17    2.07   34.83
G-C     0.00    0.00    0.00    0.00    0.00    0.00    0.00    0.17    3.32   -0.17    2.07   34.83
C-G     0.00    0.00    0.00    0.00    0.00    0.00    0.00    0.17    3.32   -0.17    2.07   34.83
T-A     0.00    0.00    0.00    0.00    0.00    0.00    0.00    0.17    3.32   -0.17    2.07   34.83
G-C     0.00    0.00    0.00    0.00    0.00    0.00    0.00    0.17    3.32   -0.17    2.07   34.83
A-T     0.00    0.00    0.00    0.00    0.00    0.00    0.00    0.17    3.32   -0.17    2.07   34.83
A-T     0.00    0.00    0.00    0.00    0.00    0.00    0.00    0.17    3.32   -0.17    2.07   34.83
T-A     0.00    0.00    0.00    0.00    0.00    0.00    0.00    0.17    3.32   -0.17    2.07   34.83
T-A     0.00    0.00    0.00    0.00    0.00    0.00    0.00    0.17    3.32   -0.17    2.07   34.83
C-G     0.00    0.00    0.00    0.00    0.00    0.00    0.00    0.17    3.32   -0.17    2.07   34.83
A-T     0.00    0.00    0.00    0.00    0.00    0.00    0.00    0.17    3.32   -0.17    2.07   34.83
G-C     0.00    0.00    0.00    0.00    0.00    0.00    0.00    0.17    3.32   -0.17    2.07   34.83
C-G     0.00    0.00    0.00    0.00    0.00    0.00    0.00    0.17    3.32   -0.17    2.07   34.83
T-A     0.00    0.00    0.00    0.00    0.00    0.00    0.00    0.17    3.32   -0.17    2.07   34.83
G-C     0.00    0.00    0.00    0.00    0.00    0.00    0.00    0.17    3.32   -0.17    2.07   34.83
A-T     0.00    0.00    0.00    0.00    0.00    0.00    0.00    0.17    3.32   -0.17    2.07   34.83
A-T     0.00    0.00    0.00    0.00    0.00    0.00    0.00    0.17    3.32   -0.17    2.07   34.83
C-G     0.00    0.00    0.00    0.00    0.00    0.00    0.00    0.17    3.32   -0.17    2.07   34.83
A-T     0.00    0.00    0.00    0.00    0.00    0.00    0.00    0.17    3.32   -0.17    2.07   34.83
T-A     0.00    0.00    0.00    0.00    0.00    0.00    0.00    0.17    3.32   -0.17    2.07   34.83
G-C     0.00    0.00    0.00    0.00    0.00    0.00    0.00    0.17    3.32   -0.17    2.07   34.83
C-G     0.00    0.00    0.00    0.00    0.00    0.00    0.00    0.17    3.32   -0.17    2.07   34.83
C-G     0.00    0.00    0.00    0.00    0.00    0.00    0.00    0.17    3.32   -0.17    2.07   34.83
T-A     0.00    0.00    0.00    0.00    0.00    0.00    0.00    0.17    3.32   -0.17    2.07   34.83
T-A     0.00    0.00    0.00    0.00    0.00    0.00    0.00    0.17    3.32   -0.17    2.07   34.83
T-A     0.00    0.00    0.00    0.00    0.00    0.00    0.00    0.17    3.32   -0.17    2.07   34.83
T-A     0.00    0.00    0.00    0.00    0.00    0.00    0.00    0.17    3.32   -0.17    2.07   34.83
G-C     0.00    0.00    0.00    0.00    0.00    0.00    0.00    0.17    3.32   -0.17    2.07   34.83
A-T     0.00    0.00    0.00    0.00    0.00    0.00    0.00    0.17    3.32   -0.17    2.07   34.83
T-A     0.00    0.00    0.00    0.00    0.00    0.00    0.00    0.17    3.32   -0.17    2.07   34.83
G-C     0.00    0.00    0.00    0.00    0.00    0.00    0.00    0.17    3.32   -0.17    2.07   34.83
G-C     0.00    0.00    0.00    0.00    0.00    0.00    0.00    0.17    3.32   -0.17    2.07   34.83
A-T     0.00    0.00    0.00    0.00    0.00    0.00    0.00    0.17    3.32   -0.17    2.07   34.83
G-C     0.00    0.00    0.00    0.00    0.00    0.00    0.00    0.17    3.32   -0.17    2.07   34.83
C-G     0.00    0.00    0.00    0.00    0.00    0.00    0.00    0.17    3.32   -0.17    2.07   34.83
A-T     0.00    0.00    0.00    0.00    0.00    0.00    0.00    0.17    3.32   -0.17    2.07   34.83
G-C     0.00    0.00    0.00    0.00    0.00    0.00    0.00    0.17    3.32   -0.17    2.07   34.83
T-A     0.00    0.00    0.00    0.00    0.00    0.00    0.00    0.17    3.32   -0.17    2.07   34.83
T-A     0.00    0.00    0.00    0.00    0.00    0.00    0.00    0.17    3.32   -0.17    2.07   34.83
T-A     0.00    0.00    0.00    0.00    0.00    0.00    0.00    0.17    3.32   -0.17    2.07   34.83
C-G     0.00    0.00    0.00    0.00    0.00    0.00    0.00    0.17    3.32   -0.17    2.07   34.83
C-G     0.00    0.00    0.00    0.00    0.00    0.00    0.00    0.17    3.32   -0.17    2.07   34.83
A-T     0.00    0.00    0.00    0.00    0.00    0.00    0.00    0.17    3.32   -0.17    2.07   34.83
A-T     0.00    0.00    0.00    0.00    0.00    0.00    0.00    0.17    3.32   -0.17    2.07   34.83
A-T     0.00    0.00    0.00    0.00    0.00    0.00    0.00    0.17    3.32   -0.17    2.07   34.83
T-A     0.00    0.00    0.00    0.00    0.00    0.00    0.00    0.17    3.32   -0.17    2.07   34.83
A-T     0.00    0.00    0.00    0.00    0.00    0.00    0.00    0.17    3.32   -0.17    2.07   34.83
C-G     0.00    0.00    0.00    0.00    0.00    0.00    0.00    0.17    3.32   -0.17    2.07   34.83
A-T     0.00    0.00    0.00    0.00    0.00    0.00    0.00    0.17    3.32   -0.17    2.07   34.83
C-G     0.00    0.00    0.00    0.00    0.00    0.00    0.00    0.17    3.32   -0.17    2.07   34.83
T-A     0.00    0.00    0.00    0.00    0.00    0.00    0.00    0.17    3.32   -0.17    2.07   34.83
T-A     0.00    0.00    0.00    0.00    0.00    0.00    0.00    0.17    3.32   -0.17    2.07   34.83
T-A     0.00    0.00    0.00    0.00    0.00    0.00    0.00    0.17    3.32   -0.17    2.07   34.83
T-A     0.00    0.00    0.00    0.00    0.00    0.00    0.00    0.17    3.32   -0.17    2.07   34.83
G-C     0.00    0.00    0.00    0.00    0.00    0.00    0.00    0.17    3.32   -0.17    2.07   34.83
G-C     0.00    0.00    0.00    0.00    0.00    0.00    0.00    0.17    3.32   -0.17    2.07   34.83
T-A     0.00    0.00    0.00    0.00    0.00    0.00    0.00    0.17    3.32   -0.17    2.07   34.83
A-T     0.00    0.00    0.00    0.00    0.00    0.00    0.00    0.17    3.32   -0.17    2.07   34.83
G-C     0.00    0.00    0.00    0.00    0.00    0.00    0.00    0.17    3.32   -0.17    2.07   34.83
A-T     0.00    0.00    0.00    0.00    0.00    0.00    0.00    0.17    3.32   -0.17    2.07   34.83
A-T     0.00    0.00    0.00    0.00    0.00    0.00    0.00    0.17    3.32   -0.17    2.07   34.83
T-A     0.00    0.00    0.00    0.00    0.00    0.00    0.00    0.17    3.32   -0.17    2.07   34.83
C-G     0.00    0.00    0.00    0.00    0.00    0.00    0.00    0.17    3.32   -0.17    2.07   34.83
T-A     0.00    0.00    0.00    0.00    0.00    0.00    0.00    0.17    3.32   -0.17    2.07   34.83
G-C     0.00    0.00    0.00    0.00    0.00    0.00    0.00    0.17    3.32   -0.17    2.07   34.83
C-G     0.00    0.00    0.00    0.00    0.00    0.00    0.00    0.17    3.32   -0.17    2.07   34.83
A-T     0.00    0.00    0.00    0.00    0.00    0.00    0.00    0.17    3.32   -0.17    2.07   34.83
G-C     0.00    0.00    0.00    0.00    0.00    0.00    0.00    0.17    3.32   -0.17    2.07   34.83
G-C     0.00    0.00    0.00    0.00    0.00    0.00    0.00    0.17    3.32   -0.17    2.07   34.83
T-A     0.00    0.00    0.00    0.00    0.00    0.00    0.00    0.17    3.32   -0.17    2.07   34.83
G-C     0.00    0.00    0.00    0.00    0.00    0.00    0.00    0.17    3.32   -0.17    2.07   34.83
G-C     0.00    0.00    0.00    0.00    0.00    0.00    0.00    0.17    3.32   -0.17    2.07   34.83
A-T     0.00    0.00    0.00    0.00    0.00    0.00    0.00    0.17    3.32   -0.17    2.07   34.83
T-A     0.00    0.00    0.00    0.00    0.00    0.00    0.00    0.17    3.32   -0.17    2.07   34.83
A-T     0.00    0.00    0.00    0.00    0.00    0.00    0.00    0.17    3.32   -0.17    2.07   34.83
T-A     0.00    0.00    0.00    0.00    0.00    0.00    0.00    0.17    3.32   -0.17    2.07   34.83
T-A     0.00    0.00    0.00    0.00    0.00    0.00    0.00    0.17    3.32   -0.17    2.07   34.83
G-C     0.00    0.00    0.00    0.00    0.00    0.00    0.00    0.17    3.32   -0.17    2.07   34.83
A-T     0.00    0.00    0.00    0.00    0.00    0.00    0.00    0.17    3.32   -0.17    2.07   34.83
T-A     0.00    0.00    0.00    0.00    0.00    0.00    0.00    0.17    3.32   -0.17    2.07   34.83
