 146 base-pairs
   0  ***local base-pair & step parameters***
       Shear  Stretch  Stagger Buckle Prop-Tw Opening   Shift  Slide    Rise    Tilt    Roll   Twist
A-T     0.00    0.00    0.00    0.00    0.00    0.00    0.00    0.00    0.00    0.00    0.00    0.00
T-A     0.00    0.00    0.00    0.00    0.00    0.00   -0.08   -0.03    3.25   -0.90    5.00   33.92
C-G     0.00    0.00    0.00    0.00    0.00    0.00   -0.24    0.08    3.20   -1.87    3.35   35.05
A-T     0.00    0.00    0.00    0.00    0.00    0.00   -0.25    0.11    3.17   -2.04    0.85   36.25
A-T     0.00    0.00    0.00    0.00    0.00    0.00   -0.10    0.05    3.19   -1.14   -1.69   37.06
T-A     0.00    0.00    0.00    0.00    0.00    0.00    0.12   -0.07    3.26    0.51   -3.31   37.11
A-T     0.00    0.00    0.00    0.00    0.00    0.00    0.28   -0.18    3.34    2.13   -3.31   36.26
T-A     0.00    0.00    0.00    0.00    0.00    0.00    0.29   -0.25    3.40    2.92   -1.51   34.68
C-G     0.00    0.00    0.00    0.00    0.00    0.00    0.15   -0.29    3.40    2.47    1.59   32.80
C-G     0.00    0.00    0.00    0.00    0.00    0.00   -0.06   -0.30    3.36    1.03    5.02   31.19
A-T     0.00    0.00    0.00    0.00    0.00    0.00   -0.22   -0.28    3.33   -0.64    7.58   30.41
C-G     0.00    0.00    0.00    0.00    0.00    0.00   -0.25   -0.19    3.32   -1.72    8.38   30.80
C-G     0.00    0.00    0.00    0.00    0.00    0.00   -0.13   -0.02    3.36   -1.75    7.04   32.35
T-A     0.00    0.00    0.00    0.00    0.00    0.00    0.05    0.25    3.41   -0.86    3.90   34.69
G-C     0.00    0.00    0.00    0.00    0.00    0.00    0.21    0.52    3.44    0.39   -0.21   37.15
C-G     0.00    0.00    0.00    0.00    0.00    0.00    0.26    0.65    3.41    1.38   -4.14   38.96
A-T     0.00    0.00    0.00    0.00    0.00    0.00    0.22    0.54    3.33    1.79   -6.80   39.52
G-C     0.00    0.00    0.00    0.00    0.00    0.00    0.12    0.16    3.24    1.73   -7.35   38.60
A-T     0.00    0.00    0.00    0.00    0.00    0.00    0.04   -0.37    3.18    1.59   -5.43   36.38
T-A     0.00    0.00    0.00    0.00    0.00    0.00    0.03   -0.84    3.17    1.65   -1.24   33.46
T-A     0.00    0.00    0.00    0.00    0.00    0.00    0.07   -1.04    3.22    1.90    4.30   30.66
C-G     0.00    0.00    0.00    0.00    0.00    0.00    0.12   -0.88    3.29    2.00    9.74   28.80
T-A     0.00    0.00    0.00    0.00    0.00    0.00    0.14   -0.42    3.32    1.58   13.36   28.42
A-T     0.00    0.00    0.00    0.00    0.00    0.00    0.12    0.13    3.30    0.55   13.77   29.65
C-G     0.00    0.00    0.00    0.00    0.00    0.00    0.08    0.57    3.24   -0.74   10.55   32.13
C-G     0.00    0.00    0.00    0.00    0.00    0.00    0.06    0.75    3.18   -1.71    4.59   35.10
A-T     0.00    0.00    0.00    0.00    0.00    0.00    0.07    0.69    3.15   -1.84   -2.06   37.62
A-T     0.00    0.00    0.00    0.00    0.00    0.00    0.11    0.49    3.18   -1.03   -6.87   38.88
A-T     0.00    0.00    0.00    0.00    0.00    0.00    0.15    0.28    3.25    0.28   -7.93   38.49
A-T     0.00    0.00    0.00    0.00    0.00    0.00    0.15    0.12    3.32    1.39   -4.83   36.64
G-C     0.00    0.00    0.00    0.00    0.00    0.00    0.10    0.00    3.36    1.74    1.07   34.06
T-A     0.00    0.00    0.00    0.00    0.00    0.00    0.04   -0.16    3.36    1.23    7.18   31.79
G-C     0.00    0.00    0.00    0.00    0.00    0.00   -0.01   -0.38    3.34    0.27   10.84   30.74
T-A     0.00    0.00    0.00    0.00    0.00    0.00   -0.02   -0.56    3.32   -0.51   10.51   31.36
A-T     0.00    0.00    0.00    0.00    0.00    0.00    0.01   -0.59    3.32   -0.66    6.47   33.42
T-A     0.00    0.00    0.00    0.00    0.00    0.00    0.06   -0.34    3.33   -0.21    0.58   36.08
T-A     0.00    0.00    0.00    0.00    0.00    0.00    0.08    0.15    3.34    0.40   -4.62   38.27
T-A     0.00    0.00    0.00    0.00    0.00    0.00    0.05    0.72    3.32    0.65   -7.05   39.12
G-C     0.00    0.00    0.00    0.00    0.00    0.00    0.01    1.11    3.28    0.22   -5.99   38.32
G-C     0.00    0.00    0.00    0.00    0.00    0.00   -0.03    1.12    3.26   -0.68   -2.14   36.26
A-T     0.00    0.00    0.00    0.00    0.00    0.00   -0.03    0.74    3.27   -1.57    2.80   33.86
A-T     0.00    0.00    0.00    0.00    0.00    0.00    0.01    0.13    3.32   -1.93    7.00   32.13
A-T     0.00    0.00    0.00    0.00    0.00    0.00    0.07   -0.41    3.39   -1.60    9.13   31.74
C-G     0.00    0.00    0.00    0.00    0.00    0.00    0.09   -0.63    3.44   -0.83    8.72   32.80
T-A     0.00    0.00    0.00    0.00    0.00    0.00    0.05   -0.45    3.44   -0.14    6.06   34.80
G-C     0.00    0.00    0.00    0.00    0.00    0.00   -0.03    0.00    3.40    0.09    2.01   36.93
C-G     0.00    0.00    0.00    0.00    0.00    0.00   -0.11    0.48    3.34   -0.16   -2.26   38.39
T-A     0.00    0.00    0.00    0.00    0.00    0.00   -0.12    0.75    3.29   -0.49   -5.47   38.74
C-G     0.00    0.00    0.00    0.00    0.00    0.00   -0.06    0.71    3.29   -0.43   -6.45   38.01
C-G     0.00    0.00    0.00    0.00    0.00    0.00    0.08    0.47    3.34    0.23   -4.58   36.65
A-T     0.00    0.00    0.00    0.00    0.00    0.00    0.23    0.18    3.39    1.25   -0.13   35.26
T-A     0.00    0.00    0.00    0.00    0.00    0.00    0.30    0.04    3.41    2.00    5.52   34.38
C-G     0.00    0.00    0.00    0.00    0.00    0.00    0.25    0.07    3.38    1.86   10.13   34.31
A-T     0.00    0.00    0.00    0.00    0.00    0.00    0.10    0.22    3.32    0.64   11.49   35.02
A-T     0.00    0.00    0.00    0.00    0.00    0.00   -0.11    0.36    3.27   -1.28    8.43   36.21
A-T     0.00    0.00    0.00    0.00    0.00    0.00   -0.29    0.41    3.28   -3.09    1.61   37.47
A-T     0.00    0.00    0.00    0.00    0.00    0.00   -0.35    0.36    3.35   -3.95   -6.53   38.34
G-C     0.00    0.00    0.00    0.00    0.00    0.00   -0.28    0.30    3.47   -3.46  -12.69   38.51
G-C     0.00    0.00    0.00    0.00    0.00    0.00   -0.12    0.31    3.58   -1.84  -14.19   37.87
C-G     0.00    0.00    0.00    0.00    0.00    0.00    0.06    0.38    3.64    0.20  -10.25   36.59
A-T     0.00    0.00    0.00    0.00    0.00    0.00    0.19    0.46    3.61    1.86   -2.44   35.04
T-A     0.00    0.00    0.00    0.00    0.00    0.00    0.22    0.48    3.54    2.63    6.01   33.72
G-C     0.00    0.00    0.00    0.00    0.00    0.00    0.15    0.40    3.45    2.48   11.73   33.10
T-A     0.00    0.00    0.00    0.00    0.00    0.00    0.03    0.29    3.39    1.77   12.71   33.44
T-A     0.00    0.00    0.00    0.00    0.00    0.00   -0.07    0.26    3.37    0.97    9.09   34.69
C-G     0.00    0.00    0.00    0.00    0.00    0.00   -0.11    0.41    3.40    0.38    2.93   36.44
A-T     0.00    0.00    0.00    0.00    0.00    0.00   -0.07    0.73    3.42    0.04   -2.93   38.11
G-C     0.00    0.00    0.00    0.00    0.00    0.00    0.02    1.08    3.42   -0.19   -6.17   39.06
C-G     0.00    0.00    0.00    0.00    0.00    0.00    0.10    1.24    3.40   -0.46   -5.90   38.91
T-A     0.00    0.00    0.00    0.00    0.00    0.00    0.13    1.08    3.36   -0.73   -2.76   37.58
G-C     0.00    0.00    0.00    0.00    0.00    0.00    0.09    0.60    3.32   -0.84    1.67   35.45
A-T     0.00    0.00    0.00    0.00    0.00    0.00    0.01   -0.02    3.31   -0.61    5.64   33.13
A-T     0.00    0.00    0.00    0.00    0.00    0.00   -0.07   -0.50    3.31   -0.04    7.94   31.37
T-A     0.00    0.00    0.00    0.00    0.00    0.00   -0.10   -0.63    3.33    0.66    8.10   30.76
T-A     0.00    0.00    0.00    0.00    0.00    0.00   -0.07   -0.34    3.35    1.18    6.28   31.53
C-G     0.00    0.00    0.00    0.00    0.00    0.00    0.00    0.26    3.36    1.25    3.12   33.46
A-T     0.00    0.00    0.00    0.00    0.00    0.00    0.07    0.92    3.37    0.84   -0.41   35.93
G-C     0.00    0.00    0.00    0.00    0.00    0.00    0.12    1.36    3.37    0.18   -3.18   38.06
C-G     0.00    0.00    0.00    0.00    0.00    0.00    0.12    1.45    3.38   -0.40   -4.06   39.05
T-A     0.00    0.00    0.00    0.00    0.00    0.00    0.08    1.19    3.39   -0.62   -2.40   38.46
G-C     0.00    0.00    0.00    0.00    0.00    0.00    0.03    0.72    3.38   -0.44    1.61   36.40
A-T     0.00    0.00    0.00    0.00    0.00    0.00    0.00    0.23    3.35   -0.07    6.71   33.59
A-T     0.00    0.00    0.00    0.00    0.00    0.00   -0.01   -0.11    3.33    0.23   10.88   31.09
C-G     0.00    0.00    0.00    0.00    0.00    0.00   -0.02   -0.22    3.31    0.25   12.13   29.93
A-T     0.00    0.00    0.00    0.00    0.00    0.00   -0.03   -0.11    3.33    0.00    9.52   30.69
T-A     0.00    0.00    0.00    0.00    0.00    0.00   -0.05    0.17    3.37   -0.34    3.76   33.19
G-C     0.00    0.00    0.00    0.00    0.00    0.00   -0.08    0.52    3.42   -0.53   -2.91   36.55
C-G     0.00    0.00    0.00    0.00    0.00    0.00   -0.09    0.83    3.45   -0.44   -7.68   39.47
C-G     0.00    0.00    0.00    0.00    0.00    0.00   -0.07    1.00    3.46   -0.12   -8.42   40.74
T-A     0.00    0.00    0.00    0.00    0.00    0.00   -0.04    0.97    3.43    0.20   -4.70   39.79
T-A     0.00    0.00    0.00    0.00    0.00    0.00   -0.01    0.71    3.38    0.33    1.95   36.90
T-A     0.00    0.00    0.00    0.00    0.00    0.00   -0.01    0.30    3.32    0.17    8.83   33.11
T-A     0.00    0.00    0.00    0.00    0.00    0.00   -0.03   -0.14    3.28   -0.19   13.26   29.84
G-C     0.00    0.00    0.00    0.00    0.00    0.00   -0.06   -0.43    3.25   -0.52   13.78   28.26
A-T     0.00    0.00    0.00    0.00    0.00    0.00   -0.06   -0.45    3.23   -0.61   10.59   28.91
T-A     0.00    0.00    0.00    0.00    0.00    0.00    0.00   -0.18    3.22   -0.41    5.27   31.45
G-C     0.00    0.00    0.00    0.00    0.00    0.00    0.11    0.26    3.22   -0.05   -0.06   34.86
G-C     0.00    0.00    0.00    0.00    0.00    0.00    0.21    0.68    3.23    0.21   -3.68   37.88
A-T     0.00    0.00    0.00    0.00    0.00    0.00    0.23    0.87    3.27    0.18   -4.79   39.51
G-C     0.00    0.00    0.00    0.00    0.00    0.00    0.14    0.74    3.32   -0.20   -3.51   39.35
C-G     0.00    0.00    0.00    0.00    0.00    0.00   -0.03    0.35    3.38   -0.74   -0.61   37.68
A-T     0.00    0.00    0.00    0.00    0.00    0.00   -0.22   -0.13    3.41   -1.13    2.96   35.32
G-C     0.00    0.00    0.00    0.00    0.00    0.00   -0.32   -0.47    3.41   -1.11    6.23   33.21
T-A     0.00    0.00    0.00    0.00    0.00    0.00   -0.29   -0.51    3.38   -0.62    8.36   32.09
T-A     0.00    0.00    0.00    0.00    0.00    0.00   -0.15   -0.24    3.34    0.14    8.70   32.22
T-A     0.00    0.00    0.00    0.00    0.00    0.00    0.03    0.22    3.30    0.77    6.92   33.37
C-G     0.00    0.00    0.00    0.00    0.00    0.00    0.13    0.67    3.29    0.89    3.34   34.95
C-G     0.00    0.00    0.00    0.00    0.00    0.00    0.10    0.92    3.29    0.36   -1.05   36.27
A-T     0.00    0.00    0.00    0.00    0.00    0.00   -0.04    0.86    3.31   -0.65   -4.70   36.80
A-T     0.00    0.00    0.00    0.00    0.00    0.00   -0.21    0.53    3.32   -1.68   -6.14   36.37
A-T     0.00    0.00    0.00    0.00    0.00    0.00   -0.30    0.06    3.32   -2.26   -4.58   35.17
T-A     0.00    0.00    0.00    0.00    0.00    0.00   -0.24   -0.37    3.32   -2.11   -0.48   33.68
A-T     0.00    0.00    0.00    0.00    0.00    0.00   -0.07   -0.63    3.33   -1.31    4.60   32.48
C-G     0.00    0.00    0.00    0.00    0.00    0.00    0.13   -0.67    3.35   -0.24    8.56   32.01
A-T     0.00    0.00    0.00    0.00    0.00    0.00    0.25   -0.50    3.36    0.58    9.75   32.46
C-G     0.00    0.00    0.00    0.00    0.00    0.00    0.21   -0.21    3.36    0.82    7.69   33.68
T-A     0.00    0.00    0.00    0.00    0.00    0.00    0.05    0.12    3.33    0.48    3.38   35.26
T-A     0.00    0.00    0.00    0.00    0.00    0.00   -0.16    0.42    3.27   -0.17   -1.20   36.67
T-A     0.00    0.00    0.00    0.00    0.00    0.00   -0.31    0.66    3.20   -0.70   -3.98   37.41
T-A     0.00    0.00    0.00    0.00    0.00    0.00   -0.33    0.82    3.14   -0.86   -3.68   37.22
G-C     0.00    0.00    0.00    0.00    0.00    0.00   -0.24    0.87    3.12   -0.66   -0.36   36.09
G-C     0.00    0.00    0.00    0.00    0.00    0.00   -0.09    0.78    3.14   -0.40    4.66   34.30
T-A     0.00    0.00    0.00    0.00    0.00    0.00    0.02    0.53    3.18   -0.42    9.44   32.33
A-T     0.00    0.00    0.00    0.00    0.00    0.00    0.07    0.12    3.22   -0.89   12.18   30.75
G-C     0.00    0.00    0.00    0.00    0.00    0.00    0.05   -0.38    3.24   -1.64   11.88   30.05
A-T     0.00    0.00    0.00    0.00    0.00    0.00    0.01   -0.85    3.25   -2.30    8.65   30.47
A-T     0.00    0.00    0.00    0.00    0.00    0.00   -0.02   -1.11    3.26   -2.49    3.56   31.98
T-A     0.00    0.00    0.00    0.00    0.00    0.00   -0.04   -1.04    3.28   -2.06   -1.79   34.20
C-G     0.00    0.00    0.00    0.00    0.00    0.00   -0.06   -0.62    3.31   -1.22   -5.82   36.50
T-A     0.00    0.00    0.00    0.00    0.00    0.00   -0.12    0.03    3.32   -0.38   -7.41   38.21
G-C     0.00    0.00    0.00    0.00    0.00    0.00   -0.19    0.69    3.30    0.06   -6.25   38.81
C-G     0.00    0.00    0.00    0.00    0.00    0.00   -0.24    1.13    3.26   -0.05   -2.81   38.12
A-T     0.00    0.00    0.00    0.00    0.00    0.00   -0.23    1.19    3.22   -0.54    1.77   36.39
G-C     0.00    0.00    0.00    0.00    0.00    0.00   -0.14    0.88    3.20   -1.06    6.13   34.22
G-C     0.00    0.00    0.00    0.00    0.00    0.00   -0.01    0.34    3.23   -1.32    9.04   32.33
T-A     0.00    0.00    0.00    0.00    0.00    0.00    0.09   -0.19    3.28   -1.26    9.81   31.33
G-C     0.00    0.00    0.00    0.00    0.00    0.00    0.09   -0.50    3.35   -1.05    8.45   31.46
G-C     0.00    0.00    0.00    0.00    0.00    0.00   -0.02   -0.53    3.38   -0.93    5.64   32.54
A-T     0.00    0.00    0.00    0.00    0.00    0.00   -0.18   -0.34    3.36   -0.98    2.39   34.05
T-A     0.00    0.00    0.00    0.00    0.00    0.00   -0.30   -0.08    3.30   -1.09   -0.24   35.38
A-T     0.00    0.00    0.00    0.00    0.00    0.00   -0.28    0.08    3.24   -0.99   -1.53   36.05
T-A     0.00    0.00    0.00    0.00    0.00    0.00   -0.12    0.09    3.21   -0.51   -1.28   35.88
T-A     0.00    0.00    0.00    0.00    0.00    0.00    0.10   -0.02    3.22    0.23    0.24   35.08
G-C     0.00    0.00    0.00    0.00    0.00    0.00    0.26   -0.16    3.26    0.85    2.37   34.08
A-T     0.00    0.00    0.00    0.00    0.00    0.00    0.28   -0.21    3.30    0.91    4.30   33.37
T-A     0.00    0.00    0.00    0.00    0.00    0.00    0.14   -0.15    3.30    0.24    5.32   33.29
