 146 base-pairs
   0  ***local base-pair & step parameters***
       Shear  Stretch  Stagger Buckle Prop-Tw Opening   Shift  Slide    Rise    Tilt    Roll   Twist
A-T     0.00    0.00    0.00    0.00    0.00    0.00    0.00    0.00    0.00    0.00    0.00    0.00
T-A     0.00    0.00    0.00    0.00    0.00    0.00   -0.10   -0.07    3.32   -0.80    4.16   34.21
C-G     0.00    0.00    0.00    0.00    0.00    0.00   -0.18    0.11    3.28   -1.11    3.23   35.39
A-T     0.00    0.00    0.00    0.00    0.00    0.00   -0.16    0.27    3.24   -1.01    1.67   36.56
A-T     0.00    0.00    0.00    0.00    0.00    0.00   -0.06    0.28    3.24   -0.39   -0.28   37.26
T-A     0.00    0.00    0.00    0.00    0.00    0.00    0.08    0.13    3.26    0.60   -2.04   37.18
A-T     0.00    0.00    0.00    0.00    0.00    0.00    0.18   -0.14    3.31    1.61   -2.86   36.22
T-A     0.00    0.00    0.00    0.00    0.00    0.00    0.19   -0.42    3.35    2.20   -2.06   34.58
C-G     0.00    0.00    0.00    0.00    0.00    0.00    0.12   -0.59    3.35    2.07    0.47   32.66
C-G     0.00    0.00    0.00    0.00    0.00    0.00    0.00   -0.60    3.32    1.25    4.09   31.02
A-T     0.00    0.00    0.00    0.00    0.00    0.00   -0.09   -0.45    3.29    0.06    7.49   30.18
C-G     0.00    0.00    0.00    0.00    0.00    0.00   -0.11   -0.21    3.28   -0.99    9.23   30.47
C-G     0.00    0.00    0.00    0.00    0.00    0.00   -0.06    0.08    3.30   -1.49    8.38   31.94
T-A     0.00    0.00    0.00    0.00    0.00    0.00    0.03    0.33    3.33   -1.27    5.01   34.23
G-C     0.00    0.00    0.00    0.00    0.00    0.00    0.13    0.49    3.36   -0.47    0.17   36.73
C-G     0.00    0.00    0.00    0.00    0.00    0.00    0.20    0.52    3.36    0.58   -4.50   38.67
A-T     0.00    0.00    0.00    0.00    0.00    0.00    0.22    0.39    3.31    1.52   -7.37   39.42
G-C     0.00    0.00    0.00    0.00    0.00    0.00    0.20    0.10    3.26    2.14   -7.47   38.67
A-T     0.00    0.00    0.00    0.00    0.00    0.00    0.15   -0.25    3.22    2.39   -4.74   36.59
T-A     0.00    0.00    0.00    0.00    0.00    0.00    0.09   -0.58    3.22    2.32    0.02   33.74
T-A     0.00    0.00    0.00    0.00    0.00    0.00    0.04   -0.74    3.26    1.99    5.45   30.97
C-G     0.00    0.00    0.00    0.00    0.00    0.00    0.00   -0.69    3.31    1.45   10.02   29.14
T-A     0.00    0.00    0.00    0.00    0.00    0.00   -0.01   -0.41    3.34    0.73   12.41   28.81
A-T     0.00    0.00    0.00    0.00    0.00    0.00    0.01   -0.01    3.34   -0.07   11.88   30.10
C-G     0.00    0.00    0.00    0.00    0.00    0.00    0.06    0.38    3.29   -0.77    8.45   32.60
C-G     0.00    0.00    0.00    0.00    0.00    0.00    0.11    0.64    3.24   -1.15    3.03   35.52
A-T     0.00    0.00    0.00    0.00    0.00    0.00    0.15    0.71    3.21   -1.08   -2.74   37.89
A-T     0.00    0.00    0.00    0.00    0.00    0.00    0.15    0.61    3.22   -0.61   -6.91   38.95
A-T     0.00    0.00    0.00    0.00    0.00    0.00    0.11    0.39    3.25    0.07   -7.92   38.36
A-T     0.00    0.00    0.00    0.00    0.00    0.00    0.05    0.11    3.29    0.66   -5.27   36.35
G-C     0.00    0.00    0.00    0.00    0.00    0.00    0.02   -0.16    3.32    0.95    0.13   33.70
T-A     0.00    0.00    0.00    0.00    0.00    0.00    0.02   -0.39    3.33    0.90    6.25   31.42
G-C     0.00    0.00    0.00    0.00    0.00    0.00    0.07   -0.54    3.33    0.65   10.65   30.38
T-A     0.00    0.00    0.00    0.00    0.00    0.00    0.12   -0.57    3.32    0.39   11.59   31.01
A-T     0.00    0.00    0.00    0.00    0.00    0.00    0.15   -0.42    3.31    0.27    8.72   33.06
T-A     0.00    0.00    0.00    0.00    0.00    0.00    0.12   -0.09    3.30    0.25    3.36   35.72
T-A     0.00    0.00    0.00    0.00    0.00    0.00    0.05    0.35    3.28    0.20   -2.20   37.95
T-A     0.00    0.00    0.00    0.00    0.00    0.00   -0.03    0.77    3.25    0.01   -5.62   38.91
G-C     0.00    0.00    0.00    0.00    0.00    0.00   -0.06    1.01    3.23   -0.34   -5.59   38.28
G-C     0.00    0.00    0.00    0.00    0.00    0.00   -0.03    0.95    3.23   -0.76   -2.31   36.41
A-T     0.00    0.00    0.00    0.00    0.00    0.00    0.05    0.62    3.27   -1.06    2.69   34.16
A-T     0.00    0.00    0.00    0.00    0.00    0.00    0.11    0.14    3.33   -1.17    7.27   32.48
A-T     0.00    0.00    0.00    0.00    0.00    0.00    0.12   -0.30    3.40   -1.10    9.57   32.08
C-G     0.00    0.00    0.00    0.00    0.00    0.00    0.06   -0.51    3.44   -1.00    8.71   33.08
T-A     0.00    0.00    0.00    0.00    0.00    0.00   -0.06   -0.44    3.43   -0.98    5.02   35.03
G-C     0.00    0.00    0.00    0.00    0.00    0.00   -0.16   -0.15    3.39   -1.01   -0.20   37.13
C-G     0.00    0.00    0.00    0.00    0.00    0.00   -0.19    0.22    3.35   -0.96   -5.17   38.59
T-A     0.00    0.00    0.00    0.00    0.00    0.00   -0.12    0.51    3.34   -0.64   -8.20   38.93
C-G     0.00    0.00    0.00    0.00    0.00    0.00    0.02    0.62    3.36    0.04   -8.21   38.15
C-G     0.00    0.00    0.00    0.00    0.00    0.00    0.17    0.56    3.41    0.92   -5.06   36.68
A-T     0.00    0.00    0.00    0.00    0.00    0.00    0.26    0.42    3.44    1.63    0.36   35.16
T-A     0.00    0.00    0.00    0.00    0.00    0.00    0.25    0.28    3.44    1.82    6.28   34.18
C-G     0.00    0.00    0.00    0.00    0.00    0.00    0.15    0.21    3.39    1.25   10.60   34.07
A-T     0.00    0.00    0.00    0.00    0.00    0.00    0.00    0.22    3.32    0.07   11.56   34.81
A-T     0.00    0.00    0.00    0.00    0.00    0.00   -0.13    0.28    3.28   -1.34    8.51   36.09
A-T     0.00    0.00    0.00    0.00    0.00    0.00   -0.22    0.36    3.30   -2.44    2.30   37.42
A-T     0.00    0.00    0.00    0.00    0.00    0.00   -0.23    0.44    3.37   -2.85   -4.87   38.33
G-C     0.00    0.00    0.00    0.00    0.00    0.00   -0.18    0.49    3.47   -2.44  -10.26   38.48
G-C     0.00    0.00    0.00    0.00    0.00    0.00   -0.09    0.51    3.55   -1.40  -11.70   37.79
C-G     0.00    0.00    0.00    0.00    0.00    0.00    0.01    0.47    3.57   -0.09   -8.55   36.48
A-T     0.00    0.00    0.00    0.00    0.00    0.00    0.10    0.37    3.53    1.13   -2.03   34.94
T-A     0.00    0.00    0.00    0.00    0.00    0.00    0.16    0.21    3.46    1.97    5.27   33.67
G-C     0.00    0.00    0.00    0.00    0.00    0.00    0.17    0.07    3.39    2.31   10.48   33.12
T-A     0.00    0.00    0.00    0.00    0.00    0.00    0.13    0.04    3.35    2.15   11.70   33.49
T-A     0.00    0.00    0.00    0.00    0.00    0.00    0.05    0.17    3.36    1.57    8.72   34.71
C-G     0.00    0.00    0.00    0.00    0.00    0.00   -0.03    0.47    3.38    0.69    3.02   36.39
A-T     0.00    0.00    0.00    0.00    0.00    0.00   -0.09    0.83    3.40   -0.28   -2.94   37.99
G-C     0.00    0.00    0.00    0.00    0.00    0.00   -0.08    1.11    3.40   -1.10   -6.85   38.94
C-G     0.00    0.00    0.00    0.00    0.00    0.00   -0.02    1.17    3.39   -1.51   -7.37   38.83
T-A     0.00    0.00    0.00    0.00    0.00    0.00    0.06    0.95    3.38   -1.38   -4.58   37.62
G-C     0.00    0.00    0.00    0.00    0.00    0.00    0.11    0.52    3.38   -0.77    0.25   35.60
A-T     0.00    0.00    0.00    0.00    0.00    0.00    0.09    0.06    3.39    0.08    5.25   33.36
A-T     0.00    0.00    0.00    0.00    0.00    0.00    0.01   -0.25    3.41    0.80    8.67   31.62
T-A     0.00    0.00    0.00    0.00    0.00    0.00   -0.09   -0.29    3.41    1.15    9.42   30.97
T-A     0.00    0.00    0.00    0.00    0.00    0.00   -0.15   -0.04    3.40    1.05    7.41   31.70
C-G     0.00    0.00    0.00    0.00    0.00    0.00   -0.14    0.40    3.39    0.67    3.46   33.62
A-T     0.00    0.00    0.00    0.00    0.00    0.00   -0.04    0.86    3.38    0.29   -0.92   36.10
G-C     0.00    0.00    0.00    0.00    0.00    0.00    0.08    1.20    3.40    0.11   -4.03   38.26
C-G     0.00    0.00    0.00    0.00    0.00    0.00    0.17    1.30    3.41    0.17   -4.57   39.23
T-A     0.00    0.00    0.00    0.00    0.00    0.00    0.19    1.14    3.40    0.31   -2.10   38.55
G-C     0.00    0.00    0.00    0.00    0.00    0.00    0.12    0.77    3.36    0.33    2.61   36.34
A-T     0.00    0.00    0.00    0.00    0.00    0.00    0.02    0.31    3.30    0.10    7.83   33.36
A-T     0.00    0.00    0.00    0.00    0.00    0.00   -0.06   -0.13    3.25   -0.29   11.44   30.72
C-G     0.00    0.00    0.00    0.00    0.00    0.00   -0.09   -0.39    3.22   -0.62   11.82   29.50
A-T     0.00    0.00    0.00    0.00    0.00    0.00   -0.06   -0.39    3.25   -0.69    8.61   30.28
T-A     0.00    0.00    0.00    0.00    0.00    0.00    0.00   -0.11    3.31   -0.43    2.94   32.85
G-C     0.00    0.00    0.00    0.00    0.00    0.00    0.05    0.37    3.39   -0.01   -2.94   36.28
C-G     0.00    0.00    0.00    0.00    0.00    0.00    0.05    0.88    3.44    0.32   -6.68   39.24
C-G     0.00    0.00    0.00    0.00    0.00    0.00    0.01    1.21    3.44    0.34   -6.75   40.55
T-A     0.00    0.00    0.00    0.00    0.00    0.00   -0.06    1.21    3.41    0.05   -3.14   39.66
T-A     0.00    0.00    0.00    0.00    0.00    0.00   -0.10    0.86    3.36   -0.37    2.70   36.87
T-A     0.00    0.00    0.00    0.00    0.00    0.00   -0.12    0.30    3.32   -0.65    8.54   33.24
T-A     0.00    0.00    0.00    0.00    0.00    0.00   -0.09   -0.23    3.31   -0.61   12.29   30.15
G-C     0.00    0.00    0.00    0.00    0.00    0.00   -0.05   -0.50    3.31   -0.28   12.80   28.73
A-T     0.00    0.00    0.00    0.00    0.00    0.00    0.01   -0.41    3.31    0.12   10.13   29.45
T-A     0.00    0.00    0.00    0.00    0.00    0.00    0.06   -0.01    3.30    0.33    5.38   31.96
G-C     0.00    0.00    0.00    0.00    0.00    0.00    0.09    0.47    3.27    0.21    0.14   35.27
G-C     0.00    0.00    0.00    0.00    0.00    0.00    0.11    0.81    3.26   -0.21   -4.05   38.17
A-T     0.00    0.00    0.00    0.00    0.00    0.00    0.09    0.83    3.28   -0.68   -6.13   39.70
G-C     0.00    0.00    0.00    0.00    0.00    0.00    0.03    0.54    3.33   -0.99   -5.64   39.46
C-G     0.00    0.00    0.00    0.00    0.00    0.00   -0.06    0.08    3.39   -0.99   -2.81   37.73
A-T     0.00    0.00    0.00    0.00    0.00    0.00   -0.15   -0.33    3.44   -0.71    1.52   35.28
G-C     0.00    0.00    0.00    0.00    0.00    0.00   -0.20   -0.50    3.44   -0.30    6.07   33.04
T-A     0.00    0.00    0.00    0.00    0.00    0.00   -0.20   -0.39    3.39    0.06    9.36   31.76
T-A     0.00    0.00    0.00    0.00    0.00    0.00   -0.13   -0.07    3.31    0.28   10.24   31.75
T-A     0.00    0.00    0.00    0.00    0.00    0.00   -0.02    0.33    3.25    0.32    8.29   32.84
C-G     0.00    0.00    0.00    0.00    0.00    0.00    0.06    0.65    3.22    0.21    4.16   34.45
C-G     0.00    0.00    0.00    0.00    0.00    0.00    0.08    0.79    3.24   -0.03   -0.59   35.88
A-T     0.00    0.00    0.00    0.00    0.00    0.00    0.02    0.74    3.28   -0.39   -4.05   36.57
A-T     0.00    0.00    0.00    0.00    0.00    0.00   -0.09    0.52    3.31   -0.85   -4.79   36.28
A-T     0.00    0.00    0.00    0.00    0.00    0.00   -0.17    0.20    3.31   -1.29   -2.50   35.17
T-A     0.00    0.00    0.00    0.00    0.00    0.00   -0.18   -0.14    3.30   -1.54    1.81   33.73
A-T     0.00    0.00    0.00    0.00    0.00    0.00   -0.10   -0.45    3.29   -1.45    6.26   32.57
C-G     0.00    0.00    0.00    0.00    0.00    0.00    0.03   -0.64    3.30   -0.99    8.91   32.17
A-T     0.00    0.00    0.00    0.00    0.00    0.00    0.14   -0.65    3.33   -0.31    8.67   32.71
C-G     0.00    0.00    0.00    0.00    0.00    0.00    0.16   -0.47    3.35    0.30    5.69   34.03
T-A     0.00    0.00    0.00    0.00    0.00    0.00    0.07   -0.12    3.35    0.56    1.27   35.66
T-A     0.00    0.00    0.00    0.00    0.00    0.00   -0.08    0.32    3.31    0.34   -2.78   37.04
T-A     0.00    0.00    0.00    0.00    0.00    0.00   -0.25    0.71    3.24   -0.24   -4.90   37.69
T-A     0.00    0.00    0.00    0.00    0.00    0.00   -0.34    0.95    3.18   -0.89   -4.33   37.35
G-C     0.00    0.00    0.00    0.00    0.00    0.00   -0.33    0.96    3.14   -1.31   -1.31   36.09
G-C     0.00    0.00    0.00    0.00    0.00    0.00   -0.22    0.76    3.16   -1.38    3.13   34.22
T-A     0.00    0.00    0.00    0.00    0.00    0.00   -0.08    0.40    3.20   -1.20    7.57   32.24
A-T     0.00    0.00    0.00    0.00    0.00    0.00    0.05   -0.02    3.26   -1.00   10.67   30.69
G-C     0.00    0.00    0.00    0.00    0.00    0.00    0.12   -0.41    3.30   -1.03   11.47   29.99
A-T     0.00    0.00    0.00    0.00    0.00    0.00    0.12   -0.69    3.31   -1.30    9.66   30.39
A-T     0.00    0.00    0.00    0.00    0.00    0.00    0.05   -0.82    3.30   -1.65    5.67   31.84
T-A     0.00    0.00    0.00    0.00    0.00    0.00   -0.04   -0.73    3.29   -1.79    0.64   34.00
C-G     0.00    0.00    0.00    0.00    0.00    0.00   -0.14   -0.44    3.28   -1.53   -3.89   36.30
T-A     0.00    0.00    0.00    0.00    0.00    0.00   -0.21    0.02    3.27   -0.90   -6.38   38.06
G-C     0.00    0.00    0.00    0.00    0.00    0.00   -0.23    0.54    3.26   -0.18   -5.91   38.75
C-G     0.00    0.00    0.00    0.00    0.00    0.00   -0.19    0.94    3.23    0.30   -2.58   38.15
A-T     0.00    0.00    0.00    0.00    0.00    0.00   -0.11    1.08    3.20    0.28    2.42   36.46
G-C     0.00    0.00    0.00    0.00    0.00    0.00   -0.02    0.88    3.17   -0.21    7.28   34.26
G-C     0.00    0.00    0.00    0.00    0.00    0.00    0.05    0.41    3.18   -0.97   10.23   32.29
T-A     0.00    0.00    0.00    0.00    0.00    0.00    0.06   -0.16    3.21   -1.66   10.34   31.22
G-C     0.00    0.00    0.00    0.00    0.00    0.00    0.00   -0.62    3.27   -2.01    7.83   31.32
G-C     0.00    0.00    0.00    0.00    0.00    0.00   -0.10   -0.79    3.31   -1.95    3.92   32.43
A-T     0.00    0.00    0.00    0.00    0.00    0.00   -0.20   -0.64    3.33   -1.55    0.21   34.02
T-A     0.00    0.00    0.00    0.00    0.00    0.00   -0.23   -0.29    3.31   -0.99   -2.03   35.42
A-T     0.00    0.00    0.00    0.00    0.00    0.00   -0.18    0.06    3.28   -0.44   -2.36   36.11
T-A     0.00    0.00    0.00    0.00    0.00    0.00   -0.05    0.26    3.26    0.00   -1.15   35.93
T-A     0.00    0.00    0.00    0.00    0.00    0.00    0.09    0.25    3.26    0.26    0.79   35.10
G-C     0.00    0.00    0.00    0.00    0.00    0.00    0.17    0.07    3.29    0.31    2.63   34.11
A-T     0.00    0.00    0.00    0.00    0.00    0.00    0.15   -0.11    3.33    0.10    3.89   33.46
T-A     0.00    0.00    0.00    0.00    0.00    0.00    0.04   -0.17    3.35   -0.31    4.39   33.48
