 146 base-pairs
   0  ***local base-pair & step parameters***
       Shear  Stretch  Stagger Buckle Prop-Tw Opening   Shift  Slide    Rise    Tilt    Roll   Twist
A-T     0.00    0.00    0.00    0.00    0.00    0.00    0.00    0.00    0.00    0.00    0.00    0.00
T-A     0.00    0.00    0.00    0.00    0.00    0.00   -0.10    0.02    3.31   -0.91    4.35   34.09
C-G     0.00    0.00    0.00    0.00    0.00    0.00   -0.26    0.13    3.24   -1.84    2.89   35.16
A-T     0.00    0.00    0.00    0.00    0.00    0.00   -0.26    0.15    3.21   -1.97    0.60   36.30
A-T     0.00    0.00    0.00    0.00    0.00    0.00   -0.11    0.08    3.22   -1.04   -1.70   37.04
T-A     0.00    0.00    0.00    0.00    0.00    0.00    0.12   -0.04    3.27    0.64   -3.08   37.03
A-T     0.00    0.00    0.00    0.00    0.00    0.00    0.29   -0.17    3.34    2.28   -2.86   36.12
T-A     0.00    0.00    0.00    0.00    0.00    0.00    0.31   -0.25    3.38    3.07   -0.88   34.50
C-G     0.00    0.00    0.00    0.00    0.00    0.00    0.17   -0.30    3.37    2.62    2.37   32.58
C-G     0.00    0.00    0.00    0.00    0.00    0.00   -0.03   -0.32    3.33    1.18    5.89   30.94
A-T     0.00    0.00    0.00    0.00    0.00    0.00   -0.19   -0.31    3.28   -0.52    8.50   30.16
C-G     0.00    0.00    0.00    0.00    0.00    0.00   -0.22   -0.23    3.27   -1.63    9.27   30.56
C-G     0.00    0.00    0.00    0.00    0.00    0.00   -0.10   -0.06    3.30   -1.70    7.85   32.14
T-A     0.00    0.00    0.00    0.00    0.00    0.00    0.08    0.21    3.36   -0.85    4.56   34.52
G-C     0.00    0.00    0.00    0.00    0.00    0.00    0.23    0.47    3.39    0.36    0.27   37.03
C-G     0.00    0.00    0.00    0.00    0.00    0.00    0.28    0.61    3.37    1.31   -3.88   38.90
A-T     0.00    0.00    0.00    0.00    0.00    0.00    0.23    0.51    3.31    1.69   -6.77   39.53
G-C     0.00    0.00    0.00    0.00    0.00    0.00    0.12    0.14    3.23    1.61   -7.56   38.67
A-T     0.00    0.00    0.00    0.00    0.00    0.00    0.04   -0.38    3.18    1.44   -5.85   36.51
T-A     0.00    0.00    0.00    0.00    0.00    0.00    0.01   -0.84    3.19    1.50   -1.86   33.65
T-A     0.00    0.00    0.00    0.00    0.00    0.00    0.05   -1.03    3.25    1.74    3.53   30.89
C-G     0.00    0.00    0.00    0.00    0.00    0.00    0.09   -0.86    3.32    1.85    8.87   29.04
T-A     0.00    0.00    0.00    0.00    0.00    0.00    0.11   -0.39    3.36    1.46   12.45   28.67
A-T     0.00    0.00    0.00    0.00    0.00    0.00    0.09    0.17    3.35    0.46   12.88   29.89
C-G     0.00    0.00    0.00    0.00    0.00    0.00    0.05    0.61    3.29   -0.80    9.74   32.35
C-G     0.00    0.00    0.00    0.00    0.00    0.00    0.03    0.80    3.23   -1.73    3.91   35.28
A-T     0.00    0.00    0.00    0.00    0.00    0.00    0.05    0.73    3.20   -1.81   -2.55   37.74
A-T     0.00    0.00    0.00    0.00    0.00    0.00    0.10    0.53    3.22   -0.97   -7.15   38.94
A-T     0.00    0.00    0.00    0.00    0.00    0.00    0.14    0.31    3.28    0.37   -7.98   38.48
A-T     0.00    0.00    0.00    0.00    0.00    0.00    0.15    0.15    3.33    1.51   -4.64   36.57
G-C     0.00    0.00    0.00    0.00    0.00    0.00    0.11    0.01    3.36    1.88    1.48   33.94
T-A     0.00    0.00    0.00    0.00    0.00    0.00    0.05   -0.16    3.35    1.39    7.78   31.61
G-C     0.00    0.00    0.00    0.00    0.00    0.00    0.01   -0.39    3.32    0.43   11.60   30.53
T-A     0.00    0.00    0.00    0.00    0.00    0.00    0.00   -0.58    3.29   -0.36   11.38   31.12
A-T     0.00    0.00    0.00    0.00    0.00    0.00    0.04   -0.62    3.28   -0.54    7.38   33.17
T-A     0.00    0.00    0.00    0.00    0.00    0.00    0.09   -0.38    3.28   -0.12    1.47   35.84
T-A     0.00    0.00    0.00    0.00    0.00    0.00    0.11    0.11    3.28    0.47   -3.79   38.05
T-A     0.00    0.00    0.00    0.00    0.00    0.00    0.08    0.67    3.26    0.67   -6.36   38.94
G-C     0.00    0.00    0.00    0.00    0.00    0.00    0.03    1.07    3.24    0.21   -5.47   38.19
G-C     0.00    0.00    0.00    0.00    0.00    0.00   -0.01    1.09    3.22   -0.74   -1.84   36.20
A-T     0.00    0.00    0.00    0.00    0.00    0.00   -0.02    0.71    3.24   -1.67    2.87   33.86
A-T     0.00    0.00    0.00    0.00    0.00    0.00    0.02    0.11    3.30   -2.06    6.83   32.19
A-T     0.00    0.00    0.00    0.00    0.00    0.00    0.06   -0.43    3.38   -1.74    8.74   31.86
C-G     0.00    0.00    0.00    0.00    0.00    0.00    0.08   -0.64    3.45   -0.99    8.13   32.97
T-A     0.00    0.00    0.00    0.00    0.00    0.00    0.03   -0.45    3.47   -0.29    5.31   35.02
G-C     0.00    0.00    0.00    0.00    0.00    0.00   -0.05    0.02    3.43   -0.06    1.15   37.17
C-G     0.00    0.00    0.00    0.00    0.00    0.00   -0.13    0.51    3.38   -0.28   -3.17   38.64
T-A     0.00    0.00    0.00    0.00    0.00    0.00   -0.15    0.78    3.34   -0.59   -6.37   38.98
C-G     0.00    0.00    0.00    0.00    0.00    0.00   -0.09    0.76    3.35   -0.50   -7.28   38.23
C-G     0.00    0.00    0.00    0.00    0.00    0.00    0.05    0.51    3.39    0.21   -5.28   36.83
A-T     0.00    0.00    0.00    0.00    0.00    0.00    0.20    0.23    3.44    1.26   -0.66   35.39
T-A     0.00    0.00    0.00    0.00    0.00    0.00    0.28    0.08    3.45    2.05    5.19   34.45
C-G     0.00    0.00    0.00    0.00    0.00    0.00    0.24    0.10    3.41    1.95   10.04   34.32
A-T     0.00    0.00    0.00    0.00    0.00    0.00    0.09    0.24    3.34    0.76   11.63   34.96
A-T     0.00    0.00    0.00    0.00    0.00    0.00   -0.11    0.38    3.27   -1.14    8.80   36.10
A-T     0.00    0.00    0.00    0.00    0.00    0.00   -0.27    0.41    3.27   -2.93    2.18   37.30
A-T     0.00    0.00    0.00    0.00    0.00    0.00   -0.33    0.36    3.33   -3.79   -5.79   38.13
G-C     0.00    0.00    0.00    0.00    0.00    0.00   -0.26    0.29    3.44   -3.31  -11.84   38.27
G-C     0.00    0.00    0.00    0.00    0.00    0.00   -0.09    0.28    3.54   -1.71  -13.28   37.62
C-G     0.00    0.00    0.00    0.00    0.00    0.00    0.10    0.34    3.59    0.30   -9.34   36.34
A-T     0.00    0.00    0.00    0.00    0.00    0.00    0.22    0.42    3.56    1.93   -1.61   34.81
T-A     0.00    0.00    0.00    0.00    0.00    0.00    0.25    0.44    3.48    2.66    6.72   33.53
G-C     0.00    0.00    0.00    0.00    0.00    0.00    0.17    0.36    3.40    2.47   12.28   32.97
T-A     0.00    0.00    0.00    0.00    0.00    0.00    0.05    0.25    3.35    1.72   13.05   33.37
T-A     0.00    0.00    0.00    0.00    0.00    0.00   -0.06    0.23    3.34    0.88    9.20   34.67
C-G     0.00    0.00    0.00    0.00    0.00    0.00   -0.11    0.39    3.38    0.27    2.80   36.49
A-T     0.00    0.00    0.00    0.00    0.00    0.00   -0.07    0.72    3.42   -0.10   -3.29   38.22
G-C     0.00    0.00    0.00    0.00    0.00    0.00    0.01    1.07    3.43   -0.35   -6.73   39.23
C-G     0.00    0.00    0.00    0.00    0.00    0.00    0.08    1.25    3.42   -0.62   -6.62   39.12
T-A     0.00    0.00    0.00    0.00    0.00    0.00    0.10    1.10    3.39   -0.88   -3.60   37.82
G-C     0.00    0.00    0.00    0.00    0.00    0.00    0.06    0.63    3.36   -0.97    0.76   35.70
A-T     0.00    0.00    0.00    0.00    0.00    0.00   -0.02    0.02    3.36   -0.72    4.73   33.38
A-T     0.00    0.00    0.00    0.00    0.00    0.00   -0.10   -0.46    3.37   -0.11    7.10   31.60
T-A     0.00    0.00    0.00    0.00    0.00    0.00   -0.13   -0.59    3.39    0.63    7.37   30.95
T-A     0.00    0.00    0.00    0.00    0.00    0.00   -0.10   -0.29    3.40    1.19    5.72   31.67
C-G     0.00    0.00    0.00    0.00    0.00    0.00   -0.02    0.30    3.40    1.30    2.77   33.54
A-T     0.00    0.00    0.00    0.00    0.00    0.00    0.06    0.95    3.40    0.93   -0.54   35.94
G-C     0.00    0.00    0.00    0.00    0.00    0.00    0.11    1.39    3.39    0.29   -3.07   38.01
C-G     0.00    0.00    0.00    0.00    0.00    0.00    0.12    1.47    3.39   -0.26   -3.73   38.94
T-A     0.00    0.00    0.00    0.00    0.00    0.00    0.09    1.19    3.38   -0.46   -1.86   38.29
G-C     0.00    0.00    0.00    0.00    0.00    0.00    0.05    0.71    3.36   -0.29    2.33   36.20
A-T     0.00    0.00    0.00    0.00    0.00    0.00    0.02    0.21    3.32    0.08    7.55   33.36
A-T     0.00    0.00    0.00    0.00    0.00    0.00    0.01   -0.14    3.28    0.36   11.78   30.84
C-G     0.00    0.00    0.00    0.00    0.00    0.00    0.01   -0.26    3.26    0.36   13.03   29.68
A-T     0.00    0.00    0.00    0.00    0.00    0.00    0.00   -0.15    3.28    0.07   10.37   30.46
T-A     0.00    0.00    0.00    0.00    0.00    0.00   -0.02    0.13    3.32   -0.31    4.50   33.00
G-C     0.00    0.00    0.00    0.00    0.00    0.00   -0.05    0.47    3.37   -0.54   -2.34   36.41
C-G     0.00    0.00    0.00    0.00    0.00    0.00   -0.07    0.79    3.41   -0.48   -7.30   39.38
C-G     0.00    0.00    0.00    0.00    0.00    0.00   -0.06    0.97    3.42   -0.21   -8.27   40.72
T-A     0.00    0.00    0.00    0.00    0.00    0.00   -0.03    0.94    3.41    0.09   -4.79   39.84
T-A     0.00    0.00    0.00    0.00    0.00    0.00   -0.01    0.70    3.37    0.19    1.63   37.00
T-A     0.00    0.00    0.00    0.00    0.00    0.00   -0.02    0.29    3.33    0.02    8.30   33.27
T-A     0.00    0.00    0.00    0.00    0.00    0.00   -0.05   -0.13    3.30   -0.34   12.56   30.04
G-C     0.00    0.00    0.00    0.00    0.00    0.00   -0.08   -0.41    3.28   -0.67   12.95   28.50
A-T     0.00    0.00    0.00    0.00    0.00    0.00   -0.08   -0.42    3.27   -0.74    9.69   29.16
T-A     0.00    0.00    0.00    0.00    0.00    0.00   -0.03   -0.14    3.27   -0.52    4.36   31.70
G-C     0.00    0.00    0.00    0.00    0.00    0.00    0.08    0.30    3.27   -0.13   -0.92   35.09
G-C     0.00    0.00    0.00    0.00    0.00    0.00    0.18    0.72    3.28    0.18   -4.43   38.08
A-T     0.00    0.00    0.00    0.00    0.00    0.00    0.20    0.91    3.32    0.18   -5.38   39.66
G-C     0.00    0.00    0.00    0.00    0.00    0.00    0.12    0.78    3.36   -0.16   -3.91   39.44
C-G     0.00    0.00    0.00    0.00    0.00    0.00   -0.05    0.38    3.41   -0.66   -0.78   37.71
A-T     0.00    0.00    0.00    0.00    0.00    0.00   -0.22   -0.10    3.43   -1.02    3.03   35.29
G-C     0.00    0.00    0.00    0.00    0.00    0.00   -0.32   -0.45    3.42   -0.98    6.53   33.11
T-A     0.00    0.00    0.00    0.00    0.00    0.00   -0.28   -0.51    3.38   -0.46    8.87   31.93
T-A     0.00    0.00    0.00    0.00    0.00    0.00   -0.13   -0.25    3.32    0.30    9.38   32.01
T-A     0.00    0.00    0.00    0.00    0.00    0.00    0.05    0.21    3.27    0.92    7.74   33.13
C-G     0.00    0.00    0.00    0.00    0.00    0.00    0.16    0.65    3.25    1.03    4.23   34.70
C-G     0.00    0.00    0.00    0.00    0.00    0.00    0.13    0.88    3.25    0.47   -0.14   36.02
A-T     0.00    0.00    0.00    0.00    0.00    0.00   -0.01    0.82    3.26   -0.57   -3.84   36.57
A-T     0.00    0.00    0.00    0.00    0.00    0.00   -0.18    0.49    3.27   -1.64   -5.38   36.17
A-T     0.00    0.00    0.00    0.00    0.00    0.00   -0.27    0.02    3.27   -2.26   -3.98   35.02
T-A     0.00    0.00    0.00    0.00    0.00    0.00   -0.22   -0.41    3.28   -2.15   -0.07   33.59
A-T     0.00    0.00    0.00    0.00    0.00    0.00   -0.05   -0.67    3.30   -1.38    4.79   32.44
C-G     0.00    0.00    0.00    0.00    0.00    0.00    0.14   -0.70    3.32   -0.35    8.51   32.04
A-T     0.00    0.00    0.00    0.00    0.00    0.00    0.25   -0.52    3.35    0.45    9.47   32.56
C-G     0.00    0.00    0.00    0.00    0.00    0.00    0.20   -0.22    3.37    0.67    7.20   33.83
T-A     0.00    0.00    0.00    0.00    0.00    0.00    0.03    0.12    3.35    0.32    2.71   35.46
T-A     0.00    0.00    0.00    0.00    0.00    0.00   -0.19    0.43    3.30   -0.32   -2.01   36.90
T-A     0.00    0.00    0.00    0.00    0.00    0.00   -0.34    0.68    3.24   -0.84   -4.87   37.66
T-A     0.00    0.00    0.00    0.00    0.00    0.00   -0.36    0.85    3.19   -0.97   -4.59   37.47
G-C     0.00    0.00    0.00    0.00    0.00    0.00   -0.27    0.91    3.18   -0.74   -1.24   36.32
G-C     0.00    0.00    0.00    0.00    0.00    0.00   -0.12    0.83    3.19   -0.45    3.89   34.50
T-A     0.00    0.00    0.00    0.00    0.00    0.00   -0.01    0.57    3.23   -0.43    8.82   32.49
A-T     0.00    0.00    0.00    0.00    0.00    0.00    0.04    0.16    3.26   -0.85   11.75   30.86
G-C     0.00    0.00    0.00    0.00    0.00    0.00    0.03   -0.35    3.27   -1.57   11.67   30.09
A-T     0.00    0.00    0.00    0.00    0.00    0.00    0.00   -0.82    3.28   -2.19    8.68   30.45
A-T     0.00    0.00    0.00    0.00    0.00    0.00   -0.02   -1.09    3.27   -2.36    3.82   31.89
T-A     0.00    0.00    0.00    0.00    0.00    0.00   -0.03   -1.03    3.28   -1.91   -1.32   34.05
C-G     0.00    0.00    0.00    0.00    0.00    0.00   -0.05   -0.62    3.29   -1.06   -5.16   36.31
T-A     0.00    0.00    0.00    0.00    0.00    0.00   -0.10    0.01    3.29   -0.22   -6.61   37.98
G-C     0.00    0.00    0.00    0.00    0.00    0.00   -0.16    0.67    3.26    0.20   -5.36   38.56
C-G     0.00    0.00    0.00    0.00    0.00    0.00   -0.21    1.10    3.22    0.07   -1.90   37.87
A-T     0.00    0.00    0.00    0.00    0.00    0.00   -0.20    1.15    3.17   -0.45    2.65   36.16
G-C     0.00    0.00    0.00    0.00    0.00    0.00   -0.11    0.83    3.15   -1.01    6.91   34.01
G-C     0.00    0.00    0.00    0.00    0.00    0.00    0.02    0.30    3.18   -1.31    9.67   32.17
T-A     0.00    0.00    0.00    0.00    0.00    0.00    0.12   -0.23    3.24   -1.30   10.25   31.22
G-C     0.00    0.00    0.00    0.00    0.00    0.00    0.11   -0.54    3.31   -1.12    8.68   31.41
G-C     0.00    0.00    0.00    0.00    0.00    0.00   -0.01   -0.56    3.35   -1.03    5.63   32.56
A-T     0.00    0.00    0.00    0.00    0.00    0.00   -0.18   -0.36    3.35   -1.11    2.15   34.14
T-A     0.00    0.00    0.00    0.00    0.00    0.00   -0.30   -0.09    3.31   -1.24   -0.70   35.53
A-T     0.00    0.00    0.00    0.00    0.00    0.00   -0.30    0.09    3.26   -1.15   -2.18   36.24
T-A     0.00    0.00    0.00    0.00    0.00    0.00   -0.14    0.10    3.24   -0.67   -2.07   36.11
T-A     0.00    0.00    0.00    0.00    0.00    0.00    0.07    0.00    3.26    0.09   -0.64   35.33
G-C     0.00    0.00    0.00    0.00    0.00    0.00    0.23   -0.13    3.31    0.73    1.45   34.33
A-T     0.00    0.00    0.00    0.00    0.00    0.00    0.25   -0.17    3.35    0.82    3.42   33.61
T-A     0.00    0.00    0.00    0.00    0.00    0.00    0.11   -0.11    3.35    0.19    4.53   33.50
