 146 base-pairs
   0  ***local base-pair & step parameters***
       Shear  Stretch  Stagger Buckle Prop-Tw Opening   Shift  Slide    Rise    Tilt    Roll   Twist
A-T     0.00    0.00    0.00    0.00    0.00    0.00    0.00    0.00    0.00    0.00    0.00    0.00
T-A     0.00    0.00    0.00    0.00    0.00    0.00   -0.08   -0.27    3.28   -1.00    4.60   33.88
C-G     0.00    0.00    0.00    0.00    0.00    0.00   -0.25   -0.16    3.22   -2.08    2.99   34.96
A-T     0.00    0.00    0.00    0.00    0.00    0.00   -0.26   -0.11    3.19   -2.35    0.53   36.13
A-T     0.00    0.00    0.00    0.00    0.00    0.00   -0.12   -0.15    3.20   -1.53   -1.93   36.91
T-A     0.00    0.00    0.00    0.00    0.00    0.00    0.09   -0.23    3.27    0.04   -3.47   36.95
A-T     0.00    0.00    0.00    0.00    0.00    0.00    0.24   -0.30    3.34    1.61   -3.39   36.11
T-A     0.00    0.00    0.00    0.00    0.00    0.00    0.25   -0.33    3.39    2.36   -1.51   34.55
C-G     0.00    0.00    0.00    0.00    0.00    0.00    0.11   -0.31    3.39    1.90    1.68   32.70
C-G     0.00    0.00    0.00    0.00    0.00    0.00   -0.11   -0.27    3.35    0.47    5.18   31.13
A-T     0.00    0.00    0.00    0.00    0.00    0.00   -0.27   -0.20    3.30   -1.17    7.81   30.40
C-G     0.00    0.00    0.00    0.00    0.00    0.00   -0.29   -0.07    3.29   -2.21    8.66   30.84
C-G     0.00    0.00    0.00    0.00    0.00    0.00   -0.18    0.15    3.33   -2.17    7.36   32.45
T-A     0.00    0.00    0.00    0.00    0.00    0.00    0.01    0.45    3.38   -1.20    4.24   34.84
G-C     0.00    0.00    0.00    0.00    0.00    0.00    0.18    0.74    3.40    0.15    0.14   37.34
C-G     0.00    0.00    0.00    0.00    0.00    0.00    0.24    0.89    3.38    1.24   -3.81   39.19
A-T     0.00    0.00    0.00    0.00    0.00    0.00    0.20    0.79    3.30    1.76   -6.50   39.79
G-C     0.00    0.00    0.00    0.00    0.00    0.00    0.12    0.41    3.21    1.82   -7.09   38.88
A-T     0.00    0.00    0.00    0.00    0.00    0.00    0.05   -0.14    3.16    1.78   -5.22   36.66
T-A     0.00    0.00    0.00    0.00    0.00    0.00    0.04   -0.63    3.16    1.94   -1.10   33.72
T-A     0.00    0.00    0.00    0.00    0.00    0.00    0.09   -0.86    3.22    2.27    4.37   30.88
C-G     0.00    0.00    0.00    0.00    0.00    0.00    0.15   -0.74    3.29    2.44    9.73   28.97
T-A     0.00    0.00    0.00    0.00    0.00    0.00    0.18   -0.33    3.33    2.08   13.28   28.52
A-T     0.00    0.00    0.00    0.00    0.00    0.00    0.17    0.17    3.32    1.09   13.63   29.68
C-G     0.00    0.00    0.00    0.00    0.00    0.00    0.13    0.56    3.27   -0.19   10.35   32.08
C-G     0.00    0.00    0.00    0.00    0.00    0.00    0.11    0.70    3.21   -1.17    4.34   34.96
A-T     0.00    0.00    0.00    0.00    0.00    0.00    0.13    0.59    3.19   -1.32   -2.34   37.39
A-T     0.00    0.00    0.00    0.00    0.00    0.00    0.17    0.35    3.23   -0.56   -7.17   38.56
A-T     0.00    0.00    0.00    0.00    0.00    0.00    0.20    0.10    3.30    0.69   -8.23   38.10
A-T     0.00    0.00    0.00    0.00    0.00    0.00    0.20   -0.08    3.36    1.72   -5.11   36.19
G-C     0.00    0.00    0.00    0.00    0.00    0.00    0.14   -0.22    3.40    1.98    0.82   33.58
T-A     0.00    0.00    0.00    0.00    0.00    0.00    0.07   -0.39    3.40    1.38    6.97   31.28
G-C     0.00    0.00    0.00    0.00    0.00    0.00    0.00   -0.60    3.37    0.32   10.68   30.23
T-A     0.00    0.00    0.00    0.00    0.00    0.00   -0.01   -0.78    3.35   -0.56   10.42   30.88
A-T     0.00    0.00    0.00    0.00    0.00    0.00    0.01   -0.78    3.34   -0.81    6.45   32.98
T-A     0.00    0.00    0.00    0.00    0.00    0.00    0.04   -0.51    3.34   -0.45    0.63   35.71
T-A     0.00    0.00    0.00    0.00    0.00    0.00    0.05    0.02    3.33    0.09   -4.50   37.99
T-A     0.00    0.00    0.00    0.00    0.00    0.00    0.02    0.63    3.30    0.27   -6.87   38.94
G-C     0.00    0.00    0.00    0.00    0.00    0.00   -0.04    1.06    3.26   -0.20   -5.75   38.26
G-C     0.00    0.00    0.00    0.00    0.00    0.00   -0.08    1.12    3.22   -1.14   -1.86   36.33
A-T     0.00    0.00    0.00    0.00    0.00    0.00   -0.08    0.78    3.23   -2.04    3.11   34.06
A-T     0.00    0.00    0.00    0.00    0.00    0.00   -0.04    0.21    3.27   -2.39    7.32   32.45
A-T     0.00    0.00    0.00    0.00    0.00    0.00    0.01   -0.29    3.33   -2.04    9.45   32.18
C-G     0.00    0.00    0.00    0.00    0.00    0.00    0.03   -0.48    3.38   -1.23    9.01   33.34
T-A     0.00    0.00    0.00    0.00    0.00    0.00    0.00   -0.28    3.39   -0.49    6.31   35.43
G-C     0.00    0.00    0.00    0.00    0.00    0.00   -0.08    0.19    3.34   -0.20    2.21   37.62
C-G     0.00    0.00    0.00    0.00    0.00    0.00   -0.15    0.67    3.29   -0.37   -2.12   39.11
T-A     0.00    0.00    0.00    0.00    0.00    0.00   -0.16    0.94    3.25   -0.63   -5.40   39.47
C-G     0.00    0.00    0.00    0.00    0.00    0.00   -0.08    0.89    3.26   -0.49   -6.46   38.71
C-G     0.00    0.00    0.00    0.00    0.00    0.00    0.07    0.63    3.31    0.25   -4.67   37.29
A-T     0.00    0.00    0.00    0.00    0.00    0.00    0.22    0.32    3.38    1.34   -0.29   35.82
T-A     0.00    0.00    0.00    0.00    0.00    0.00    0.31    0.14    3.41    2.15    5.28   34.83
C-G     0.00    0.00    0.00    0.00    0.00    0.00    0.27    0.14    3.39    2.08    9.83   34.63
A-T     0.00    0.00    0.00    0.00    0.00    0.00    0.13    0.25    3.34    0.90   11.15   35.19
A-T     0.00    0.00    0.00    0.00    0.00    0.00   -0.07    0.36    3.31   -0.98    8.06   36.23
A-T     0.00    0.00    0.00    0.00    0.00    0.00   -0.24    0.37    3.32   -2.77    1.22   37.32
A-T     0.00    0.00    0.00    0.00    0.00    0.00   -0.30    0.29    3.41   -3.62   -6.91   38.03
G-C     0.00    0.00    0.00    0.00    0.00    0.00   -0.23    0.20    3.53   -3.14  -13.05   38.05
G-C     0.00    0.00    0.00    0.00    0.00    0.00   -0.07    0.18    3.65   -1.54  -14.50   37.28
C-G     0.00    0.00    0.00    0.00    0.00    0.00    0.12    0.24    3.70    0.48  -10.50   35.88
A-T     0.00    0.00    0.00    0.00    0.00    0.00    0.25    0.31    3.68    2.11   -2.63   34.24
T-A     0.00    0.00    0.00    0.00    0.00    0.00    0.27    0.33    3.59    2.84    5.90   32.87
G-C     0.00    0.00    0.00    0.00    0.00    0.00    0.19    0.25    3.50    2.64   11.72   32.23
T-A     0.00    0.00    0.00    0.00    0.00    0.00    0.06    0.15    3.43    1.88   12.79   32.59
T-A     0.00    0.00    0.00    0.00    0.00    0.00   -0.05    0.15    3.41    1.03    9.26   33.88
C-G     0.00    0.00    0.00    0.00    0.00    0.00   -0.09    0.32    3.42    0.40    3.18   35.71
A-T     0.00    0.00    0.00    0.00    0.00    0.00   -0.06    0.67    3.43    0.02   -2.60   37.48
G-C     0.00    0.00    0.00    0.00    0.00    0.00    0.01    1.04    3.42   -0.26   -5.78   38.58
C-G     0.00    0.00    0.00    0.00    0.00    0.00    0.08    1.24    3.38   -0.55   -5.46   38.58
T-A     0.00    0.00    0.00    0.00    0.00    0.00    0.11    1.11    3.33   -0.85   -2.29   37.43
G-C     0.00    0.00    0.00    0.00    0.00    0.00    0.06    0.66    3.28   -0.97    2.13   35.47
A-T     0.00    0.00    0.00    0.00    0.00    0.00   -0.02    0.06    3.26   -0.76    6.09   33.33
A-T     0.00    0.00    0.00    0.00    0.00    0.00   -0.11   -0.41    3.26   -0.19    8.36   31.75
T-A     0.00    0.00    0.00    0.00    0.00    0.00   -0.14   -0.52    3.27    0.52    8.46   31.29
T-A     0.00    0.00    0.00    0.00    0.00    0.00   -0.12   -0.22    3.29    1.04    6.56   32.20
C-G     0.00    0.00    0.00    0.00    0.00    0.00   -0.05    0.38    3.30    1.13    3.32   34.24
A-T     0.00    0.00    0.00    0.00    0.00    0.00    0.03    1.03    3.31    0.73   -0.31   36.79
G-C     0.00    0.00    0.00    0.00    0.00    0.00    0.08    1.46    3.32    0.09   -3.18   38.97
C-G     0.00    0.00    0.00    0.00    0.00    0.00    0.08    1.53    3.34   -0.47   -4.17   39.97
T-A     0.00    0.00    0.00    0.00    0.00    0.00    0.05    1.25    3.35   -0.68   -2.61   39.35
G-C     0.00    0.00    0.00    0.00    0.00    0.00    0.01    0.75    3.35   -0.49    1.31   37.23
A-T     0.00    0.00    0.00    0.00    0.00    0.00   -0.02    0.24    3.34   -0.11    6.32   34.33
A-T     0.00    0.00    0.00    0.00    0.00    0.00   -0.02   -0.13    3.33    0.20   10.42   31.70
C-G     0.00    0.00    0.00    0.00    0.00    0.00   -0.02   -0.27    3.33    0.22   11.62   30.40
A-T     0.00    0.00    0.00    0.00    0.00    0.00   -0.02   -0.18    3.35   -0.03    8.99   30.99
T-A     0.00    0.00    0.00    0.00    0.00    0.00   -0.04    0.08    3.40   -0.37    3.23   33.32
G-C     0.00    0.00    0.00    0.00    0.00    0.00   -0.06    0.41    3.46   -0.57   -3.43   36.50
C-G     0.00    0.00    0.00    0.00    0.00    0.00   -0.07    0.71    3.50   -0.48   -8.15   39.24
C-G     0.00    0.00    0.00    0.00    0.00    0.00   -0.05    0.89    3.51   -0.17   -8.82   40.35
T-A     0.00    0.00    0.00    0.00    0.00    0.00   -0.01    0.86    3.48    0.15   -5.03   39.25
T-A     0.00    0.00    0.00    0.00    0.00    0.00    0.02    0.61    3.43    0.28    1.72   36.23
T-A     0.00    0.00    0.00    0.00    0.00    0.00    0.02    0.21    3.38    0.11    8.71   32.35
T-A     0.00    0.00    0.00    0.00    0.00    0.00    0.00   -0.20    3.33   -0.24   13.26   29.01
G-C     0.00    0.00    0.00    0.00    0.00    0.00   -0.04   -0.47    3.29   -0.56   13.89   27.40
A-T     0.00    0.00    0.00    0.00    0.00    0.00   -0.03   -0.46    3.27   -0.64   10.81   28.05
T-A     0.00    0.00    0.00    0.00    0.00    0.00    0.02   -0.16    3.25   -0.42    5.59   30.63
G-C     0.00    0.00    0.00    0.00    0.00    0.00    0.13    0.31    3.23   -0.03    0.35   34.10
G-C     0.00    0.00    0.00    0.00    0.00    0.00    0.22    0.75    3.24    0.26   -3.20   37.23
A-T     0.00    0.00    0.00    0.00    0.00    0.00    0.24    0.97    3.26    0.26   -4.25   38.98
G-C     0.00    0.00    0.00    0.00    0.00    0.00    0.15    0.86    3.30   -0.09   -2.95   38.96
C-G     0.00    0.00    0.00    0.00    0.00    0.00   -0.03    0.48    3.35   -0.60   -0.04   37.45
A-T     0.00    0.00    0.00    0.00    0.00    0.00   -0.22    0.01    3.38   -0.96    3.50   35.25
G-C     0.00    0.00    0.00    0.00    0.00    0.00   -0.32   -0.33    3.37   -0.91    6.73   33.29
T-A     0.00    0.00    0.00    0.00    0.00    0.00   -0.30   -0.38    3.34   -0.39    8.80   32.32
T-A     0.00    0.00    0.00    0.00    0.00    0.00   -0.15   -0.12    3.29    0.38    9.05   32.59
T-A     0.00    0.00    0.00    0.00    0.00    0.00    0.02    0.33    3.26    1.01    7.18   33.86
C-G     0.00    0.00    0.00    0.00    0.00    0.00    0.13    0.75    3.24    1.13    3.48   35.54
C-G     0.00    0.00    0.00    0.00    0.00    0.00    0.10    0.96    3.25    0.58   -1.02   36.93
A-T     0.00    0.00    0.00    0.00    0.00    0.00   -0.05    0.87    3.27   -0.44   -4.79   37.51
A-T     0.00    0.00    0.00    0.00    0.00    0.00   -0.22    0.51    3.29   -1.51   -6.34   37.09
A-T     0.00    0.00    0.00    0.00    0.00    0.00   -0.31    0.01    3.30   -2.13   -4.89   35.87
T-A     0.00    0.00    0.00    0.00    0.00    0.00   -0.25   -0.46    3.31   -2.03   -0.87   34.34
A-T     0.00    0.00    0.00    0.00    0.00    0.00   -0.08   -0.76    3.33   -1.29    4.13   33.06
C-G     0.00    0.00    0.00    0.00    0.00    0.00    0.13   -0.82    3.35   -0.28    8.05   32.50
A-T     0.00    0.00    0.00    0.00    0.00    0.00    0.24   -0.67    3.38    0.48    9.20   32.85
C-G     0.00    0.00    0.00    0.00    0.00    0.00    0.20   -0.39    3.38    0.65    7.14   33.95
T-A     0.00    0.00    0.00    0.00    0.00    0.00    0.04   -0.07    3.35    0.24    2.85   35.40
T-A     0.00    0.00    0.00    0.00    0.00    0.00   -0.17    0.24    3.29   -0.46   -1.70   36.68
T-A     0.00    0.00    0.00    0.00    0.00    0.00   -0.32    0.49    3.23   -1.04   -4.41   37.30
T-A     0.00    0.00    0.00    0.00    0.00    0.00   -0.34    0.67    3.17   -1.23   -4.04   37.00
G-C     0.00    0.00    0.00    0.00    0.00    0.00   -0.25    0.75    3.16   -1.06   -0.63   35.77
G-C     0.00    0.00    0.00    0.00    0.00    0.00   -0.11    0.70    3.17   -0.81    4.50   33.90
T-A     0.00    0.00    0.00    0.00    0.00    0.00    0.01    0.49    3.20   -0.82    9.40   31.88
A-T     0.00    0.00    0.00    0.00    0.00    0.00    0.05    0.12    3.24   -1.26   12.24   30.27
G-C     0.00    0.00    0.00    0.00    0.00    0.00    0.04   -0.35    3.25   -1.98   12.05   29.55
A-T     0.00    0.00    0.00    0.00    0.00    0.00    0.00   -0.77    3.26   -2.59    8.92   29.98
A-T     0.00    0.00    0.00    0.00    0.00    0.00   -0.03   -0.98    3.27   -2.71    3.91   31.52
T-A     0.00    0.00    0.00    0.00    0.00    0.00   -0.04   -0.88    3.28   -2.21   -1.37   33.79
C-G     0.00    0.00    0.00    0.00    0.00    0.00   -0.07   -0.44    3.30   -1.28   -5.35   36.16
T-A     0.00    0.00    0.00    0.00    0.00    0.00   -0.11    0.23    3.30   -0.35   -6.92   37.94
G-C     0.00    0.00    0.00    0.00    0.00    0.00   -0.18    0.91    3.28    0.18   -5.75   38.63
C-G     0.00    0.00    0.00    0.00    0.00    0.00   -0.23    1.35    3.24    0.16   -2.33   38.02
A-T     0.00    0.00    0.00    0.00    0.00    0.00   -0.22    1.41    3.20   -0.25    2.22   36.38
G-C     0.00    0.00    0.00    0.00    0.00    0.00   -0.12    1.08    3.18   -0.70    6.52   34.28
G-C     0.00    0.00    0.00    0.00    0.00    0.00    0.02    0.52    3.21   -0.90    9.36   32.47
T-A     0.00    0.00    0.00    0.00    0.00    0.00    0.12   -0.04    3.27   -0.79   10.04   31.52
G-C     0.00    0.00    0.00    0.00    0.00    0.00    0.12   -0.40    3.33   -0.55    8.59   31.69
G-C     0.00    0.00    0.00    0.00    0.00    0.00    0.01   -0.48    3.37   -0.41    5.68   32.79
A-T     0.00    0.00    0.00    0.00    0.00    0.00   -0.15   -0.33    3.36   -0.47    2.33   34.32
T-A     0.00    0.00    0.00    0.00    0.00    0.00   -0.27   -0.12    3.30   -0.61   -0.39   35.64
A-T     0.00    0.00    0.00    0.00    0.00    0.00   -0.25    0.00    3.25   -0.55   -1.77   36.29
T-A     0.00    0.00    0.00    0.00    0.00    0.00   -0.10   -0.04    3.22   -0.14   -1.59   36.09
T-A     0.00    0.00    0.00    0.00    0.00    0.00    0.12   -0.19    3.23    0.53   -0.13   35.24
G-C     0.00    0.00    0.00    0.00    0.00    0.00    0.28   -0.36    3.28    1.05    1.96   34.19
A-T     0.00    0.00    0.00    0.00    0.00    0.00    0.29   -0.44    3.32    1.02    3.88   33.43
T-A     0.00    0.00    0.00    0.00    0.00    0.00    0.15   -0.39    3.32    0.24    4.90   33.30
