 146 base-pairs
   0  ***local base-pair & step parameters***
       Shear  Stretch  Stagger Buckle Prop-Tw Opening   Shift  Slide    Rise    Tilt    Roll   Twist
A-T     0.00    0.00    0.00    0.00    0.00    0.00    0.00    0.00    0.00    0.00    0.00    0.00
T-A     0.00    0.00    0.00    0.00    0.00    0.00   -0.10    0.06    3.28   -1.36    6.23   32.91
C-G     0.00    0.00    0.00    0.00    0.00    0.00   -0.13    0.06    3.28   -1.56    4.47   33.71
A-T     0.00    0.00    0.00    0.00    0.00    0.00   -0.11    0.09    3.29   -1.19    1.89   34.91
A-T     0.00    0.00    0.00    0.00    0.00    0.00   -0.03    0.10    3.29   -0.34   -0.69   36.05
T-A     0.00    0.00    0.00    0.00    0.00    0.00    0.07    0.05    3.28    0.74   -2.40   36.63
A-T     0.00    0.00    0.00    0.00    0.00    0.00    0.16   -0.08    3.27    1.68   -2.64   36.32
T-A     0.00    0.00    0.00    0.00    0.00    0.00    0.19   -0.26    3.27    2.16   -1.25   35.08
C-G     0.00    0.00    0.00    0.00    0.00    0.00    0.16   -0.45    3.26    2.02    1.45   33.25
C-G     0.00    0.00    0.00    0.00    0.00    0.00    0.08   -0.55    3.27    1.30    4.69   31.44
A-T     0.00    0.00    0.00    0.00    0.00    0.00   -0.01   -0.50    3.28    0.26    7.44   30.33
C-G     0.00    0.00    0.00    0.00    0.00    0.00   -0.08   -0.29    3.30   -0.76    8.78   30.41
C-G     0.00    0.00    0.00    0.00    0.00    0.00   -0.09    0.04    3.30   -1.42    8.10   31.82
T-A     0.00    0.00    0.00    0.00    0.00    0.00   -0.04    0.38    3.30   -1.52    5.42   34.18
G-C     0.00    0.00    0.00    0.00    0.00    0.00    0.05    0.62    3.29   -1.06    1.41   36.79
C-G     0.00    0.00    0.00    0.00    0.00    0.00    0.13    0.67    3.28   -0.20   -2.75   38.77
A-T     0.00    0.00    0.00    0.00    0.00    0.00    0.18    0.50    3.26    0.78   -5.70   39.39
G-C     0.00    0.00    0.00    0.00    0.00    0.00    0.18    0.16    3.25    1.57   -6.35   38.37
A-T     0.00    0.00    0.00    0.00    0.00    0.00    0.13   -0.26    3.26    1.99   -4.29   35.95
T-A     0.00    0.00    0.00    0.00    0.00    0.00    0.06   -0.63    3.28    1.95    0.02   32.89
T-A     0.00    0.00    0.00    0.00    0.00    0.00    0.00   -0.82    3.30    1.55    5.33   30.18
C-G     0.00    0.00    0.00    0.00    0.00    0.00   -0.02   -0.79    3.32    0.93    9.92   28.72
T-A     0.00    0.00    0.00    0.00    0.00    0.00    0.01   -0.53    3.33    0.29   12.21   29.02
A-T     0.00    0.00    0.00    0.00    0.00    0.00    0.06   -0.14    3.33   -0.22   11.31   31.01
C-G     0.00    0.00    0.00    0.00    0.00    0.00    0.12    0.28    3.30   -0.52    7.36   34.03
C-G     0.00    0.00    0.00    0.00    0.00    0.00    0.16    0.60    3.27   -0.58    1.57   37.11
A-T     0.00    0.00    0.00    0.00    0.00    0.00    0.15    0.75    3.25   -0.46   -4.14   39.27
A-T     0.00    0.00    0.00    0.00    0.00    0.00    0.12    0.68    3.24   -0.21   -7.86   39.85
A-T     0.00    0.00    0.00    0.00    0.00    0.00    0.07    0.43    3.25    0.09   -8.29   38.75
A-T     0.00    0.00    0.00    0.00    0.00    0.00    0.03    0.09    3.28    0.38   -5.28   36.43
G-C     0.00    0.00    0.00    0.00    0.00    0.00    0.01   -0.26    3.32    0.61    0.10   33.74
T-A     0.00    0.00    0.00    0.00    0.00    0.00    0.02   -0.51    3.36    0.74    5.90   31.62
G-C     0.00    0.00    0.00    0.00    0.00    0.00    0.04   -0.60    3.38    0.75   10.05   30.74
T-A     0.00    0.00    0.00    0.00    0.00    0.00    0.07   -0.52    3.37    0.63   11.04   31.32
A-T     0.00    0.00    0.00    0.00    0.00    0.00    0.07   -0.28    3.35    0.42    8.57   33.05
T-A     0.00    0.00    0.00    0.00    0.00    0.00    0.06    0.04    3.32    0.17    3.64   35.25
T-A     0.00    0.00    0.00    0.00    0.00    0.00    0.05    0.37    3.29   -0.04   -1.85   37.13
T-A     0.00    0.00    0.00    0.00    0.00    0.00    0.04    0.63    3.27   -0.16   -5.77   38.06
G-C     0.00    0.00    0.00    0.00    0.00    0.00    0.04    0.74    3.28   -0.18   -6.64   37.83
G-C     0.00    0.00    0.00    0.00    0.00    0.00    0.07    0.68    3.29   -0.13   -4.17   36.64
A-T     0.00    0.00    0.00    0.00    0.00    0.00    0.11    0.47    3.32   -0.08    0.61   35.07
A-T     0.00    0.00    0.00    0.00    0.00    0.00    0.12    0.19    3.35   -0.12    5.72   33.76
A-T     0.00    0.00    0.00    0.00    0.00    0.00    0.11   -0.09    3.37   -0.30    9.04   33.26
C-G     0.00    0.00    0.00    0.00    0.00    0.00    0.05   -0.28    3.37   -0.57    9.13   33.74
T-A     0.00    0.00    0.00    0.00    0.00    0.00   -0.04   -0.31    3.37   -0.85    5.83   35.00
G-C     0.00    0.00    0.00    0.00    0.00    0.00   -0.11   -0.17    3.37   -0.98    0.36   36.53
C-G     0.00    0.00    0.00    0.00    0.00    0.00   -0.15    0.09    3.37   -0.86   -5.15   37.73
T-A     0.00    0.00    0.00    0.00    0.00    0.00   -0.12    0.39    3.38   -0.43   -8.47   38.12
C-G     0.00    0.00    0.00    0.00    0.00    0.00   -0.04    0.63    3.38    0.21   -8.17   37.54
C-G     0.00    0.00    0.00    0.00    0.00    0.00    0.08    0.73    3.39    0.87   -4.19   36.21
A-T     0.00    0.00    0.00    0.00    0.00    0.00    0.18    0.67    3.38    1.31    2.09   34.61
T-A     0.00    0.00    0.00    0.00    0.00    0.00    0.22    0.50    3.37    1.31    8.36   33.37
C-G     0.00    0.00    0.00    0.00    0.00    0.00    0.19    0.28    3.35    0.80   12.23   32.97
A-T     0.00    0.00    0.00    0.00    0.00    0.00    0.09    0.11    3.33   -0.13   12.16   33.60
A-T     0.00    0.00    0.00    0.00    0.00    0.00   -0.05    0.08    3.33   -1.22    8.07   35.08
A-T     0.00    0.00    0.00    0.00    0.00    0.00   -0.17    0.18    3.34   -2.13    1.37   36.92
A-T     0.00    0.00    0.00    0.00    0.00    0.00   -0.22    0.38    3.37   -2.55   -5.55   38.46
G-C     0.00    0.00    0.00    0.00    0.00    0.00   -0.19    0.57    3.41   -2.30  -10.18   39.17
G-C     0.00    0.00    0.00    0.00    0.00    0.00   -0.09    0.68    3.45   -1.44  -10.88   38.76
C-G     0.00    0.00    0.00    0.00    0.00    0.00    0.03    0.64    3.48   -0.21   -7.44   37.35
A-T     0.00    0.00    0.00    0.00    0.00    0.00    0.14    0.46    3.47    1.03   -1.14   35.43
T-A     0.00    0.00    0.00    0.00    0.00    0.00    0.18    0.23    3.45    1.90    5.71   33.64
G-C     0.00    0.00    0.00    0.00    0.00    0.00    0.14    0.06    3.41    2.17   10.68   32.63
T-A     0.00    0.00    0.00    0.00    0.00    0.00    0.05    0.03    3.37    1.77   12.10   32.76
T-A     0.00    0.00    0.00    0.00    0.00    0.00   -0.05    0.21    3.34    0.88    9.64   33.99
C-G     0.00    0.00    0.00    0.00    0.00    0.00   -0.12    0.53    3.34   -0.22    4.42   35.89
A-T     0.00    0.00    0.00    0.00    0.00    0.00   -0.13    0.89    3.35   -1.18   -1.49   37.76
G-C     0.00    0.00    0.00    0.00    0.00    0.00   -0.08    1.13    3.38   -1.76   -5.86   38.90
C-G     0.00    0.00    0.00    0.00    0.00    0.00    0.00    1.14    3.41   -1.82   -7.15   38.86
T-A     0.00    0.00    0.00    0.00    0.00    0.00    0.07    0.89    3.43   -1.43   -5.06   37.59
G-C     0.00    0.00    0.00    0.00    0.00    0.00    0.11    0.45    3.44   -0.74   -0.58   35.51
A-T     0.00    0.00    0.00    0.00    0.00    0.00    0.09   -0.03    3.43    0.01    4.41   33.36
A-T     0.00    0.00    0.00    0.00    0.00    0.00    0.02   -0.37    3.41    0.65    7.94   31.94
T-A     0.00    0.00    0.00    0.00    0.00    0.00   -0.05   -0.43    3.39    1.04    8.67   31.80
T-A     0.00    0.00    0.00    0.00    0.00    0.00   -0.10   -0.17    3.39    1.17    6.42   33.05
C-G     0.00    0.00    0.00    0.00    0.00    0.00   -0.10    0.33    3.40    1.09    2.22   35.28
A-T     0.00    0.00    0.00    0.00    0.00    0.00   -0.04    0.89    3.41    0.87   -2.16   37.68
G-C     0.00    0.00    0.00    0.00    0.00    0.00    0.03    1.32    3.42    0.58   -4.86   39.35
C-G     0.00    0.00    0.00    0.00    0.00    0.00    0.10    1.44    3.42    0.29   -4.73   39.59
T-A     0.00    0.00    0.00    0.00    0.00    0.00    0.12    1.23    3.40    0.01   -1.70   38.21
G-C     0.00    0.00    0.00    0.00    0.00    0.00    0.09    0.74    3.37   -0.22    3.15   35.60
A-T     0.00    0.00    0.00    0.00    0.00    0.00    0.02    0.16    3.33   -0.38    7.98   32.63
A-T     0.00    0.00    0.00    0.00    0.00    0.00   -0.05   -0.31    3.30   -0.45   10.95   30.33
C-G     0.00    0.00    0.00    0.00    0.00    0.00   -0.09   -0.51    3.29   -0.41   10.85   29.54
A-T     0.00    0.00    0.00    0.00    0.00    0.00   -0.08   -0.39    3.31   -0.24    7.62   30.58
T-A     0.00    0.00    0.00    0.00    0.00    0.00   -0.03    0.00    3.35    0.00    2.35   33.12
G-C     0.00    0.00    0.00    0.00    0.00    0.00    0.04    0.49    3.39    0.25   -3.10   36.31
C-G     0.00    0.00    0.00    0.00    0.00    0.00    0.10    0.89    3.43    0.46   -6.78   39.02
C-G     0.00    0.00    0.00    0.00    0.00    0.00    0.11    1.07    3.45    0.56   -7.32   40.29
T-A     0.00    0.00    0.00    0.00    0.00    0.00    0.07    0.96    3.44    0.55   -4.47   39.67
T-A     0.00    0.00    0.00    0.00    0.00    0.00   -0.01    0.64    3.40    0.46    0.86   37.37
T-A     0.00    0.00    0.00    0.00    0.00    0.00   -0.09    0.23    3.35    0.33    6.86   34.18
T-A     0.00    0.00    0.00    0.00    0.00    0.00   -0.13   -0.09    3.29    0.23   11.52   31.20
G-C     0.00    0.00    0.00    0.00    0.00    0.00   -0.11   -0.22    3.25    0.17   13.28   29.46
A-T     0.00    0.00    0.00    0.00    0.00    0.00   -0.04   -0.11    3.23    0.12   11.60   29.49
T-A     0.00    0.00    0.00    0.00    0.00    0.00    0.05    0.16    3.24    0.04    7.11   31.20
G-C     0.00    0.00    0.00    0.00    0.00    0.00    0.12    0.47    3.26   -0.13    1.41   33.90
G-C     0.00    0.00    0.00    0.00    0.00    0.00    0.14    0.67    3.29   -0.40   -3.56   36.59
A-T     0.00    0.00    0.00    0.00    0.00    0.00    0.08    0.69    3.33   -0.73   -6.13   38.30
G-C     0.00    0.00    0.00    0.00    0.00    0.00   -0.01    0.50    3.36   -0.99   -5.53   38.50
C-G     0.00    0.00    0.00    0.00    0.00    0.00   -0.12    0.19    3.37   -1.10   -2.10   37.21
A-T     0.00    0.00    0.00    0.00    0.00    0.00   -0.18   -0.14    3.37   -0.96    2.84   35.03
G-C     0.00    0.00    0.00    0.00    0.00    0.00   -0.18   -0.35    3.36   -0.58    7.51   32.83
T-A     0.00    0.00    0.00    0.00    0.00    0.00   -0.12   -0.36    3.34   -0.07   10.27   31.46
T-A     0.00    0.00    0.00    0.00    0.00    0.00   -0.02   -0.17    3.31    0.41   10.21   31.40
T-A     0.00    0.00    0.00    0.00    0.00    0.00    0.06    0.17    3.28    0.66    7.50   32.58
C-G     0.00    0.00    0.00    0.00    0.00    0.00    0.09    0.53    3.24    0.58    3.23   34.47
C-G     0.00    0.00    0.00    0.00    0.00    0.00    0.05    0.79    3.22    0.16   -0.95   36.27
A-T     0.00    0.00    0.00    0.00    0.00    0.00   -0.03    0.85    3.20   -0.51   -3.48   37.25
A-T     0.00    0.00    0.00    0.00    0.00    0.00   -0.13    0.70    3.21   -1.22   -3.45   37.01
A-T     0.00    0.00    0.00    0.00    0.00    0.00   -0.19    0.38    3.23   -1.75   -0.92   35.67
T-A     0.00    0.00    0.00    0.00    0.00    0.00   -0.19   -0.04    3.27   -1.97    3.10   33.76
A-T     0.00    0.00    0.00    0.00    0.00    0.00   -0.12   -0.41    3.31   -1.83    7.05   32.05
C-G     0.00    0.00    0.00    0.00    0.00    0.00   -0.02   -0.65    3.34   -1.42    9.38   31.21
A-T     0.00    0.00    0.00    0.00    0.00    0.00    0.06   -0.68    3.36   -0.92    9.15   31.60
C-G     0.00    0.00    0.00    0.00    0.00    0.00    0.09   -0.50    3.36   -0.49    6.38   33.11
T-A     0.00    0.00    0.00    0.00    0.00    0.00    0.04   -0.16    3.33   -0.26    2.03   35.22
T-A     0.00    0.00    0.00    0.00    0.00    0.00   -0.08    0.25    3.29   -0.27   -2.32   37.18
T-A     0.00    0.00    0.00    0.00    0.00    0.00   -0.20    0.64    3.25   -0.45   -5.09   38.32
T-A     0.00    0.00    0.00    0.00    0.00    0.00   -0.29    0.88    3.21   -0.70   -5.22   38.24
G-C     0.00    0.00    0.00    0.00    0.00    0.00   -0.30    0.92    3.19   -0.90   -2.61   36.97
G-C     0.00    0.00    0.00    0.00    0.00    0.00   -0.22    0.74    3.20   -1.01    1.84   34.94
T-A     0.00    0.00    0.00    0.00    0.00    0.00   -0.08    0.37    3.22   -1.04    6.60   32.81
A-T     0.00    0.00    0.00    0.00    0.00    0.00    0.06   -0.09    3.25   -1.06   10.02   31.27
G-C     0.00    0.00    0.00    0.00    0.00    0.00    0.15   -0.52    3.29   -1.13   10.90   30.76
A-T     0.00    0.00    0.00    0.00    0.00    0.00    0.14   -0.80    3.31   -1.25    8.94   31.41
A-T     0.00    0.00    0.00    0.00    0.00    0.00    0.05   -0.86    3.33   -1.38    4.82   32.97
T-A     0.00    0.00    0.00    0.00    0.00    0.00   -0.09   -0.67    3.33   -1.43   -0.07   34.93
C-G     0.00    0.00    0.00    0.00    0.00    0.00   -0.23   -0.28    3.31   -1.33   -4.10   36.69
T-A     0.00    0.00    0.00    0.00    0.00    0.00   -0.30    0.19    3.29   -1.04   -5.99   37.74
G-C     0.00    0.00    0.00    0.00    0.00    0.00   -0.28    0.60    3.27   -0.63   -5.22   37.84
C-G     0.00    0.00    0.00    0.00    0.00    0.00   -0.19    0.85    3.25   -0.23   -2.15   37.01
A-T     0.00    0.00    0.00    0.00    0.00    0.00   -0.06    0.85    3.24    0.00    2.10   35.56
G-C     0.00    0.00    0.00    0.00    0.00    0.00    0.05    0.62    3.24   -0.04    6.08   33.96
G-C     0.00    0.00    0.00    0.00    0.00    0.00    0.10    0.24    3.25   -0.35    8.54   32.68
T-A     0.00    0.00    0.00    0.00    0.00    0.00    0.08   -0.17    3.26   -0.83    8.80   32.06
G-C     0.00    0.00    0.00    0.00    0.00    0.00    0.00   -0.49    3.27   -1.25    6.92   32.23
G-C     0.00    0.00    0.00    0.00    0.00    0.00   -0.09   -0.63    3.29   -1.42    3.68   33.06
A-T     0.00    0.00    0.00    0.00    0.00    0.00   -0.15   -0.58    3.30   -1.22    0.23   34.23
T-A     0.00    0.00    0.00    0.00    0.00    0.00   -0.14   -0.38    3.30   -0.68   -2.31   35.33
A-T     0.00    0.00    0.00    0.00    0.00    0.00   -0.09   -0.12    3.30    0.02   -3.19   35.99
T-A     0.00    0.00    0.00    0.00    0.00    0.00    0.00    0.11    3.29    0.62   -2.25   35.99
T-A     0.00    0.00    0.00    0.00    0.00    0.00    0.07    0.24    3.28    0.87    0.07   35.36
G-C     0.00    0.00    0.00    0.00    0.00    0.00    0.09    0.26    3.27    0.66    2.92   34.35
A-T     0.00    0.00    0.00    0.00    0.00    0.00    0.05    0.20    3.27    0.05    5.35   33.36
T-A     0.00    0.00    0.00    0.00    0.00    0.00   -0.02    0.11    3.27   -0.73    6.57   32.80
