 146 base-pairs
   0  ***local base-pair & step parameters***
       Shear  Stretch  Stagger Buckle Prop-Tw Opening   Shift  Slide    Rise    Tilt    Roll   Twist
A-T     0.00    0.00    0.00    0.00    0.00    0.00    0.00    0.00    0.00    0.00    0.00    0.00
T-A     0.00    0.00    0.00    0.00    0.00    0.00   -0.11   -0.05    3.30   -1.45    5.47   33.41
C-G     0.00    0.00    0.00    0.00    0.00    0.00   -0.16    0.04    3.30   -1.55    3.86   34.58
A-T     0.00    0.00    0.00    0.00    0.00    0.00   -0.14    0.14    3.29   -1.12    1.49   35.91
A-T     0.00    0.00    0.00    0.00    0.00    0.00   -0.05    0.19    3.29   -0.25   -0.94   36.86
T-A     0.00    0.00    0.00    0.00    0.00    0.00    0.07    0.10    3.30    0.80   -2.68   37.04
A-T     0.00    0.00    0.00    0.00    0.00    0.00    0.17   -0.11    3.31    1.71   -3.13   36.31
T-A     0.00    0.00    0.00    0.00    0.00    0.00    0.21   -0.38    3.31    2.19   -2.03   34.85
C-G     0.00    0.00    0.00    0.00    0.00    0.00    0.18   -0.61    3.31    2.10    0.43   33.11
C-G     0.00    0.00    0.00    0.00    0.00    0.00    0.09   -0.69    3.31    1.48    3.60   31.63
A-T     0.00    0.00    0.00    0.00    0.00    0.00   -0.02   -0.56    3.31    0.53    6.50   30.90
C-G     0.00    0.00    0.00    0.00    0.00    0.00   -0.09   -0.26    3.31   -0.41    8.11   31.21
C-G     0.00    0.00    0.00    0.00    0.00    0.00   -0.10    0.13    3.31   -1.05    7.73   32.53
T-A     0.00    0.00    0.00    0.00    0.00    0.00   -0.04    0.48    3.31   -1.18    5.22   34.55
G-C     0.00    0.00    0.00    0.00    0.00    0.00    0.06    0.66    3.31   -0.78    1.20   36.68
C-G     0.00    0.00    0.00    0.00    0.00    0.00    0.16    0.62    3.31    0.03   -3.13   38.27
A-T     0.00    0.00    0.00    0.00    0.00    0.00    0.21    0.39    3.30    0.99   -6.28   38.79
G-C     0.00    0.00    0.00    0.00    0.00    0.00    0.20    0.03    3.28    1.82   -7.02   37.96
A-T     0.00    0.00    0.00    0.00    0.00    0.00    0.14   -0.33    3.27    2.30   -4.85   35.90
T-A     0.00    0.00    0.00    0.00    0.00    0.00    0.06   -0.61    3.27    2.32   -0.25   33.17
T-A     0.00    0.00    0.00    0.00    0.00    0.00    0.00   -0.71    3.28    1.92    5.43   30.54
C-G     0.00    0.00    0.00    0.00    0.00    0.00   -0.02   -0.64    3.30    1.25   10.32   28.87
T-A     0.00    0.00    0.00    0.00    0.00    0.00    0.02   -0.41    3.31    0.52   12.74   28.74
A-T     0.00    0.00    0.00    0.00    0.00    0.00    0.09   -0.10    3.32   -0.09   11.76   30.29
C-G     0.00    0.00    0.00    0.00    0.00    0.00    0.15    0.24    3.31   -0.46    7.62   33.08
C-G     0.00    0.00    0.00    0.00    0.00    0.00    0.18    0.52    3.28   -0.55    1.68   36.23
A-T     0.00    0.00    0.00    0.00    0.00    0.00    0.17    0.68    3.24   -0.41   -4.06   38.72
A-T     0.00    0.00    0.00    0.00    0.00    0.00    0.12    0.68    3.22   -0.13   -7.59   39.72
A-T     0.00    0.00    0.00    0.00    0.00    0.00    0.06    0.53    3.21    0.18   -7.71   38.90
A-T     0.00    0.00    0.00    0.00    0.00    0.00    0.01    0.25    3.23    0.43   -4.39   36.57
G-C     0.00    0.00    0.00    0.00    0.00    0.00    0.00   -0.09    3.28    0.57    1.16   33.60
T-A     0.00    0.00    0.00    0.00    0.00    0.00    0.02   -0.41    3.33    0.60    6.92   31.07
G-C     0.00    0.00    0.00    0.00    0.00    0.00    0.06   -0.59    3.36    0.51   10.84   29.88
T-A     0.00    0.00    0.00    0.00    0.00    0.00    0.08   -0.59    3.37    0.34   11.56   30.42
A-T     0.00    0.00    0.00    0.00    0.00    0.00    0.08   -0.38    3.34    0.13    8.90   32.42
T-A     0.00    0.00    0.00    0.00    0.00    0.00    0.06   -0.01    3.30   -0.08    3.95   35.08
T-A     0.00    0.00    0.00    0.00    0.00    0.00    0.02    0.41    3.26   -0.24   -1.38   37.38
T-A     0.00    0.00    0.00    0.00    0.00    0.00    0.01    0.74    3.23   -0.36   -5.07   38.52
G-C     0.00    0.00    0.00    0.00    0.00    0.00    0.02    0.88    3.24   -0.41   -5.78   38.18
G-C     0.00    0.00    0.00    0.00    0.00    0.00    0.06    0.79    3.27   -0.43   -3.32   36.66
A-T     0.00    0.00    0.00    0.00    0.00    0.00    0.10    0.50    3.31   -0.45    1.23   34.73
A-T     0.00    0.00    0.00    0.00    0.00    0.00    0.13    0.12    3.36   -0.54    5.99   33.25
A-T     0.00    0.00    0.00    0.00    0.00    0.00    0.11   -0.22    3.38   -0.69    8.98   32.88
C-G     0.00    0.00    0.00    0.00    0.00    0.00    0.04   -0.40    3.38   -0.90    8.88   33.75
T-A     0.00    0.00    0.00    0.00    0.00    0.00   -0.06   -0.36    3.37   -1.08    5.59   35.48
G-C     0.00    0.00    0.00    0.00    0.00    0.00   -0.14   -0.14    3.36   -1.14    0.28   37.35
C-G     0.00    0.00    0.00    0.00    0.00    0.00   -0.18    0.19    3.36   -0.99   -5.05   38.59
T-A     0.00    0.00    0.00    0.00    0.00    0.00   -0.15    0.49    3.37   -0.58   -8.31   38.73
C-G     0.00    0.00    0.00    0.00    0.00    0.00   -0.05    0.66    3.39    0.03   -8.15   37.76
C-G     0.00    0.00    0.00    0.00    0.00    0.00    0.08    0.67    3.42    0.66   -4.47   36.10
A-T     0.00    0.00    0.00    0.00    0.00    0.00    0.19    0.53    3.43    1.12    1.46   34.43
T-A     0.00    0.00    0.00    0.00    0.00    0.00    0.23    0.33    3.41    1.20    7.47   33.41
C-G     0.00    0.00    0.00    0.00    0.00    0.00    0.18    0.15    3.38    0.80   11.28   33.42
A-T     0.00    0.00    0.00    0.00    0.00    0.00    0.07    0.07    3.35   -0.03   11.35   34.43
A-T     0.00    0.00    0.00    0.00    0.00    0.00   -0.07    0.12    3.34   -1.04    7.50   36.07
A-T     0.00    0.00    0.00    0.00    0.00    0.00   -0.18    0.27    3.35   -1.93    1.00   37.75
A-T     0.00    0.00    0.00    0.00    0.00    0.00   -0.22    0.44    3.39   -2.37   -5.87   38.89
G-C     0.00    0.00    0.00    0.00    0.00    0.00   -0.18    0.56    3.45   -2.17  -10.65   39.15
G-C     0.00    0.00    0.00    0.00    0.00    0.00   -0.07    0.58    3.50   -1.32  -11.61   38.46
C-G     0.00    0.00    0.00    0.00    0.00    0.00    0.05    0.49    3.52   -0.05   -8.39   37.08
A-T     0.00    0.00    0.00    0.00    0.00    0.00    0.15    0.32    3.51    1.26   -2.17   35.43
T-A     0.00    0.00    0.00    0.00    0.00    0.00    0.18    0.16    3.47    2.23    4.82   34.02
G-C     0.00    0.00    0.00    0.00    0.00    0.00    0.14    0.08    3.42    2.56   10.10   33.27
T-A     0.00    0.00    0.00    0.00    0.00    0.00    0.05    0.14    3.37    2.18   11.84   33.37
T-A     0.00    0.00    0.00    0.00    0.00    0.00   -0.05    0.32    3.34    1.25    9.61   34.28
C-G     0.00    0.00    0.00    0.00    0.00    0.00   -0.10    0.60    3.34    0.08    4.43   35.70
A-T     0.00    0.00    0.00    0.00    0.00    0.00   -0.10    0.87    3.37   -0.96   -1.61   37.16
G-C     0.00    0.00    0.00    0.00    0.00    0.00   -0.05    1.04    3.41   -1.56   -6.17   38.15
C-G     0.00    0.00    0.00    0.00    0.00    0.00    0.03    1.03    3.43   -1.62   -7.57   38.25
T-A     0.00    0.00    0.00    0.00    0.00    0.00    0.09    0.82    3.44   -1.18   -5.40   37.34
G-C     0.00    0.00    0.00    0.00    0.00    0.00    0.11    0.47    3.42   -0.45   -0.65   35.62
A-T     0.00    0.00    0.00    0.00    0.00    0.00    0.08    0.08    3.40    0.31    4.71   33.62
A-T     0.00    0.00    0.00    0.00    0.00    0.00    0.02   -0.21    3.37    0.90    8.55   32.05
T-A     0.00    0.00    0.00    0.00    0.00    0.00   -0.04   -0.29    3.36    1.19    9.43   31.52
T-A     0.00    0.00    0.00    0.00    0.00    0.00   -0.08   -0.10    3.37    1.22    7.13   32.34
C-G     0.00    0.00    0.00    0.00    0.00    0.00   -0.07    0.31    3.39    1.05    2.73   34.30
A-T     0.00    0.00    0.00    0.00    0.00    0.00   -0.02    0.81    3.41    0.79   -1.85   36.74
G-C     0.00    0.00    0.00    0.00    0.00    0.00    0.04    1.24    3.41    0.51   -4.62   38.72
C-G     0.00    0.00    0.00    0.00    0.00    0.00    0.09    1.43    3.40    0.25   -4.37   39.40
T-A     0.00    0.00    0.00    0.00    0.00    0.00    0.11    1.31    3.36   -0.01   -1.07   38.36
G-C     0.00    0.00    0.00    0.00    0.00    0.00    0.07    0.89    3.32   -0.27    4.06   35.82
A-T     0.00    0.00    0.00    0.00    0.00    0.00    0.01    0.32    3.28   -0.51    9.06   32.63
A-T     0.00    0.00    0.00    0.00    0.00    0.00   -0.05   -0.20    3.27   -0.68   11.99   29.94
C-G     0.00    0.00    0.00    0.00    0.00    0.00   -0.08   -0.50    3.27   -0.72   11.67   28.82
A-T     0.00    0.00    0.00    0.00    0.00    0.00   -0.07   -0.46    3.30   -0.61    8.13   29.78
T-A     0.00    0.00    0.00    0.00    0.00    0.00   -0.03   -0.11    3.34   -0.37    2.61   32.56
G-C     0.00    0.00    0.00    0.00    0.00    0.00    0.03    0.41    3.38   -0.06   -2.93   36.19
C-G     0.00    0.00    0.00    0.00    0.00    0.00    0.07    0.90    3.41    0.21   -6.50   39.35
C-G     0.00    0.00    0.00    0.00    0.00    0.00    0.08    1.15    3.42    0.34   -6.84   40.88
T-A     0.00    0.00    0.00    0.00    0.00    0.00    0.04    1.09    3.41    0.32   -3.82   40.21
T-A     0.00    0.00    0.00    0.00    0.00    0.00   -0.03    0.74    3.38    0.17    1.50   37.61
T-A     0.00    0.00    0.00    0.00    0.00    0.00   -0.10    0.26    3.35   -0.01    7.29   34.04
T-A     0.00    0.00    0.00    0.00    0.00    0.00   -0.13   -0.16    3.31   -0.14   11.60   30.85
G-C     0.00    0.00    0.00    0.00    0.00    0.00   -0.11   -0.35    3.28   -0.18   13.01   29.17
A-T     0.00    0.00    0.00    0.00    0.00    0.00   -0.05   -0.26    3.26   -0.16   11.11   29.54
T-A     0.00    0.00    0.00    0.00    0.00    0.00    0.03    0.07    3.25   -0.14    6.60   31.71
G-C     0.00    0.00    0.00    0.00    0.00    0.00    0.09    0.47    3.26   -0.22    1.04   34.77
G-C     0.00    0.00    0.00    0.00    0.00    0.00    0.11    0.75    3.29   -0.44   -3.73   37.55
A-T     0.00    0.00    0.00    0.00    0.00    0.00    0.06    0.78    3.33   -0.76   -6.20   39.04
G-C     0.00    0.00    0.00    0.00    0.00    0.00   -0.02    0.55    3.37   -1.06   -5.69   38.84
C-G     0.00    0.00    0.00    0.00    0.00    0.00   -0.11    0.14    3.40   -1.19   -2.52   37.18
A-T     0.00    0.00    0.00    0.00    0.00    0.00   -0.17   -0.28    3.42   -1.03    2.10   34.84
G-C     0.00    0.00    0.00    0.00    0.00    0.00   -0.17   -0.52    3.41   -0.59    6.51   32.80
T-A     0.00    0.00    0.00    0.00    0.00    0.00   -0.12   -0.50    3.38    0.02    9.20   31.80
T-A     0.00    0.00    0.00    0.00    0.00    0.00   -0.03   -0.22    3.33    0.61    9.29   32.12
T-A     0.00    0.00    0.00    0.00    0.00    0.00    0.04    0.20    3.29    0.94    6.85   33.50
C-G     0.00    0.00    0.00    0.00    0.00    0.00    0.08    0.62    3.25    0.88    2.83   35.27
C-G     0.00    0.00    0.00    0.00    0.00    0.00    0.05    0.87    3.23    0.43   -1.25   36.68
A-T     0.00    0.00    0.00    0.00    0.00    0.00   -0.02    0.87    3.23   -0.29   -3.86   37.19
A-T     0.00    0.00    0.00    0.00    0.00    0.00   -0.11    0.63    3.25   -1.02   -4.04   36.62
A-T     0.00    0.00    0.00    0.00    0.00    0.00   -0.17    0.24    3.27   -1.55   -1.72   35.23
T-A     0.00    0.00    0.00    0.00    0.00    0.00   -0.17   -0.17    3.30   -1.71    2.22   33.56
A-T     0.00    0.00    0.00    0.00    0.00    0.00   -0.12   -0.48    3.33   -1.49    6.30   32.22
C-G     0.00    0.00    0.00    0.00    0.00    0.00   -0.03   -0.62    3.34   -1.03    8.93   31.67
A-T     0.00    0.00    0.00    0.00    0.00    0.00    0.06   -0.58    3.35   -0.51    9.06   32.09
C-G     0.00    0.00    0.00    0.00    0.00    0.00    0.09   -0.37    3.34   -0.12    6.56   33.32
T-A     0.00    0.00    0.00    0.00    0.00    0.00    0.05   -0.07    3.33    0.02    2.30   34.97
T-A     0.00    0.00    0.00    0.00    0.00    0.00   -0.05    0.27    3.30   -0.08   -2.16   36.51
T-A     0.00    0.00    0.00    0.00    0.00    0.00   -0.17    0.57    3.26   -0.32   -5.10   37.44
T-A     0.00    0.00    0.00    0.00    0.00    0.00   -0.26    0.78    3.22   -0.57   -5.36   37.47
G-C     0.00    0.00    0.00    0.00    0.00    0.00   -0.28    0.85    3.19   -0.74   -2.72   36.55
G-C     0.00    0.00    0.00    0.00    0.00    0.00   -0.22    0.75    3.18   -0.81    1.96   34.91
T-A     0.00    0.00    0.00    0.00    0.00    0.00   -0.09    0.48    3.18   -0.84    7.07   33.00
A-T     0.00    0.00    0.00    0.00    0.00    0.00    0.05    0.08    3.21   -0.91   10.80   31.37
G-C     0.00    0.00    0.00    0.00    0.00    0.00    0.15   -0.36    3.25   -1.07   11.84   30.53
A-T     0.00    0.00    0.00    0.00    0.00    0.00    0.15   -0.71    3.29   -1.30    9.84   30.76
A-T     0.00    0.00    0.00    0.00    0.00    0.00    0.07   -0.86    3.31   -1.53    5.51   32.03
T-A     0.00    0.00    0.00    0.00    0.00    0.00   -0.07   -0.74    3.32   -1.63    0.38   33.98
C-G     0.00    0.00    0.00    0.00    0.00    0.00   -0.22   -0.37    3.30   -1.52   -3.78   36.04
T-A     0.00    0.00    0.00    0.00    0.00    0.00   -0.30    0.16    3.27   -1.20   -5.62   37.54
G-C     0.00    0.00    0.00    0.00    0.00    0.00   -0.30    0.66    3.23   -0.76   -4.62   38.02
C-G     0.00    0.00    0.00    0.00    0.00    0.00   -0.21    0.98    3.21   -0.36   -1.29   37.33
A-T     0.00    0.00    0.00    0.00    0.00    0.00   -0.08    1.01    3.20   -0.19    3.11   35.72
G-C     0.00    0.00    0.00    0.00    0.00    0.00    0.04    0.74    3.21   -0.32    7.07   33.77
G-C     0.00    0.00    0.00    0.00    0.00    0.00    0.10    0.27    3.23   -0.72    9.30   32.14
T-A     0.00    0.00    0.00    0.00    0.00    0.00    0.08   -0.24    3.26   -1.24    9.21   31.40
G-C     0.00    0.00    0.00    0.00    0.00    0.00    0.00   -0.60    3.28   -1.65    7.04   31.75
G-C     0.00    0.00    0.00    0.00    0.00    0.00   -0.10   -0.73    3.28   -1.76    3.66   33.00
A-T     0.00    0.00    0.00    0.00    0.00    0.00   -0.17   -0.61    3.28   -1.48    0.27   34.65
T-A     0.00    0.00    0.00    0.00    0.00    0.00   -0.18   -0.32    3.28   -0.89   -2.10   36.05
A-T     0.00    0.00    0.00    0.00    0.00    0.00   -0.12   -0.01    3.27   -0.18   -2.81   36.71
T-A     0.00    0.00    0.00    0.00    0.00    0.00   -0.03    0.21    3.28    0.39   -1.85   36.43
T-A     0.00    0.00    0.00    0.00    0.00    0.00    0.06    0.27    3.28    0.60    0.29   35.42
G-C     0.00    0.00    0.00    0.00    0.00    0.00    0.09    0.19    3.29    0.36    2.81   34.13
A-T     0.00    0.00    0.00    0.00    0.00    0.00    0.06    0.06    3.30   -0.23    4.87   33.14
T-A     0.00    0.00    0.00    0.00    0.00    0.00   -0.02   -0.04    3.30   -0.93    5.85   32.86
