 146 base-pairs
   0  ***local base-pair & step parameters***
       Shear  Stretch  Stagger Buckle Prop-Tw Opening   Shift  Slide    Rise    Tilt    Roll   Twist
A-T     0.00    0.00    0.00    0.00    0.00    0.00    0.00    0.00    0.00    0.00    0.00    0.00
T-A     0.00    0.00    0.00    0.00    0.00    0.00   -0.07   -0.08    3.29   -1.08    4.77   34.11
C-G     0.00    0.00    0.00    0.00    0.00    0.00   -0.13    0.03    3.28   -1.20    3.29   35.32
A-T     0.00    0.00    0.00    0.00    0.00    0.00   -0.12    0.17    3.28   -0.84    1.13   36.57
A-T     0.00    0.00    0.00    0.00    0.00    0.00   -0.06    0.23    3.28   -0.08   -1.02   37.35
T-A     0.00    0.00    0.00    0.00    0.00    0.00    0.04    0.16    3.28    0.83   -2.47   37.28
A-T     0.00    0.00    0.00    0.00    0.00    0.00    0.13   -0.05    3.30    1.59   -2.67   36.26
T-A     0.00    0.00    0.00    0.00    0.00    0.00    0.17   -0.32    3.31    1.95   -1.39   34.53
C-G     0.00    0.00    0.00    0.00    0.00    0.00    0.13   -0.56    3.31    1.77    1.16   32.56
C-G     0.00    0.00    0.00    0.00    0.00    0.00    0.05   -0.66    3.32    1.11    4.30   30.94
A-T     0.00    0.00    0.00    0.00    0.00    0.00   -0.05   -0.56    3.32    0.18    7.08   30.17
C-G     0.00    0.00    0.00    0.00    0.00    0.00   -0.10   -0.28    3.32   -0.70    8.48   30.54
C-G     0.00    0.00    0.00    0.00    0.00    0.00   -0.09    0.09    3.33   -1.23    7.83   32.04
T-A     0.00    0.00    0.00    0.00    0.00    0.00   -0.01    0.42    3.33   -1.22    5.04   34.29
G-C     0.00    0.00    0.00    0.00    0.00    0.00    0.10    0.60    3.33   -0.67    0.75   36.70
C-G     0.00    0.00    0.00    0.00    0.00    0.00    0.20    0.56    3.32    0.27   -3.76   38.58
A-T     0.00    0.00    0.00    0.00    0.00    0.00    0.26    0.34    3.30    1.32   -7.01   39.33
G-C     0.00    0.00    0.00    0.00    0.00    0.00    0.24    0.00    3.28    2.19   -7.74   38.64
A-T     0.00    0.00    0.00    0.00    0.00    0.00    0.17   -0.34    3.26    2.66   -5.45   36.64
T-A     0.00    0.00    0.00    0.00    0.00    0.00    0.07   -0.59    3.25    2.61   -0.63   33.84
T-A     0.00    0.00    0.00    0.00    0.00    0.00   -0.01   -0.67    3.26    2.10    5.32   31.05
C-G     0.00    0.00    0.00    0.00    0.00    0.00   -0.04   -0.58    3.28    1.30   10.49   29.14
T-A     0.00    0.00    0.00    0.00    0.00    0.00   -0.02   -0.35    3.30    0.42   13.16   28.73
A-T     0.00    0.00    0.00    0.00    0.00    0.00    0.04   -0.03    3.31   -0.32   12.38   30.00
C-G     0.00    0.00    0.00    0.00    0.00    0.00    0.10    0.29    3.31   -0.79    8.34   32.55
C-G     0.00    0.00    0.00    0.00    0.00    0.00    0.14    0.55    3.28   -0.92    2.39   35.55
A-T     0.00    0.00    0.00    0.00    0.00    0.00    0.14    0.68    3.25   -0.77   -3.46   37.99
A-T     0.00    0.00    0.00    0.00    0.00    0.00    0.11    0.66    3.23   -0.43   -7.20   39.04
A-T     0.00    0.00    0.00    0.00    0.00    0.00    0.06    0.49    3.23   -0.01   -7.58   38.38
A-T     0.00    0.00    0.00    0.00    0.00    0.00    0.04    0.19    3.25    0.38   -4.54   36.29
G-C     0.00    0.00    0.00    0.00    0.00    0.00    0.04   -0.16    3.29    0.66    0.74   33.60
T-A     0.00    0.00    0.00    0.00    0.00    0.00    0.07   -0.47    3.33    0.82    6.31   31.35
G-C     0.00    0.00    0.00    0.00    0.00    0.00    0.10   -0.65    3.36    0.82   10.12   30.40
T-A     0.00    0.00    0.00    0.00    0.00    0.00    0.12   -0.62    3.36    0.70   10.84   31.09
A-T     0.00    0.00    0.00    0.00    0.00    0.00    0.11   -0.38    3.33    0.49    8.29   33.15
T-A     0.00    0.00    0.00    0.00    0.00    0.00    0.07    0.01    3.28    0.23    3.54   35.76
T-A     0.00    0.00    0.00    0.00    0.00    0.00    0.02    0.44    3.24   -0.05   -1.52   37.91
T-A     0.00    0.00    0.00    0.00    0.00    0.00   -0.01    0.79    3.21   -0.29   -4.93   38.81
G-C     0.00    0.00    0.00    0.00    0.00    0.00   -0.02    0.94    3.22   -0.49   -5.37   38.20
G-C     0.00    0.00    0.00    0.00    0.00    0.00    0.01    0.85    3.26   -0.64   -2.72   36.40
A-T     0.00    0.00    0.00    0.00    0.00    0.00    0.06    0.55    3.31   -0.77    1.95   34.23
A-T     0.00    0.00    0.00    0.00    0.00    0.00    0.09    0.15    3.36   -0.90    6.71   32.58
A-T     0.00    0.00    0.00    0.00    0.00    0.00    0.08   -0.21    3.39   -1.06    9.59   32.14
C-G     0.00    0.00    0.00    0.00    0.00    0.00    0.02   -0.41    3.40   -1.21    9.30   33.06
T-A     0.00    0.00    0.00    0.00    0.00    0.00   -0.06   -0.40    3.39   -1.29    5.75   34.94
G-C     0.00    0.00    0.00    0.00    0.00    0.00   -0.12   -0.19    3.38   -1.21    0.16   37.03
C-G     0.00    0.00    0.00    0.00    0.00    0.00   -0.15    0.12    3.37   -0.91   -5.44   38.55
T-A     0.00    0.00    0.00    0.00    0.00    0.00   -0.10    0.42    3.38   -0.37   -8.91   38.98
C-G     0.00    0.00    0.00    0.00    0.00    0.00    0.00    0.61    3.40    0.34   -8.87   38.25
C-G     0.00    0.00    0.00    0.00    0.00    0.00    0.12    0.64    3.41    1.03   -5.20   36.76
A-T     0.00    0.00    0.00    0.00    0.00    0.00    0.22    0.52    3.41    1.49    0.83   35.16
T-A     0.00    0.00    0.00    0.00    0.00    0.00    0.24    0.34    3.40    1.51    7.03   34.10
C-G     0.00    0.00    0.00    0.00    0.00    0.00    0.18    0.19    3.37    1.01   11.10   33.97
A-T     0.00    0.00    0.00    0.00    0.00    0.00    0.05    0.13    3.33    0.05   11.46   34.76
A-T     0.00    0.00    0.00    0.00    0.00    0.00   -0.10    0.19    3.32   -1.11    7.87   36.12
A-T     0.00    0.00    0.00    0.00    0.00    0.00   -0.23    0.33    3.34   -2.13    1.59   37.52
A-T     0.00    0.00    0.00    0.00    0.00    0.00   -0.27    0.49    3.39   -2.68   -5.16   38.41
G-C     0.00    0.00    0.00    0.00    0.00    0.00   -0.22    0.60    3.45   -2.53   -9.92   38.50
G-C     0.00    0.00    0.00    0.00    0.00    0.00   -0.10    0.59    3.51   -1.69  -10.97   37.73
C-G     0.00    0.00    0.00    0.00    0.00    0.00    0.04    0.47    3.54   -0.37   -7.94   36.38
A-T     0.00    0.00    0.00    0.00    0.00    0.00    0.15    0.29    3.53    1.04   -1.98   34.87
T-A     0.00    0.00    0.00    0.00    0.00    0.00    0.20    0.11    3.49    2.14    4.73   33.68
G-C     0.00    0.00    0.00    0.00    0.00    0.00    0.17    0.02    3.43    2.62    9.73   33.20
T-A     0.00    0.00    0.00    0.00    0.00    0.00    0.09    0.07    3.38    2.38   11.27   33.59
T-A     0.00    0.00    0.00    0.00    0.00    0.00    0.00    0.27    3.34    1.55    8.91   34.75
C-G     0.00    0.00    0.00    0.00    0.00    0.00   -0.06    0.56    3.34    0.44    3.70   36.35
A-T     0.00    0.00    0.00    0.00    0.00    0.00   -0.07    0.86    3.36   -0.59   -2.26   37.90
G-C     0.00    0.00    0.00    0.00    0.00    0.00   -0.03    1.05    3.39   -1.24   -6.63   38.85
C-G     0.00    0.00    0.00    0.00    0.00    0.00    0.03    1.06    3.42   -1.39   -7.78   38.82
T-A     0.00    0.00    0.00    0.00    0.00    0.00    0.07    0.87    3.42   -1.08   -5.32   37.69
G-C     0.00    0.00    0.00    0.00    0.00    0.00    0.08    0.53    3.41   -0.50   -0.30   35.70
A-T     0.00    0.00    0.00    0.00    0.00    0.00    0.04    0.15    3.39    0.13    5.28   33.42
A-T     0.00    0.00    0.00    0.00    0.00    0.00   -0.03   -0.15    3.37    0.60    9.25   31.59
T-A     0.00    0.00    0.00    0.00    0.00    0.00   -0.09   -0.25    3.37    0.83   10.16   30.88
T-A     0.00    0.00    0.00    0.00    0.00    0.00   -0.11   -0.09    3.38    0.85    7.78   31.61
C-G     0.00    0.00    0.00    0.00    0.00    0.00   -0.09    0.30    3.40    0.72    3.20   33.59
A-T     0.00    0.00    0.00    0.00    0.00    0.00   -0.02    0.78    3.43    0.56   -1.62   36.16
G-C     0.00    0.00    0.00    0.00    0.00    0.00    0.06    1.19    3.43    0.41   -4.68   38.36
C-G     0.00    0.00    0.00    0.00    0.00    0.00    0.13    1.37    3.41    0.29   -4.70   39.30
T-A     0.00    0.00    0.00    0.00    0.00    0.00    0.15    1.24    3.37    0.17   -1.63   38.54
G-C     0.00    0.00    0.00    0.00    0.00    0.00    0.12    0.84    3.32    0.02    3.36   36.26
A-T     0.00    0.00    0.00    0.00    0.00    0.00    0.05    0.28    3.28   -0.15    8.33   33.26
A-T     0.00    0.00    0.00    0.00    0.00    0.00   -0.02   -0.22    3.26   -0.31   11.33   30.67
C-G     0.00    0.00    0.00    0.00    0.00    0.00   -0.06   -0.49    3.26   -0.40   11.18   29.54
A-T     0.00    0.00    0.00    0.00    0.00    0.00   -0.07   -0.42    3.29   -0.38    7.89   30.37
T-A     0.00    0.00    0.00    0.00    0.00    0.00   -0.04   -0.05    3.33   -0.26    2.65   32.94
G-C     0.00    0.00    0.00    0.00    0.00    0.00    0.00    0.48    3.37   -0.09   -2.61   36.30
C-G     0.00    0.00    0.00    0.00    0.00    0.00    0.03    0.96    3.40    0.03   -5.95   39.18
C-G     0.00    0.00    0.00    0.00    0.00    0.00    0.03    1.21    3.41    0.06   -6.15   40.45
T-A     0.00    0.00    0.00    0.00    0.00    0.00   -0.01    1.13    3.41   -0.04   -3.09   39.59
T-A     0.00    0.00    0.00    0.00    0.00    0.00   -0.07    0.76    3.39   -0.20    2.16   36.88
T-A     0.00    0.00    0.00    0.00    0.00    0.00   -0.12    0.25    3.36   -0.34    7.79   33.33
T-A     0.00    0.00    0.00    0.00    0.00    0.00   -0.13   -0.19    3.33   -0.39   11.86   30.25
G-C     0.00    0.00    0.00    0.00    0.00    0.00   -0.09   -0.40    3.29   -0.30   12.98   28.77
A-T     0.00    0.00    0.00    0.00    0.00    0.00   -0.02   -0.32    3.27   -0.13   10.80   29.41
T-A     0.00    0.00    0.00    0.00    0.00    0.00    0.07    0.01    3.26    0.03    6.07   31.86
G-C     0.00    0.00    0.00    0.00    0.00    0.00    0.14    0.41    3.27    0.06    0.36   35.19
G-C     0.00    0.00    0.00    0.00    0.00    0.00    0.15    0.71    3.29   -0.09   -4.46   38.16
A-T     0.00    0.00    0.00    0.00    0.00    0.00    0.10    0.76    3.32   -0.39   -6.87   39.77
G-C     0.00    0.00    0.00    0.00    0.00    0.00    0.00    0.55    3.36   -0.72   -6.20   39.56
C-G     0.00    0.00    0.00    0.00    0.00    0.00   -0.11    0.17    3.39   -0.94   -2.79   37.79
A-T     0.00    0.00    0.00    0.00    0.00    0.00   -0.18   -0.23    3.40   -0.91    2.11   35.25
G-C     0.00    0.00    0.00    0.00    0.00    0.00   -0.20   -0.46    3.40   -0.61    6.80   32.95
T-A     0.00    0.00    0.00    0.00    0.00    0.00   -0.16   -0.44    3.37   -0.14    9.73   31.66
T-A     0.00    0.00    0.00    0.00    0.00    0.00   -0.08   -0.17    3.33    0.33    9.97   31.72
T-A     0.00    0.00    0.00    0.00    0.00    0.00    0.00    0.25    3.29    0.59    7.58   32.89
C-G     0.00    0.00    0.00    0.00    0.00    0.00    0.04    0.64    3.26    0.51    3.51   34.55
C-G     0.00    0.00    0.00    0.00    0.00    0.00    0.03    0.86    3.24    0.09   -0.73   35.96
A-T     0.00    0.00    0.00    0.00    0.00    0.00   -0.02    0.84    3.25   -0.54   -3.58   36.57
A-T     0.00    0.00    0.00    0.00    0.00    0.00   -0.09    0.58    3.26   -1.16   -4.04   36.20
A-T     0.00    0.00    0.00    0.00    0.00    0.00   -0.14    0.18    3.29   -1.54   -2.00   35.07
T-A     0.00    0.00    0.00    0.00    0.00    0.00   -0.13   -0.23    3.31   -1.56    1.71   33.68
A-T     0.00    0.00    0.00    0.00    0.00    0.00   -0.07   -0.54    3.33   -1.22    5.62   32.61
C-G     0.00    0.00    0.00    0.00    0.00    0.00    0.02   -0.67    3.34   -0.68    8.20   32.26
A-T     0.00    0.00    0.00    0.00    0.00    0.00    0.09   -0.60    3.34   -0.13    8.38   32.80
C-G     0.00    0.00    0.00    0.00    0.00    0.00    0.11   -0.37    3.33    0.22    6.03   34.05
T-A     0.00    0.00    0.00    0.00    0.00    0.00    0.06   -0.04    3.31    0.28    2.00   35.60
T-A     0.00    0.00    0.00    0.00    0.00    0.00   -0.06    0.32    3.28    0.06   -2.18   36.94
T-A     0.00    0.00    0.00    0.00    0.00    0.00   -0.20    0.63    3.25   -0.32   -4.84   37.62
T-A     0.00    0.00    0.00    0.00    0.00    0.00   -0.30    0.84    3.21   -0.71   -4.86   37.36
G-C     0.00    0.00    0.00    0.00    0.00    0.00   -0.33    0.91    3.19   -1.00   -2.06   36.17
G-C     0.00    0.00    0.00    0.00    0.00    0.00   -0.26    0.79    3.18   -1.16    2.69   34.32
T-A     0.00    0.00    0.00    0.00    0.00    0.00   -0.12    0.50    3.19   -1.21    7.76   32.29
A-T     0.00    0.00    0.00    0.00    0.00    0.00    0.03    0.07    3.22   -1.25   11.34   30.64
G-C     0.00    0.00    0.00    0.00    0.00    0.00    0.14   -0.39    3.26   -1.33   12.16   29.89
A-T     0.00    0.00    0.00    0.00    0.00    0.00    0.16   -0.76    3.31   -1.45    9.87   30.31
A-T     0.00    0.00    0.00    0.00    0.00    0.00    0.10   -0.92    3.33   -1.53    5.26   31.83
T-A     0.00    0.00    0.00    0.00    0.00    0.00   -0.03   -0.80    3.33   -1.49   -0.11   34.07
C-G     0.00    0.00    0.00    0.00    0.00    0.00   -0.17   -0.42    3.31   -1.26   -4.44   36.40
T-A     0.00    0.00    0.00    0.00    0.00    0.00   -0.26    0.11    3.27   -0.86   -6.35   38.12
G-C     0.00    0.00    0.00    0.00    0.00    0.00   -0.26    0.64    3.22   -0.38   -5.32   38.73
C-G     0.00    0.00    0.00    0.00    0.00    0.00   -0.19    0.98    3.19   -0.02   -1.85   38.06
A-T     0.00    0.00    0.00    0.00    0.00    0.00   -0.07    1.03    3.18    0.08    2.79   36.37
G-C     0.00    0.00    0.00    0.00    0.00    0.00    0.03    0.78    3.19   -0.16    7.02   34.23
G-C     0.00    0.00    0.00    0.00    0.00    0.00    0.07    0.33    3.22   -0.70    9.53   32.35
T-A     0.00    0.00    0.00    0.00    0.00    0.00    0.04   -0.17    3.25   -1.36    9.69   31.32
G-C     0.00    0.00    0.00    0.00    0.00    0.00   -0.04   -0.54    3.27   -1.90    7.69   31.40
G-C     0.00    0.00    0.00    0.00    0.00    0.00   -0.14   -0.68    3.28   -2.10    4.39   32.43
A-T     0.00    0.00    0.00    0.00    0.00    0.00   -0.21   -0.58    3.29   -1.86    0.96   33.94
T-A     0.00    0.00    0.00    0.00    0.00    0.00   -0.20   -0.32    3.29   -1.24   -1.53   35.32
A-T     0.00    0.00    0.00    0.00    0.00    0.00   -0.13   -0.03    3.29   -0.46   -2.47   36.06
T-A     0.00    0.00    0.00    0.00    0.00    0.00   -0.02    0.17    3.29    0.23   -1.78   35.96
T-A     0.00    0.00    0.00    0.00    0.00    0.00    0.08    0.21    3.30    0.57    0.07   35.20
G-C     0.00    0.00    0.00    0.00    0.00    0.00    0.13    0.13    3.31    0.48    2.34   34.20
A-T     0.00    0.00    0.00    0.00    0.00    0.00    0.10    0.00    3.31    0.02    4.23   33.48
T-A     0.00    0.00    0.00    0.00    0.00    0.00    0.02   -0.09    3.30   -0.60    5.12   33.42
