 146 base-pairs
   0  ***local base-pair & step parameters***
       Shear  Stretch  Stagger Buckle Prop-Tw Opening   Shift  Slide    Rise    Tilt    Roll   Twist
A-T     0.00    0.00    0.00    0.00    0.00    0.00    0.00    0.00    0.00    0.00    0.00    0.00
T-A     0.00    0.00    0.00    0.00    0.00    0.00   -0.10    0.12    3.32   -0.76    5.25   34.16
C-G     0.00    0.00    0.00    0.00    0.00    0.00   -0.26    0.21    3.26   -1.69    3.68   35.30
A-T     0.00    0.00    0.00    0.00    0.00    0.00   -0.27    0.21    3.22   -1.84    1.20   36.49
A-T     0.00    0.00    0.00    0.00    0.00    0.00   -0.12    0.10    3.22   -0.94   -1.37   37.26
T-A     0.00    0.00    0.00    0.00    0.00    0.00    0.11   -0.06    3.27    0.69   -3.05   37.24
A-T     0.00    0.00    0.00    0.00    0.00    0.00    0.28   -0.21    3.34    2.27   -3.14   36.31
T-A     0.00    0.00    0.00    0.00    0.00    0.00    0.30   -0.33    3.37    3.02   -1.44   34.64
C-G     0.00    0.00    0.00    0.00    0.00    0.00    0.17   -0.40    3.36    2.52    1.61   32.65
C-G     0.00    0.00    0.00    0.00    0.00    0.00   -0.04   -0.43    3.31    1.04    5.01   30.95
A-T     0.00    0.00    0.00    0.00    0.00    0.00   -0.19   -0.41    3.27   -0.67    7.60   30.09
C-G     0.00    0.00    0.00    0.00    0.00    0.00   -0.21   -0.32    3.26   -1.78    8.46   30.42
C-G     0.00    0.00    0.00    0.00    0.00    0.00   -0.10   -0.12    3.29   -1.83    7.23   31.96
T-A     0.00    0.00    0.00    0.00    0.00    0.00    0.09    0.18    3.35   -0.94    4.21   34.31
G-C     0.00    0.00    0.00    0.00    0.00    0.00    0.24    0.48    3.39    0.31    0.23   36.81
C-G     0.00    0.00    0.00    0.00    0.00    0.00    0.29    0.66    3.38    1.31   -3.61   38.71
A-T     0.00    0.00    0.00    0.00    0.00    0.00    0.24    0.58    3.32    1.74   -6.23   39.39
G-C     0.00    0.00    0.00    0.00    0.00    0.00    0.13    0.24    3.24    1.70   -6.80   38.59
A-T     0.00    0.00    0.00    0.00    0.00    0.00    0.04   -0.27    3.19    1.57   -4.97   36.50
T-A     0.00    0.00    0.00    0.00    0.00    0.00    0.01   -0.73    3.20    1.65   -0.96   33.71
T-A     0.00    0.00    0.00    0.00    0.00    0.00    0.04   -0.94    3.26    1.89    4.35   31.02
C-G     0.00    0.00    0.00    0.00    0.00    0.00    0.08   -0.80    3.33    1.99    9.50   29.23
T-A     0.00    0.00    0.00    0.00    0.00    0.00    0.10   -0.36    3.37    1.56   12.81   28.88
A-T     0.00    0.00    0.00    0.00    0.00    0.00    0.08    0.16    3.35    0.52   12.95   30.11
C-G     0.00    0.00    0.00    0.00    0.00    0.00    0.04    0.57    3.29   -0.80    9.50   32.54
C-G     0.00    0.00    0.00    0.00    0.00    0.00    0.02    0.73    3.22   -1.78    3.39   35.43
A-T     0.00    0.00    0.00    0.00    0.00    0.00    0.04    0.64    3.19   -1.91   -3.30   37.83
A-T     0.00    0.00    0.00    0.00    0.00    0.00    0.09    0.42    3.21   -1.10   -8.02   38.95
A-T     0.00    0.00    0.00    0.00    0.00    0.00    0.14    0.21    3.26    0.22   -8.88   38.42
A-T     0.00    0.00    0.00    0.00    0.00    0.00    0.15    0.06    3.32    1.36   -5.46   36.44
G-C     0.00    0.00    0.00    0.00    0.00    0.00    0.12   -0.05    3.35    1.75    0.84   33.76
T-A     0.00    0.00    0.00    0.00    0.00    0.00    0.06   -0.19    3.34    1.28    7.40   31.40
G-C     0.00    0.00    0.00    0.00    0.00    0.00    0.02   -0.38    3.31    0.37   11.51   30.31
T-A     0.00    0.00    0.00    0.00    0.00    0.00    0.02   -0.54    3.29   -0.37   11.60   30.92
A-T     0.00    0.00    0.00    0.00    0.00    0.00    0.05   -0.55    3.29   -0.49    7.89   33.01
T-A     0.00    0.00    0.00    0.00    0.00    0.00    0.09   -0.29    3.29   -0.03    2.21   35.75
T-A     0.00    0.00    0.00    0.00    0.00    0.00    0.11    0.21    3.30    0.59   -2.93   38.04
T-A     0.00    0.00    0.00    0.00    0.00    0.00    0.08    0.78    3.28    0.81   -5.46   39.00
G-C     0.00    0.00    0.00    0.00    0.00    0.00    0.02    1.16    3.25    0.36   -4.65   38.31
G-C     0.00    0.00    0.00    0.00    0.00    0.00   -0.02    1.15    3.23   -0.61   -1.18   36.37
A-T     0.00    0.00    0.00    0.00    0.00    0.00   -0.03    0.74    3.25   -1.56    3.28   34.07
A-T     0.00    0.00    0.00    0.00    0.00    0.00    0.00    0.10    3.30   -1.99    6.94   32.41
A-T     0.00    0.00    0.00    0.00    0.00    0.00    0.05   -0.46    3.38   -1.73    8.54   32.06
C-G     0.00    0.00    0.00    0.00    0.00    0.00    0.07   -0.71    3.44   -1.03    7.64   33.13
T-A     0.00    0.00    0.00    0.00    0.00    0.00    0.03   -0.54    3.46   -0.38    4.59   35.12
G-C     0.00    0.00    0.00    0.00    0.00    0.00   -0.06   -0.08    3.42   -0.18    0.29   37.20
C-G     0.00    0.00    0.00    0.00    0.00    0.00   -0.13    0.40    3.37   -0.43   -4.07   38.59
T-A     0.00    0.00    0.00    0.00    0.00    0.00   -0.15    0.69    3.33   -0.74   -7.20   38.86
C-G     0.00    0.00    0.00    0.00    0.00    0.00   -0.08    0.69    3.34   -0.63   -7.95   38.06
C-G     0.00    0.00    0.00    0.00    0.00    0.00    0.06    0.47    3.38    0.10   -5.71   36.62
A-T     0.00    0.00    0.00    0.00    0.00    0.00    0.21    0.23    3.44    1.20   -0.78   35.17
T-A     0.00    0.00    0.00    0.00    0.00    0.00    0.29    0.11    3.45    2.04    5.38   34.25
C-G     0.00    0.00    0.00    0.00    0.00    0.00    0.25    0.17    3.42    1.99   10.51   34.16
A-T     0.00    0.00    0.00    0.00    0.00    0.00    0.10    0.34    3.35    0.85   12.34   34.86
A-T     0.00    0.00    0.00    0.00    0.00    0.00   -0.10    0.48    3.29   -1.01    9.66   36.07
A-T     0.00    0.00    0.00    0.00    0.00    0.00   -0.27    0.51    3.28   -2.79    3.09   37.34
A-T     0.00    0.00    0.00    0.00    0.00    0.00   -0.34    0.45    3.35   -3.64   -4.95   38.24
G-C     0.00    0.00    0.00    0.00    0.00    0.00   -0.27    0.36    3.45   -3.17  -11.16   38.44
G-C     0.00    0.00    0.00    0.00    0.00    0.00   -0.10    0.32    3.55   -1.60  -12.84   37.83
C-G     0.00    0.00    0.00    0.00    0.00    0.00    0.08    0.34    3.59    0.37   -9.20   36.56
A-T     0.00    0.00    0.00    0.00    0.00    0.00    0.21    0.39    3.56    1.95   -1.78   35.02
T-A     0.00    0.00    0.00    0.00    0.00    0.00    0.24    0.37    3.48    2.63    6.26   33.70
G-C     0.00    0.00    0.00    0.00    0.00    0.00    0.17    0.27    3.39    2.39   11.58   33.07
T-A     0.00    0.00    0.00    0.00    0.00    0.00    0.04    0.14    3.33    1.60   12.20   33.40
T-A     0.00    0.00    0.00    0.00    0.00    0.00   -0.06    0.12    3.33    0.74    8.30   34.63
C-G     0.00    0.00    0.00    0.00    0.00    0.00   -0.10    0.30    3.36    0.11    1.95   36.38
A-T     0.00    0.00    0.00    0.00    0.00    0.00   -0.07    0.65    3.40   -0.24   -3.98   38.05
G-C     0.00    0.00    0.00    0.00    0.00    0.00    0.02    1.03    3.42   -0.46   -7.18   39.03
C-G     0.00    0.00    0.00    0.00    0.00    0.00    0.09    1.25    3.42   -0.69   -6.79   38.90
T-A     0.00    0.00    0.00    0.00    0.00    0.00    0.11    1.13    3.39   -0.90   -3.45   37.62
G-C     0.00    0.00    0.00    0.00    0.00    0.00    0.07    0.70    3.37   -0.94    1.20   35.53
A-T     0.00    0.00    0.00    0.00    0.00    0.00   -0.01    0.11    3.37   -0.64    5.42   33.27
A-T     0.00    0.00    0.00    0.00    0.00    0.00   -0.09   -0.36    3.38    0.01    7.94   31.56
T-A     0.00    0.00    0.00    0.00    0.00    0.00   -0.13   -0.49    3.40    0.78    8.27   30.99
T-A     0.00    0.00    0.00    0.00    0.00    0.00   -0.10   -0.20    3.41    1.34    6.57   31.78
C-G     0.00    0.00    0.00    0.00    0.00    0.00   -0.03    0.38    3.41    1.44    3.47   33.71
A-T     0.00    0.00    0.00    0.00    0.00    0.00    0.05    0.99    3.41    1.04   -0.07   36.15
G-C     0.00    0.00    0.00    0.00    0.00    0.00    0.10    1.40    3.40    0.37   -2.89   38.23
C-G     0.00    0.00    0.00    0.00    0.00    0.00    0.11    1.44    3.39   -0.23   -3.86   39.15
T-A     0.00    0.00    0.00    0.00    0.00    0.00    0.08    1.13    3.37   -0.49   -2.28   38.46
G-C     0.00    0.00    0.00    0.00    0.00    0.00    0.04    0.62    3.34   -0.37    1.66   36.31
A-T     0.00    0.00    0.00    0.00    0.00    0.00    0.02    0.11    3.31   -0.04    6.71   33.40
A-T     0.00    0.00    0.00    0.00    0.00    0.00    0.01   -0.24    3.27    0.22   10.87   30.81
C-G     0.00    0.00    0.00    0.00    0.00    0.00    0.02   -0.35    3.25    0.20   12.17   29.58
A-T     0.00    0.00    0.00    0.00    0.00    0.00    0.01   -0.22    3.26   -0.07    9.65   30.30
T-A     0.00    0.00    0.00    0.00    0.00    0.00   -0.01    0.08    3.31   -0.42    4.01   32.80
G-C     0.00    0.00    0.00    0.00    0.00    0.00   -0.04    0.46    3.37   -0.61   -2.54   36.19
C-G     0.00    0.00    0.00    0.00    0.00    0.00   -0.06    0.81    3.41   -0.51   -7.20   39.17
C-G     0.00    0.00    0.00    0.00    0.00    0.00   -0.05    1.03    3.43   -0.18   -7.86   40.55
T-A     0.00    0.00    0.00    0.00    0.00    0.00   -0.03    1.03    3.42    0.17   -4.13   39.72
T-A     0.00    0.00    0.00    0.00    0.00    0.00   -0.01    0.80    3.38    0.31    2.46   36.96
T-A     0.00    0.00    0.00    0.00    0.00    0.00   -0.01    0.40    3.34    0.16    9.20   33.30
T-A     0.00    0.00    0.00    0.00    0.00    0.00   -0.05   -0.04    3.31   -0.19   13.43   30.14
G-C     0.00    0.00    0.00    0.00    0.00    0.00   -0.09   -0.34    3.30   -0.52   13.68   28.66
A-T     0.00    0.00    0.00    0.00    0.00    0.00   -0.09   -0.37    3.28   -0.63   10.19   29.36
T-A     0.00    0.00    0.00    0.00    0.00    0.00   -0.04   -0.13    3.27   -0.44    4.58   31.91
G-C     0.00    0.00    0.00    0.00    0.00    0.00    0.07    0.28    3.27   -0.10   -1.01   35.29
G-C     0.00    0.00    0.00    0.00    0.00    0.00    0.17    0.66    3.28    0.15   -4.82   38.25
A-T     0.00    0.00    0.00    0.00    0.00    0.00    0.19    0.83    3.31    0.11   -6.02   39.78
G-C     0.00    0.00    0.00    0.00    0.00    0.00    0.12    0.68    3.35   -0.27   -4.73   39.49
C-G     0.00    0.00    0.00    0.00    0.00    0.00   -0.05    0.28    3.39   -0.80   -1.68   37.69
A-T     0.00    0.00    0.00    0.00    0.00    0.00   -0.22   -0.20    3.42   -1.17    2.15   35.19
G-C     0.00    0.00    0.00    0.00    0.00    0.00   -0.32   -0.53    3.41   -1.12    5.79   32.96
T-A     0.00    0.00    0.00    0.00    0.00    0.00   -0.28   -0.56    3.37   -0.58    8.35   31.73
T-A     0.00    0.00    0.00    0.00    0.00    0.00   -0.12   -0.26    3.31    0.22    9.14   31.80
T-A     0.00    0.00    0.00    0.00    0.00    0.00    0.06    0.23    3.27    0.89    7.81   32.92
C-G     0.00    0.00    0.00    0.00    0.00    0.00    0.17    0.70    3.25    1.04    4.60   34.52
C-G     0.00    0.00    0.00    0.00    0.00    0.00    0.14    0.97    3.25    0.54    0.49   35.89
A-T     0.00    0.00    0.00    0.00    0.00    0.00    0.00    0.92    3.27   -0.46   -3.03   36.52
A-T     0.00    0.00    0.00    0.00    0.00    0.00   -0.18    0.59    3.28   -1.50   -4.48   36.19
A-T     0.00    0.00    0.00    0.00    0.00    0.00   -0.28    0.12    3.29   -2.11   -3.10   35.11
T-A     0.00    0.00    0.00    0.00    0.00    0.00   -0.23   -0.33    3.29   -2.01    0.68   33.74
A-T     0.00    0.00    0.00    0.00    0.00    0.00   -0.06   -0.62    3.31   -1.26    5.32   32.64
C-G     0.00    0.00    0.00    0.00    0.00    0.00    0.13   -0.68    3.33   -0.27    8.77   32.26
A-T     0.00    0.00    0.00    0.00    0.00    0.00    0.24   -0.54    3.35    0.48    9.42   32.77
C-G     0.00    0.00    0.00    0.00    0.00    0.00    0.19   -0.28    3.36    0.66    6.84   34.01
T-A     0.00    0.00    0.00    0.00    0.00    0.00    0.02    0.04    3.34    0.25    2.09   35.59
T-A     0.00    0.00    0.00    0.00    0.00    0.00   -0.19    0.33    3.28   -0.43   -2.82   36.96
T-A     0.00    0.00    0.00    0.00    0.00    0.00   -0.34    0.58    3.22   -0.98   -5.77   37.65
T-A     0.00    0.00    0.00    0.00    0.00    0.00   -0.36    0.75    3.18   -1.12   -5.47   37.38
G-C     0.00    0.00    0.00    0.00    0.00    0.00   -0.26    0.83    3.16   -0.89   -2.00   36.17
G-C     0.00    0.00    0.00    0.00    0.00    0.00   -0.11    0.77    3.19   -0.57    3.34   34.30
T-A     0.00    0.00    0.00    0.00    0.00    0.00    0.01    0.56    3.22   -0.52    8.54   32.27
A-T     0.00    0.00    0.00    0.00    0.00    0.00    0.06    0.18    3.26   -0.89   11.78   30.64
G-C     0.00    0.00    0.00    0.00    0.00    0.00    0.05   -0.30    3.28   -1.55   12.01   29.90
A-T     0.00    0.00    0.00    0.00    0.00    0.00    0.01   -0.74    3.28   -2.13    9.28   30.32
A-T     0.00    0.00    0.00    0.00    0.00    0.00   -0.02   -0.99    3.29   -2.25    4.62   31.83
T-A     0.00    0.00    0.00    0.00    0.00    0.00   -0.03   -0.92    3.29   -1.78   -0.42   34.06
C-G     0.00    0.00    0.00    0.00    0.00    0.00   -0.05   -0.52    3.30   -0.91   -4.27   36.39
T-A     0.00    0.00    0.00    0.00    0.00    0.00   -0.10    0.10    3.30   -0.08   -5.84   38.13
G-C     0.00    0.00    0.00    0.00    0.00    0.00   -0.17    0.72    3.27    0.33   -4.79   38.76
C-G     0.00    0.00    0.00    0.00    0.00    0.00   -0.22    1.12    3.22    0.16   -1.61   38.09
A-T     0.00    0.00    0.00    0.00    0.00    0.00   -0.21    1.14    3.17   -0.41    2.64   36.37
G-C     0.00    0.00    0.00    0.00    0.00    0.00   -0.12    0.78    3.15   -1.02    6.60   34.20
G-C     0.00    0.00    0.00    0.00    0.00    0.00    0.01    0.22    3.17   -1.38    9.09   32.31
T-A     0.00    0.00    0.00    0.00    0.00    0.00    0.11   -0.33    3.23   -1.40    9.47   31.29
G-C     0.00    0.00    0.00    0.00    0.00    0.00    0.11   -0.65    3.30   -1.26    7.79   31.41
G-C     0.00    0.00    0.00    0.00    0.00    0.00   -0.01   -0.66    3.34   -1.18    4.74   32.48
A-T     0.00    0.00    0.00    0.00    0.00    0.00   -0.18   -0.45    3.34   -1.26    1.37   34.00
T-A     0.00    0.00    0.00    0.00    0.00    0.00   -0.30   -0.15    3.30   -1.37   -1.28   35.34
A-T     0.00    0.00    0.00    0.00    0.00    0.00   -0.28    0.06    3.25   -1.24   -2.50   36.02
T-A     0.00    0.00    0.00    0.00    0.00    0.00   -0.13    0.12    3.23   -0.71   -2.08   35.89
T-A     0.00    0.00    0.00    0.00    0.00    0.00    0.08    0.05    3.26    0.10   -0.34   35.14
G-C     0.00    0.00    0.00    0.00    0.00    0.00    0.24   -0.05    3.32    0.79    2.03   34.19
A-T     0.00    0.00    0.00    0.00    0.00    0.00    0.26   -0.08    3.36    0.92    4.19   33.53
T-A     0.00    0.00    0.00    0.00    0.00    0.00    0.11   -0.01    3.36    0.32    5.42   33.50
