 146 base-pairs
   0  ***local base-pair & step parameters***
       Shear  Stretch  Stagger Buckle Prop-Tw Opening   Shift  Slide    Rise    Tilt    Roll   Twist
A-T     0.00    0.00    0.00    0.00    0.00    0.00    0.00    0.00    0.00    0.00    0.00    0.00
T-A     0.00    0.00    0.00    0.00    0.00    0.00   -0.10   -0.01    3.28   -1.34    5.89   33.02
C-G     0.00    0.00    0.00    0.00    0.00    0.00   -0.15    0.07    3.27   -1.48    4.34   34.18
A-T     0.00    0.00    0.00    0.00    0.00    0.00   -0.13    0.18    3.27   -1.09    2.04   35.50
A-T     0.00    0.00    0.00    0.00    0.00    0.00   -0.04    0.23    3.27   -0.26   -0.34   36.45
T-A     0.00    0.00    0.00    0.00    0.00    0.00    0.07    0.15    3.27    0.75   -2.03   36.64
A-T     0.00    0.00    0.00    0.00    0.00    0.00    0.17   -0.07    3.28    1.62   -2.45   35.92
T-A     0.00    0.00    0.00    0.00    0.00    0.00    0.21   -0.34    3.28    2.06   -1.33   34.49
C-G     0.00    0.00    0.00    0.00    0.00    0.00    0.18   -0.57    3.28    1.93    1.14   32.77
C-G     0.00    0.00    0.00    0.00    0.00    0.00    0.08   -0.65    3.28    1.28    4.30   31.32
A-T     0.00    0.00    0.00    0.00    0.00    0.00   -0.02   -0.53    3.28    0.31    7.19   30.63
C-G     0.00    0.00    0.00    0.00    0.00    0.00   -0.10   -0.23    3.28   -0.67    8.78   30.98
C-G     0.00    0.00    0.00    0.00    0.00    0.00   -0.11    0.16    3.28   -1.33    8.36   32.35
T-A     0.00    0.00    0.00    0.00    0.00    0.00   -0.05    0.50    3.29   -1.48    5.80   34.41
G-C     0.00    0.00    0.00    0.00    0.00    0.00    0.05    0.67    3.29   -1.08    1.72   36.60
C-G     0.00    0.00    0.00    0.00    0.00    0.00    0.15    0.64    3.29   -0.28   -2.68   38.25
A-T     0.00    0.00    0.00    0.00    0.00    0.00    0.20    0.39    3.28    0.68   -5.90   38.82
G-C     0.00    0.00    0.00    0.00    0.00    0.00    0.19    0.03    3.27    1.51   -6.73   38.04
A-T     0.00    0.00    0.00    0.00    0.00    0.00    0.13   -0.34    3.26    1.99   -4.64   36.04
T-A     0.00    0.00    0.00    0.00    0.00    0.00    0.05   -0.62    3.27    2.03   -0.12   33.35
T-A     0.00    0.00    0.00    0.00    0.00    0.00   -0.02   -0.73    3.28    1.65    5.46   30.77
C-G     0.00    0.00    0.00    0.00    0.00    0.00   -0.03   -0.66    3.30    1.01   10.26   29.14
T-A     0.00    0.00    0.00    0.00    0.00    0.00    0.01   -0.44    3.32    0.30   12.58   29.05
A-T     0.00    0.00    0.00    0.00    0.00    0.00    0.07   -0.12    3.33   -0.28   11.52   30.63
C-G     0.00    0.00    0.00    0.00    0.00    0.00    0.14    0.21    3.32   -0.62    7.30   33.44
C-G     0.00    0.00    0.00    0.00    0.00    0.00    0.17    0.48    3.30   -0.67    1.27   36.62
A-T     0.00    0.00    0.00    0.00    0.00    0.00    0.16    0.64    3.26   -0.49   -4.53   39.13
A-T     0.00    0.00    0.00    0.00    0.00    0.00    0.11    0.64    3.24   -0.17   -8.13   40.13
A-T     0.00    0.00    0.00    0.00    0.00    0.00    0.05    0.49    3.24    0.18   -8.30   39.31
A-T     0.00    0.00    0.00    0.00    0.00    0.00    0.01    0.21    3.26    0.47   -5.03   36.98
G-C     0.00    0.00    0.00    0.00    0.00    0.00    0.00   -0.14    3.31    0.66    0.48   34.00
T-A     0.00    0.00    0.00    0.00    0.00    0.00    0.02   -0.45    3.35    0.72    6.22   31.44
G-C     0.00    0.00    0.00    0.00    0.00    0.00    0.06   -0.63    3.39    0.67   10.13   30.23
T-A     0.00    0.00    0.00    0.00    0.00    0.00    0.08   -0.62    3.39    0.53   10.85   30.73
A-T     0.00    0.00    0.00    0.00    0.00    0.00    0.08   -0.41    3.37    0.35    8.21   32.70
T-A     0.00    0.00    0.00    0.00    0.00    0.00    0.06   -0.04    3.33    0.18    3.28   35.31
T-A     0.00    0.00    0.00    0.00    0.00    0.00    0.03    0.38    3.28    0.03   -2.01   37.57
T-A     0.00    0.00    0.00    0.00    0.00    0.00    0.02    0.72    3.25   -0.06   -5.66   38.66
G-C     0.00    0.00    0.00    0.00    0.00    0.00    0.03    0.86    3.26   -0.10   -6.31   38.27
G-C     0.00    0.00    0.00    0.00    0.00    0.00    0.07    0.78    3.28   -0.11   -3.79   36.70
A-T     0.00    0.00    0.00    0.00    0.00    0.00    0.12    0.49    3.33   -0.14    0.84   34.71
A-T     0.00    0.00    0.00    0.00    0.00    0.00    0.14    0.12    3.37   -0.22    5.68   33.18
A-T     0.00    0.00    0.00    0.00    0.00    0.00    0.12   -0.22    3.39   -0.39    8.75   32.75
C-G     0.00    0.00    0.00    0.00    0.00    0.00    0.05   -0.39    3.39   -0.61    8.74   33.57
T-A     0.00    0.00    0.00    0.00    0.00    0.00   -0.04   -0.35    3.37   -0.81    5.55   35.26
G-C     0.00    0.00    0.00    0.00    0.00    0.00   -0.13   -0.12    3.36   -0.89    0.33   37.08
C-G     0.00    0.00    0.00    0.00    0.00    0.00   -0.17    0.21    3.35   -0.76   -4.91   38.29
T-A     0.00    0.00    0.00    0.00    0.00    0.00   -0.13    0.51    3.36   -0.38   -8.09   38.40
C-G     0.00    0.00    0.00    0.00    0.00    0.00   -0.03    0.69    3.38    0.19   -7.84   37.39
C-G     0.00    0.00    0.00    0.00    0.00    0.00    0.09    0.71    3.40    0.79   -4.08   35.71
A-T     0.00    0.00    0.00    0.00    0.00    0.00    0.20    0.57    3.41    1.21    1.92   34.03
T-A     0.00    0.00    0.00    0.00    0.00    0.00    0.24    0.37    3.39    1.24    8.00   33.00
C-G     0.00    0.00    0.00    0.00    0.00    0.00    0.19    0.19    3.36    0.80   11.86   33.00
A-T     0.00    0.00    0.00    0.00    0.00    0.00    0.08    0.12    3.33   -0.06   11.98   34.03
A-T     0.00    0.00    0.00    0.00    0.00    0.00   -0.07    0.16    3.31   -1.12    8.17   35.68
A-T     0.00    0.00    0.00    0.00    0.00    0.00   -0.18    0.31    3.32   -2.05    1.69   37.37
A-T     0.00    0.00    0.00    0.00    0.00    0.00   -0.22    0.48    3.36   -2.53   -5.16   38.54
G-C     0.00    0.00    0.00    0.00    0.00    0.00   -0.18    0.60    3.42   -2.35   -9.94   38.83
G-C     0.00    0.00    0.00    0.00    0.00    0.00   -0.08    0.61    3.47   -1.54  -10.91   38.18
C-G     0.00    0.00    0.00    0.00    0.00    0.00    0.05    0.52    3.50   -0.30   -7.72   36.83
A-T     0.00    0.00    0.00    0.00    0.00    0.00    0.14    0.35    3.49    0.99   -1.53   35.23
T-A     0.00    0.00    0.00    0.00    0.00    0.00    0.17    0.18    3.45    1.94    5.42   33.87
G-C     0.00    0.00    0.00    0.00    0.00    0.00    0.13    0.10    3.40    2.26   10.64   33.17
T-A     0.00    0.00    0.00    0.00    0.00    0.00    0.04    0.15    3.35    1.87   12.32   33.32
T-A     0.00    0.00    0.00    0.00    0.00    0.00   -0.06    0.33    3.32    0.93   10.02   34.29
C-G     0.00    0.00    0.00    0.00    0.00    0.00   -0.12    0.60    3.33   -0.23    4.75   35.77
A-T     0.00    0.00    0.00    0.00    0.00    0.00   -0.12    0.87    3.36   -1.26   -1.37   37.28
G-C     0.00    0.00    0.00    0.00    0.00    0.00   -0.07    1.03    3.40   -1.86   -6.02   38.31
C-G     0.00    0.00    0.00    0.00    0.00    0.00    0.01    1.01    3.43   -1.89   -7.51   38.47
T-A     0.00    0.00    0.00    0.00    0.00    0.00    0.07    0.80    3.44   -1.43   -5.43   37.59
G-C     0.00    0.00    0.00    0.00    0.00    0.00    0.10    0.45    3.43   -0.68   -0.77   35.91
A-T     0.00    0.00    0.00    0.00    0.00    0.00    0.07    0.05    3.41    0.11    4.50   33.95
A-T     0.00    0.00    0.00    0.00    0.00    0.00    0.01   -0.24    3.39    0.73    8.25   32.41
T-A     0.00    0.00    0.00    0.00    0.00    0.00   -0.06   -0.32    3.38    1.06    9.05   31.91
T-A     0.00    0.00    0.00    0.00    0.00    0.00   -0.09   -0.14    3.39    1.12    6.67   32.74
C-G     0.00    0.00    0.00    0.00    0.00    0.00   -0.08    0.27    3.41    0.99    2.21   34.71
A-T     0.00    0.00    0.00    0.00    0.00    0.00   -0.03    0.77    3.43    0.78   -2.42   37.15
G-C     0.00    0.00    0.00    0.00    0.00    0.00    0.04    1.20    3.44    0.54   -5.25   39.13
C-G     0.00    0.00    0.00    0.00    0.00    0.00    0.09    1.39    3.42    0.32   -5.03   39.80
T-A     0.00    0.00    0.00    0.00    0.00    0.00    0.10    1.27    3.39    0.10   -1.76   38.74
G-C     0.00    0.00    0.00    0.00    0.00    0.00    0.07    0.85    3.35   -0.12    3.36   36.18
A-T     0.00    0.00    0.00    0.00    0.00    0.00    0.01    0.29    3.31   -0.33    8.35   32.95
A-T     0.00    0.00    0.00    0.00    0.00    0.00   -0.05   -0.24    3.30   -0.46   11.29   30.23
C-G     0.00    0.00    0.00    0.00    0.00    0.00   -0.08   -0.53    3.30   -0.48   10.99   29.07
A-T     0.00    0.00    0.00    0.00    0.00    0.00   -0.07   -0.48    3.33   -0.35    7.48   29.99
T-A     0.00    0.00    0.00    0.00    0.00    0.00   -0.02   -0.13    3.37   -0.08    2.00   32.71
G-C     0.00    0.00    0.00    0.00    0.00    0.00    0.04    0.40    3.40    0.24   -3.48   36.29
C-G     0.00    0.00    0.00    0.00    0.00    0.00    0.09    0.88    3.43    0.52   -6.99   39.40
C-G     0.00    0.00    0.00    0.00    0.00    0.00    0.09    1.14    3.43    0.66   -7.25   40.88
T-A     0.00    0.00    0.00    0.00    0.00    0.00    0.05    1.09    3.42    0.63   -4.16   40.16
T-A     0.00    0.00    0.00    0.00    0.00    0.00   -0.02    0.74    3.39    0.48    1.24   37.50
T-A     0.00    0.00    0.00    0.00    0.00    0.00   -0.08    0.27    3.35    0.29    7.13   33.89
T-A     0.00    0.00    0.00    0.00    0.00    0.00   -0.11   -0.15    3.31    0.14   11.53   30.64
G-C     0.00    0.00    0.00    0.00    0.00    0.00   -0.09   -0.34    3.27    0.08   13.03   28.92
A-T     0.00    0.00    0.00    0.00    0.00    0.00   -0.03   -0.23    3.25    0.08   11.21   29.25
T-A     0.00    0.00    0.00    0.00    0.00    0.00    0.05    0.10    3.24    0.07    6.80   31.38
G-C     0.00    0.00    0.00    0.00    0.00    0.00    0.11    0.50    3.25   -0.05    1.33   34.42
G-C     0.00    0.00    0.00    0.00    0.00    0.00    0.12    0.78    3.27   -0.31   -3.36   37.17
A-T     0.00    0.00    0.00    0.00    0.00    0.00    0.07    0.82    3.31   -0.66   -5.76   38.65
G-C     0.00    0.00    0.00    0.00    0.00    0.00   -0.01    0.58    3.35   -1.00   -5.18   38.43
C-G     0.00    0.00    0.00    0.00    0.00    0.00   -0.10    0.18    3.38   -1.17   -1.95   36.76
A-T     0.00    0.00    0.00    0.00    0.00    0.00   -0.16   -0.24    3.39   -1.06    2.72   34.43
G-C     0.00    0.00    0.00    0.00    0.00    0.00   -0.17   -0.48    3.38   -0.66    7.17   32.40
T-A     0.00    0.00    0.00    0.00    0.00    0.00   -0.12   -0.46    3.35   -0.08    9.89   31.42
T-A     0.00    0.00    0.00    0.00    0.00    0.00   -0.03   -0.18    3.31    0.46   10.00   31.76
T-A     0.00    0.00    0.00    0.00    0.00    0.00    0.04    0.24    3.26    0.76    7.55   33.16
C-G     0.00    0.00    0.00    0.00    0.00    0.00    0.08    0.65    3.22    0.67    3.53   34.97
C-G     0.00    0.00    0.00    0.00    0.00    0.00    0.05    0.90    3.20    0.19   -0.56   36.43
A-T     0.00    0.00    0.00    0.00    0.00    0.00   -0.03    0.90    3.20   -0.55   -3.21   36.98
A-T     0.00    0.00    0.00    0.00    0.00    0.00   -0.11    0.65    3.22   -1.31   -3.43   36.46
A-T     0.00    0.00    0.00    0.00    0.00    0.00   -0.18    0.26    3.25   -1.85   -1.16   35.12
T-A     0.00    0.00    0.00    0.00    0.00    0.00   -0.18   -0.16    3.28   -2.02    2.72   33.50
A-T     0.00    0.00    0.00    0.00    0.00    0.00   -0.13   -0.47    3.31   -1.81    6.73   32.21
C-G     0.00    0.00    0.00    0.00    0.00    0.00   -0.04   -0.62    3.33   -1.34    9.28   31.71
A-T     0.00    0.00    0.00    0.00    0.00    0.00    0.04   -0.58    3.34   -0.82    9.33   32.18
C-G     0.00    0.00    0.00    0.00    0.00    0.00    0.08   -0.38    3.34   -0.42    6.74   33.47
T-A     0.00    0.00    0.00    0.00    0.00    0.00    0.04   -0.08    3.33   -0.27    2.39   35.17
T-A     0.00    0.00    0.00    0.00    0.00    0.00   -0.06    0.25    3.30   -0.34   -2.16   36.75
T-A     0.00    0.00    0.00    0.00    0.00    0.00   -0.18    0.55    3.27   -0.56   -5.20   37.73
T-A     0.00    0.00    0.00    0.00    0.00    0.00   -0.28    0.75    3.23   -0.78   -5.55   37.79
G-C     0.00    0.00    0.00    0.00    0.00    0.00   -0.29    0.82    3.20   -0.92   -2.99   36.90
G-C     0.00    0.00    0.00    0.00    0.00    0.00   -0.23    0.72    3.19   -0.95    1.61   35.28
T-A     0.00    0.00    0.00    0.00    0.00    0.00   -0.10    0.44    3.20   -0.95    6.64   33.39
A-T     0.00    0.00    0.00    0.00    0.00    0.00    0.04    0.04    3.23   -0.97   10.30   31.78
G-C     0.00    0.00    0.00    0.00    0.00    0.00    0.14   -0.40    3.27   -1.09   11.28   30.94
A-T     0.00    0.00    0.00    0.00    0.00    0.00    0.15   -0.75    3.31   -1.28    9.23   31.17
A-T     0.00    0.00    0.00    0.00    0.00    0.00    0.07   -0.90    3.34   -1.47    4.86   32.43
T-A     0.00    0.00    0.00    0.00    0.00    0.00   -0.07   -0.78    3.35   -1.53   -0.30   34.37
C-G     0.00    0.00    0.00    0.00    0.00    0.00   -0.22   -0.41    3.33   -1.38   -4.48   36.40
T-A     0.00    0.00    0.00    0.00    0.00    0.00   -0.30    0.12    3.30   -1.02   -6.33   37.88
G-C     0.00    0.00    0.00    0.00    0.00    0.00   -0.30    0.62    3.26   -0.55   -5.33   38.33
C-G     0.00    0.00    0.00    0.00    0.00    0.00   -0.21    0.95    3.23   -0.13   -1.98   37.60
A-T     0.00    0.00    0.00    0.00    0.00    0.00   -0.07    0.98    3.22    0.07    2.46   35.94
G-C     0.00    0.00    0.00    0.00    0.00    0.00    0.05    0.71    3.23   -0.04    6.45   33.94
G-C     0.00    0.00    0.00    0.00    0.00    0.00    0.11    0.25    3.25   -0.42    8.73   32.26
T-A     0.00    0.00    0.00    0.00    0.00    0.00    0.09   -0.25    3.28   -0.93    8.70   31.47
G-C     0.00    0.00    0.00    0.00    0.00    0.00    0.01   -0.61    3.29   -1.33    6.60   31.76
G-C     0.00    0.00    0.00    0.00    0.00    0.00   -0.08   -0.73    3.30   -1.44    3.30   32.96
A-T     0.00    0.00    0.00    0.00    0.00    0.00   -0.15   -0.61    3.29   -1.17   -0.02   34.56
T-A     0.00    0.00    0.00    0.00    0.00    0.00   -0.16   -0.31    3.28   -0.59   -2.29   35.91
A-T     0.00    0.00    0.00    0.00    0.00    0.00   -0.10    0.01    3.28    0.11   -2.92   36.52
T-A     0.00    0.00    0.00    0.00    0.00    0.00   -0.01    0.23    3.27    0.66   -1.86   36.20
T-A     0.00    0.00    0.00    0.00    0.00    0.00    0.07    0.29    3.28    0.84    0.37   35.14
G-C     0.00    0.00    0.00    0.00    0.00    0.00    0.10    0.22    3.29    0.57    2.98   33.82
A-T     0.00    0.00    0.00    0.00    0.00    0.00    0.07    0.09    3.29   -0.05    5.13   32.80
T-A     0.00    0.00    0.00    0.00    0.00    0.00   -0.01   -0.01    3.29   -0.78    6.19   32.49
