 146 base-pairs
   0  ***local base-pair & step parameters***
       Shear  Stretch  Stagger Buckle Prop-Tw Opening   Shift  Slide    Rise    Tilt    Roll   Twist
A-T     0.00    0.00    0.00    0.00    0.00    0.00    0.00    0.00    0.00    0.00    0.00    0.00
T-A     0.00    0.00    0.00    0.00    0.00    0.00   -0.10   -0.09    3.23   -1.02    4.96   34.20
C-G     0.00    0.00    0.00    0.00    0.00    0.00   -0.26    0.02    3.18   -2.04    3.29   35.37
A-T     0.00    0.00    0.00    0.00    0.00    0.00   -0.28    0.06    3.15   -2.25    0.76   36.60
A-T     0.00    0.00    0.00    0.00    0.00    0.00   -0.13    0.00    3.17   -1.39   -1.78   37.43
T-A     0.00    0.00    0.00    0.00    0.00    0.00    0.08   -0.10    3.24    0.23   -3.42   37.49
A-T     0.00    0.00    0.00    0.00    0.00    0.00    0.24   -0.20    3.32    1.84   -3.43   36.64
T-A     0.00    0.00    0.00    0.00    0.00    0.00    0.26   -0.27    3.38    2.61   -1.64   35.05
C-G     0.00    0.00    0.00    0.00    0.00    0.00    0.12   -0.29    3.39    2.16    1.46   33.14
C-G     0.00    0.00    0.00    0.00    0.00    0.00   -0.09   -0.29    3.35    0.74    4.88   31.50
A-T     0.00    0.00    0.00    0.00    0.00    0.00   -0.25   -0.26    3.32   -0.92    7.46   30.67
C-G     0.00    0.00    0.00    0.00    0.00    0.00   -0.27   -0.16    3.32   -1.98    8.26   31.01
C-G     0.00    0.00    0.00    0.00    0.00    0.00   -0.15    0.03    3.35   -1.98    6.94   32.51
T-A     0.00    0.00    0.00    0.00    0.00    0.00    0.04    0.30    3.41   -1.05    3.80   34.79
G-C     0.00    0.00    0.00    0.00    0.00    0.00    0.20    0.57    3.44    0.25   -0.28   37.17
C-G     0.00    0.00    0.00    0.00    0.00    0.00    0.26    0.71    3.42    1.29   -4.20   38.92
A-T     0.00    0.00    0.00    0.00    0.00    0.00    0.22    0.61    3.35    1.75   -6.83   39.42
G-C     0.00    0.00    0.00    0.00    0.00    0.00    0.13    0.23    3.26    1.75   -7.36   38.43
A-T     0.00    0.00    0.00    0.00    0.00    0.00    0.06   -0.30    3.19    1.66   -5.41   36.16
T-A     0.00    0.00    0.00    0.00    0.00    0.00    0.05   -0.77    3.19    1.77   -1.20   33.19
T-A     0.00    0.00    0.00    0.00    0.00    0.00    0.09   -0.98    3.24    2.06    4.36   30.35
C-G     0.00    0.00    0.00    0.00    0.00    0.00    0.15   -0.83    3.31    2.20    9.82   28.45
T-A     0.00    0.00    0.00    0.00    0.00    0.00    0.17   -0.38    3.34    1.82   13.45   28.05
A-T     0.00    0.00    0.00    0.00    0.00    0.00    0.15    0.17    3.32    0.83   13.88   29.27
C-G     0.00    0.00    0.00    0.00    0.00    0.00    0.11    0.60    3.26   -0.45   10.67   31.75
C-G     0.00    0.00    0.00    0.00    0.00    0.00    0.09    0.77    3.19   -1.41    4.72   34.73
A-T     0.00    0.00    0.00    0.00    0.00    0.00    0.10    0.70    3.17   -1.53   -1.92   37.27
A-T     0.00    0.00    0.00    0.00    0.00    0.00    0.14    0.48    3.20   -0.73   -6.73   38.56
A-T     0.00    0.00    0.00    0.00    0.00    0.00    0.18    0.26    3.26    0.56   -7.80   38.21
A-T     0.00    0.00    0.00    0.00    0.00    0.00    0.17    0.09    3.32    1.65   -4.71   36.42
G-C     0.00    0.00    0.00    0.00    0.00    0.00    0.12   -0.04    3.36    1.97    1.18   33.90
T-A     0.00    0.00    0.00    0.00    0.00    0.00    0.05   -0.21    3.36    1.42    7.27   31.69
G-C     0.00    0.00    0.00    0.00    0.00    0.00   -0.01   -0.43    3.33    0.42   10.91   30.71
T-A     0.00    0.00    0.00    0.00    0.00    0.00   -0.02   -0.62    3.31   -0.41   10.57   31.39
A-T     0.00    0.00    0.00    0.00    0.00    0.00    0.01   -0.65    3.31   -0.62    6.50   33.51
T-A     0.00    0.00    0.00    0.00    0.00    0.00    0.05   -0.41    3.32   -0.22    0.59   36.24
T-A     0.00    0.00    0.00    0.00    0.00    0.00    0.06    0.08    3.32    0.34   -4.63   38.49
T-A     0.00    0.00    0.00    0.00    0.00    0.00    0.03    0.65    3.30    0.53   -7.09   39.39
G-C     0.00    0.00    0.00    0.00    0.00    0.00   -0.02    1.05    3.26    0.07   -6.04   38.63
G-C     0.00    0.00    0.00    0.00    0.00    0.00   -0.06    1.07    3.24   -0.89   -2.22   36.61
A-T     0.00    0.00    0.00    0.00    0.00    0.00   -0.06    0.69    3.25   -1.81    2.71   34.23
A-T     0.00    0.00    0.00    0.00    0.00    0.00   -0.02    0.09    3.30   -2.20    6.89   32.51
A-T     0.00    0.00    0.00    0.00    0.00    0.00    0.03   -0.44    3.37   -1.89    9.01   32.12
C-G     0.00    0.00    0.00    0.00    0.00    0.00    0.05   -0.65    3.42   -1.13    8.59   33.17
T-A     0.00    0.00    0.00    0.00    0.00    0.00    0.02   -0.46    3.43   -0.45    5.93   35.15
G-C     0.00    0.00    0.00    0.00    0.00    0.00   -0.06    0.01    3.39   -0.21    1.88   37.25
C-G     0.00    0.00    0.00    0.00    0.00    0.00   -0.13    0.50    3.33   -0.44   -2.39   38.67
T-A     0.00    0.00    0.00    0.00    0.00    0.00   -0.15    0.78    3.29   -0.75   -5.59   38.97
C-G     0.00    0.00    0.00    0.00    0.00    0.00   -0.07    0.75    3.29   -0.66   -6.56   38.19
C-G     0.00    0.00    0.00    0.00    0.00    0.00    0.07    0.51    3.34    0.04   -4.68   36.76
A-T     0.00    0.00    0.00    0.00    0.00    0.00    0.22    0.24    3.40    1.10   -0.21   35.30
T-A     0.00    0.00    0.00    0.00    0.00    0.00    0.30    0.10    3.42    1.89    5.46   34.36
C-G     0.00    0.00    0.00    0.00    0.00    0.00    0.26    0.14    3.39    1.81   10.09   34.22
A-T     0.00    0.00    0.00    0.00    0.00    0.00    0.11    0.29    3.33    0.64   11.47   34.87
A-T     0.00    0.00    0.00    0.00    0.00    0.00   -0.10    0.43    3.29   -1.23    8.44   36.01
A-T     0.00    0.00    0.00    0.00    0.00    0.00   -0.26    0.47    3.30   -2.98    1.64   37.21
A-T     0.00    0.00    0.00    0.00    0.00    0.00   -0.33    0.43    3.37   -3.79   -6.48   38.03
G-C     0.00    0.00    0.00    0.00    0.00    0.00   -0.26    0.36    3.50   -3.26  -12.62   38.16
G-C     0.00    0.00    0.00    0.00    0.00    0.00   -0.09    0.35    3.61   -1.61  -14.09   37.50
C-G     0.00    0.00    0.00    0.00    0.00    0.00    0.10    0.42    3.66    0.46  -10.14   36.21
A-T     0.00    0.00    0.00    0.00    0.00    0.00    0.23    0.49    3.63    2.15   -2.33   34.65
T-A     0.00    0.00    0.00    0.00    0.00    0.00    0.25    0.50    3.55    2.93    6.13   33.34
G-C     0.00    0.00    0.00    0.00    0.00    0.00    0.18    0.41    3.46    2.79   11.86   32.75
T-A     0.00    0.00    0.00    0.00    0.00    0.00    0.06    0.28    3.40    2.08   12.84   33.12
T-A     0.00    0.00    0.00    0.00    0.00    0.00   -0.05    0.24    3.38    1.26    9.22   34.40
C-G     0.00    0.00    0.00    0.00    0.00    0.00   -0.09    0.39    3.40    0.65    3.05   36.21
A-T     0.00    0.00    0.00    0.00    0.00    0.00   -0.05    0.70    3.42    0.28   -2.82   37.93
G-C     0.00    0.00    0.00    0.00    0.00    0.00    0.03    1.03    3.42    0.01   -6.07   38.95
C-G     0.00    0.00    0.00    0.00    0.00    0.00    0.11    1.19    3.39   -0.30   -5.82   38.85
T-A     0.00    0.00    0.00    0.00    0.00    0.00    0.13    1.02    3.35   -0.62   -2.69   37.60
G-C     0.00    0.00    0.00    0.00    0.00    0.00    0.09    0.54    3.31   -0.78    1.71   35.53
A-T     0.00    0.00    0.00    0.00    0.00    0.00    0.00   -0.08    3.29   -0.61    5.66   33.28
A-T     0.00    0.00    0.00    0.00    0.00    0.00   -0.08   -0.57    3.30   -0.09    7.94   31.58
T-A     0.00    0.00    0.00    0.00    0.00    0.00   -0.12   -0.70    3.31    0.56    8.07   31.02
T-A     0.00    0.00    0.00    0.00    0.00    0.00   -0.10   -0.40    3.33    1.03    6.23   31.83
C-G     0.00    0.00    0.00    0.00    0.00    0.00   -0.03    0.21    3.34    1.06    3.05   33.80
A-T     0.00    0.00    0.00    0.00    0.00    0.00    0.04    0.87    3.35    0.61   -0.50   36.29
G-C     0.00    0.00    0.00    0.00    0.00    0.00    0.08    1.32    3.35   -0.08   -3.28   38.44
C-G     0.00    0.00    0.00    0.00    0.00    0.00    0.08    1.42    3.36   -0.68   -4.18   39.43
T-A     0.00    0.00    0.00    0.00    0.00    0.00    0.04    1.17    3.37   -0.92   -2.53   38.83
G-C     0.00    0.00    0.00    0.00    0.00    0.00    0.00    0.71    3.36   -0.75    1.48   36.76
A-T     0.00    0.00    0.00    0.00    0.00    0.00   -0.03    0.23    3.34   -0.37    6.58   33.92
A-T     0.00    0.00    0.00    0.00    0.00    0.00   -0.04   -0.10    3.32   -0.06   10.75   31.38
C-G     0.00    0.00    0.00    0.00    0.00    0.00   -0.04   -0.20    3.31   -0.02   12.00   30.17
A-T     0.00    0.00    0.00    0.00    0.00    0.00   -0.05   -0.07    3.33   -0.24    9.40   30.87
T-A     0.00    0.00    0.00    0.00    0.00    0.00   -0.07    0.22    3.37   -0.55    3.66   33.32
G-C     0.00    0.00    0.00    0.00    0.00    0.00   -0.09    0.57    3.42   -0.69   -3.00   36.61
C-G     0.00    0.00    0.00    0.00    0.00    0.00   -0.09    0.89    3.46   -0.55   -7.74   39.46
C-G     0.00    0.00    0.00    0.00    0.00    0.00   -0.07    1.07    3.47   -0.19   -8.46   40.67
T-A     0.00    0.00    0.00    0.00    0.00    0.00   -0.03    1.04    3.44    0.19   -4.73   39.66
T-A     0.00    0.00    0.00    0.00    0.00    0.00    0.00    0.78    3.39    0.37    1.95   36.71
T-A     0.00    0.00    0.00    0.00    0.00    0.00    0.01    0.37    3.34    0.26    8.85   32.86
T-A     0.00    0.00    0.00    0.00    0.00    0.00   -0.01   -0.07    3.30   -0.05   13.31   29.54
G-C     0.00    0.00    0.00    0.00    0.00    0.00   -0.03   -0.37    3.27   -0.33   13.85   27.93
A-T     0.00    0.00    0.00    0.00    0.00    0.00   -0.03   -0.40    3.25   -0.39   10.67   28.55
T-A     0.00    0.00    0.00    0.00    0.00    0.00    0.04   -0.14    3.24   -0.15    5.37   31.07
G-C     0.00    0.00    0.00    0.00    0.00    0.00    0.14    0.29    3.24    0.23    0.06   34.47
G-C     0.00    0.00    0.00    0.00    0.00    0.00    0.24    0.70    3.25    0.51   -3.55   37.50
A-T     0.00    0.00    0.00    0.00    0.00    0.00    0.26    0.88    3.28    0.48   -4.65   39.15
G-C     0.00    0.00    0.00    0.00    0.00    0.00    0.17    0.74    3.33    0.10   -3.38   39.02
C-G     0.00    0.00    0.00    0.00    0.00    0.00    0.00    0.33    3.39   -0.45   -0.48   37.39
A-T     0.00    0.00    0.00    0.00    0.00    0.00   -0.19   -0.16    3.42   -0.86    3.08   35.07
G-C     0.00    0.00    0.00    0.00    0.00    0.00   -0.30   -0.51    3.41   -0.87    6.35   33.02
T-A     0.00    0.00    0.00    0.00    0.00    0.00   -0.28   -0.56    3.38   -0.41    8.47   31.95
T-A     0.00    0.00    0.00    0.00    0.00    0.00   -0.14   -0.30    3.33    0.31    8.78   32.15
T-A     0.00    0.00    0.00    0.00    0.00    0.00    0.03    0.16    3.29    0.89    6.99   33.36
C-G     0.00    0.00    0.00    0.00    0.00    0.00    0.13    0.61    3.28    0.96    3.38   35.01
C-G     0.00    0.00    0.00    0.00    0.00    0.00    0.10    0.85    3.28    0.37   -1.03   36.40
A-T     0.00    0.00    0.00    0.00    0.00    0.00   -0.05    0.79    3.29   -0.68   -4.70   36.99
A-T     0.00    0.00    0.00    0.00    0.00    0.00   -0.23    0.46    3.30   -1.77   -6.16   36.61
A-T     0.00    0.00    0.00    0.00    0.00    0.00   -0.32    0.00    3.30   -2.40   -4.63   35.46
T-A     0.00    0.00    0.00    0.00    0.00    0.00   -0.27   -0.43    3.30   -2.29   -0.55   34.01
A-T     0.00    0.00    0.00    0.00    0.00    0.00   -0.10   -0.68    3.31   -1.53    4.51   32.84
C-G     0.00    0.00    0.00    0.00    0.00    0.00    0.10   -0.71    3.33   -0.50    8.46   32.39
A-T     0.00    0.00    0.00    0.00    0.00    0.00    0.22   -0.54    3.34    0.30    9.63   32.85
C-G     0.00    0.00    0.00    0.00    0.00    0.00    0.18   -0.23    3.34    0.53    7.57   34.06
T-A     0.00    0.00    0.00    0.00    0.00    0.00    0.01    0.11    3.31    0.17    3.25   35.62
T-A     0.00    0.00    0.00    0.00    0.00    0.00   -0.19    0.42    3.25   -0.48   -1.33   37.00
T-A     0.00    0.00    0.00    0.00    0.00    0.00   -0.34    0.67    3.19   -1.00   -4.11   37.71
T-A     0.00    0.00    0.00    0.00    0.00    0.00   -0.36    0.84    3.14   -1.13   -3.81   37.47
G-C     0.00    0.00    0.00    0.00    0.00    0.00   -0.26    0.90    3.12   -0.91   -0.48   36.29
G-C     0.00    0.00    0.00    0.00    0.00    0.00   -0.11    0.83    3.14   -0.62    4.56   34.44
T-A     0.00    0.00    0.00    0.00    0.00    0.00    0.01    0.58    3.18   -0.60    9.36   32.41
A-T     0.00    0.00    0.00    0.00    0.00    0.00    0.06    0.18    3.22   -1.01   12.11   30.76
G-C     0.00    0.00    0.00    0.00    0.00    0.00    0.05   -0.32    3.25   -1.72   11.83   29.99
A-T     0.00    0.00    0.00    0.00    0.00    0.00    0.02   -0.78    3.26   -2.33    8.63   30.35
A-T     0.00    0.00    0.00    0.00    0.00    0.00   -0.01   -1.04    3.28   -2.46    3.56   31.80
T-A     0.00    0.00    0.00    0.00    0.00    0.00   -0.02   -0.97    3.30   -1.98   -1.77   33.96
C-G     0.00    0.00    0.00    0.00    0.00    0.00   -0.04   -0.56    3.33   -1.09   -5.78   36.21
T-A     0.00    0.00    0.00    0.00    0.00    0.00   -0.09    0.09    3.34   -0.20   -7.35   37.89
G-C     0.00    0.00    0.00    0.00    0.00    0.00   -0.16    0.74    3.32    0.28   -6.17   38.46
C-G     0.00    0.00    0.00    0.00    0.00    0.00   -0.21    1.17    3.29    0.20   -2.71   37.75
A-T     0.00    0.00    0.00    0.00    0.00    0.00   -0.20    1.23    3.24   -0.26    1.89   36.01
G-C     0.00    0.00    0.00    0.00    0.00    0.00   -0.10    0.90    3.22   -0.76    6.25   33.84
G-C     0.00    0.00    0.00    0.00    0.00    0.00    0.03    0.35    3.24   -1.02    9.17   31.97
T-A     0.00    0.00    0.00    0.00    0.00    0.00    0.13   -0.18    3.30   -0.96    9.94   30.99
G-C     0.00    0.00    0.00    0.00    0.00    0.00    0.12   -0.51    3.36   -0.76    8.58   31.15
G-C     0.00    0.00    0.00    0.00    0.00    0.00    0.01   -0.56    3.39   -0.65    5.76   32.28
A-T     0.00    0.00    0.00    0.00    0.00    0.00   -0.16   -0.37    3.36   -0.73    2.51   33.85
T-A     0.00    0.00    0.00    0.00    0.00    0.00   -0.28   -0.13    3.30   -0.87   -0.13   35.24
A-T     0.00    0.00    0.00    0.00    0.00    0.00   -0.27    0.03    3.24   -0.81   -1.45   35.96
T-A     0.00    0.00    0.00    0.00    0.00    0.00   -0.12    0.03    3.20   -0.38   -1.21   35.86
T-A     0.00    0.00    0.00    0.00    0.00    0.00    0.10   -0.09    3.21    0.31    0.29   35.13
G-C     0.00    0.00    0.00    0.00    0.00    0.00    0.26   -0.23    3.25    0.88    2.40   34.19
A-T     0.00    0.00    0.00    0.00    0.00    0.00    0.27   -0.28    3.28    0.89    4.31   33.54
T-A     0.00    0.00    0.00    0.00    0.00    0.00    0.12   -0.22    3.28    0.17    5.30   33.52
