 146 base-pairs
   0  ***local base-pair & step parameters***
       Shear  Stretch  Stagger Buckle Prop-Tw Opening   Shift  Slide    Rise    Tilt    Roll   Twist
A-T     0.00    0.00    0.00    0.00    0.00    0.00    0.00    0.00    0.00    0.00    0.00    0.00
T-A     0.00    0.00    0.00    0.00    0.00    0.00   -0.12    0.01    3.34   -1.82    5.01   35.41
C-G     0.00    0.00    0.00    0.00    0.00    0.00   -0.21   -0.16    3.14   -3.80    2.22   35.14
A-T     0.00    0.00    0.00    0.00    0.00    0.00   -0.08   -0.31    3.09   -1.56   -0.46   34.94
A-T     0.00    0.00    0.00    0.00    0.00    0.00    0.03   -0.24    3.28    0.98   -1.24   36.15
T-A     0.00    0.00    0.00    0.00    0.00    0.00    0.00   -0.17    3.43    0.51   -1.41   37.41
A-T     0.00    0.00    0.00    0.00    0.00    0.00   -0.01   -0.30    3.38   -0.62   -2.20   36.79
T-A     0.00    0.00    0.00    0.00    0.00    0.00    0.13   -0.43    3.29    0.69   -2.28   34.56
C-G     0.00    0.00    0.00    0.00    0.00    0.00    0.21   -0.32    3.31    2.56    0.08   32.41
C-G     0.00    0.00    0.00    0.00    0.00    0.00    0.02   -0.11    3.36    1.49    4.07   31.08
A-T     0.00    0.00    0.00    0.00    0.00    0.00   -0.27   -0.07    3.30   -1.40    7.36   30.38
C-G     0.00    0.00    0.00    0.00    0.00    0.00   -0.31   -0.14    3.25   -2.20    8.89   30.69
C-G     0.00    0.00    0.00    0.00    0.00    0.00   -0.08    0.02    3.36   -0.75    8.65   32.61
T-A     0.00    0.00    0.00    0.00    0.00    0.00    0.10    0.43    3.52   -0.39    6.03   35.36
G-C     0.00    0.00    0.00    0.00    0.00    0.00    0.07    0.75    3.47   -1.61    0.67   37.34
C-G     0.00    0.00    0.00    0.00    0.00    0.00    0.03    0.81    3.26   -1.03   -5.24   38.29
A-T     0.00    0.00    0.00    0.00    0.00    0.00    0.12    0.73    3.16    2.21   -8.20   39.18
G-C     0.00    0.00    0.00    0.00    0.00    0.00    0.24    0.57    3.24    4.09   -7.23   39.73
A-T     0.00    0.00    0.00    0.00    0.00    0.00    0.20    0.11    3.27    2.23   -4.43   38.02
T-A     0.00    0.00    0.00    0.00    0.00    0.00    0.09   -0.63    3.15    0.23   -1.18   33.60
T-A     0.00    0.00    0.00    0.00    0.00    0.00    0.10   -1.13    3.11    1.90    3.69   29.29
C-G     0.00    0.00    0.00    0.00    0.00    0.00    0.17   -0.92    3.31    4.62   10.42   28.13
T-A     0.00    0.00    0.00    0.00    0.00    0.00    0.11   -0.23    3.50    3.28   15.43   29.61
A-T     0.00    0.00    0.00    0.00    0.00    0.00   -0.01    0.33    3.40   -1.25   14.59   31.06
C-G     0.00    0.00    0.00    0.00    0.00    0.00    0.03    0.52    3.11   -3.12    8.43   31.77
C-G     0.00    0.00    0.00    0.00    0.00    0.00    0.22    0.59    3.02   -0.57    1.51   33.58
A-T     0.00    0.00    0.00    0.00    0.00    0.00    0.32    0.68    3.21    1.80   -2.98   37.03
A-T     0.00    0.00    0.00    0.00    0.00    0.00    0.22    0.55    3.38    0.73   -5.43   39.61
A-T     0.00    0.00    0.00    0.00    0.00    0.00    0.12    0.10    3.36   -0.84   -6.48   38.89
A-T     0.00    0.00    0.00    0.00    0.00    0.00    0.17   -0.32    3.32    0.52   -4.74   35.70
G-C     0.00    0.00    0.00    0.00    0.00    0.00    0.19   -0.40    3.39    2.70    0.59   32.71
T-A     0.00    0.00    0.00    0.00    0.00    0.00    0.01   -0.31    3.45    1.81    6.87   31.17
G-C     0.00    0.00    0.00    0.00    0.00    0.00   -0.18   -0.44    3.36   -1.00   10.20   30.68
T-A     0.00    0.00    0.00    0.00    0.00    0.00   -0.09   -0.73    3.23   -1.54    9.29   31.17
A-T     0.00    0.00    0.00    0.00    0.00    0.00    0.19   -0.79    3.28    0.47    5.71   33.11
T-A     0.00    0.00    0.00    0.00    0.00    0.00    0.29   -0.46    3.42    1.32    1.06   35.84
T-A     0.00    0.00    0.00    0.00    0.00    0.00    0.09    0.03    3.42   -0.14   -3.57   37.77
T-A     0.00    0.00    0.00    0.00    0.00    0.00   -0.15    0.47    3.28   -0.98   -6.32   38.24
G-C     0.00    0.00    0.00    0.00    0.00    0.00   -0.17    0.89    3.22   -0.03   -5.27   37.97
G-C     0.00    0.00    0.00    0.00    0.00    0.00   -0.09    1.17    3.28   -0.25   -1.16   37.14
A-T     0.00    0.00    0.00    0.00    0.00    0.00   -0.08    0.98    3.28   -2.99    2.93   34.98
A-T     0.00    0.00    0.00    0.00    0.00    0.00   -0.08    0.28    3.16   -4.52    5.37   32.04
A-T     0.00    0.00    0.00    0.00    0.00    0.00    0.05   -0.39    3.16   -1.78    7.29   30.90
C-G     0.00    0.00    0.00    0.00    0.00    0.00    0.19   -0.51    3.39    1.90    9.30   33.13
T-A     0.00    0.00    0.00    0.00    0.00    0.00    0.11   -0.15    3.59    1.40    9.00   36.76
G-C     0.00    0.00    0.00    0.00    0.00    0.00   -0.15    0.22    3.48   -2.17    4.24   38.53
C-G     0.00    0.00    0.00    0.00    0.00    0.00   -0.29    0.45    3.19   -3.19   -2.75   38.15
T-A     0.00    0.00    0.00    0.00    0.00    0.00   -0.22    0.73    3.11   -0.40   -7.13   37.95
C-G     0.00    0.00    0.00    0.00    0.00    0.00   -0.07    1.01    3.28    1.60   -6.92   38.84
C-G     0.00    0.00    0.00    0.00    0.00    0.00    0.04    0.94    3.40    0.37   -4.14   38.84
A-T     0.00    0.00    0.00    0.00    0.00    0.00    0.22    0.43    3.34   -0.53   -0.63   36.59
T-A     0.00    0.00    0.00    0.00    0.00    0.00    0.45   -0.03    3.29    1.92    4.12   33.94
C-G     0.00    0.00    0.00    0.00    0.00    0.00    0.47   -0.01    3.40    4.41    9.84   33.54
A-T     0.00    0.00    0.00    0.00    0.00    0.00    0.13    0.29    3.50    2.38   12.96   35.29
A-T     0.00    0.00    0.00    0.00    0.00    0.00   -0.31    0.40    3.40   -2.57    9.78   36.99
A-T     0.00    0.00    0.00    0.00    0.00    0.00   -0.44    0.28    3.25   -5.02    1.07   37.57
A-T     0.00    0.00    0.00    0.00    0.00    0.00   -0.26    0.23    3.30   -3.66   -8.42   37.75
G-C     0.00    0.00    0.00    0.00    0.00    0.00   -0.08    0.32    3.52   -1.92  -14.39   37.91
G-C     0.00    0.00    0.00    0.00    0.00    0.00   -0.03    0.35    3.66   -1.38  -15.15   37.30
C-G     0.00    0.00    0.00    0.00    0.00    0.00    0.08    0.23    3.66    0.15  -10.54   35.75
A-T     0.00    0.00    0.00    0.00    0.00    0.00    0.30    0.18    3.67    3.13   -1.71   34.25
T-A     0.00    0.00    0.00    0.00    0.00    0.00    0.38    0.27    3.71    4.19    7.69   33.33
G-C     0.00    0.00    0.00    0.00    0.00    0.00    0.16    0.27    3.61    1.72   12.86   32.51
T-A     0.00    0.00    0.00    0.00    0.00    0.00   -0.14    0.10    3.37   -0.65   11.93   31.92
T-A     0.00    0.00    0.00    0.00    0.00    0.00   -0.19    0.06    3.24    0.41    7.37   32.98
C-G     0.00    0.00    0.00    0.00    0.00    0.00   -0.03    0.41    3.37    2.46    2.46   36.06
A-T     0.00    0.00    0.00    0.00    0.00    0.00    0.10    0.92    3.54    1.38   -1.90   38.91
G-C     0.00    0.00    0.00    0.00    0.00    0.00    0.10    1.15    3.47   -1.54   -5.45   39.10
C-G     0.00    0.00    0.00    0.00    0.00    0.00    0.10    1.03    3.29   -1.76   -6.14   37.29
T-A     0.00    0.00    0.00    0.00    0.00    0.00    0.12    0.86    3.28    0.69   -2.24   36.08
G-C     0.00    0.00    0.00    0.00    0.00    0.00    0.03    0.68    3.41    1.05    4.00   35.97
A-T     0.00    0.00    0.00    0.00    0.00    0.00   -0.17    0.25    3.39   -1.97    7.78   34.90
A-T     0.00    0.00    0.00    0.00    0.00    0.00   -0.26   -0.37    3.18   -3.49    7.36   32.09
T-A     0.00    0.00    0.00    0.00    0.00    0.00   -0.10   -0.64    3.06   -0.26    5.54   30.05
T-A     0.00    0.00    0.00    0.00    0.00    0.00    0.08   -0.21    3.22    3.78    4.98   31.33
C-G     0.00    0.00    0.00    0.00    0.00    0.00    0.07    0.58    3.43    3.41    4.47   34.95
A-T     0.00    0.00    0.00    0.00    0.00    0.00   -0.02    1.12    3.42   -0.09    1.70   37.87
G-C     0.00    0.00    0.00    0.00    0.00    0.00    0.02    1.27    3.30   -1.59   -2.36   38.88
C-G     0.00    0.00    0.00    0.00    0.00    0.00    0.12    1.30    3.30   -0.29   -4.34   39.06
T-A     0.00    0.00    0.00    0.00    0.00    0.00    0.05    1.25    3.39    0.17   -2.75   38.94
G-C     0.00    0.00    0.00    0.00    0.00    0.00   -0.15    0.92    3.37   -1.31    1.04   37.59
A-T     0.00    0.00    0.00    0.00    0.00    0.00   -0.16    0.33    3.25   -1.55    5.35   34.72
A-T     0.00    0.00    0.00    0.00    0.00    0.00    0.08   -0.14    3.23    0.73    9.40   31.85
C-G     0.00    0.00    0.00    0.00    0.00    0.00    0.24   -0.23    3.37    2.19   11.67   30.54
A-T     0.00    0.00    0.00    0.00    0.00    0.00    0.10   -0.13    3.46    0.49    9.88   30.94
T-A     0.00    0.00    0.00    0.00    0.00    0.00   -0.16   -0.02    3.42   -1.60    3.93   32.72
G-C     0.00    0.00    0.00    0.00    0.00    0.00   -0.23    0.22    3.41   -1.00   -3.00   35.94
C-G     0.00    0.00    0.00    0.00    0.00    0.00   -0.11    0.68    3.53    0.47   -7.47   39.70
C-G     0.00    0.00    0.00    0.00    0.00    0.00   -0.04    1.06    3.59   -0.35   -8.54   41.42
T-A     0.00    0.00    0.00    0.00    0.00    0.00   -0.05    0.99    3.44   -1.94   -6.42   39.36
T-A     0.00    0.00    0.00    0.00    0.00    0.00    0.02    0.55    3.25   -0.59   -0.69   35.04
T-A     0.00    0.00    0.00    0.00    0.00    0.00    0.15    0.14    3.31    2.59    7.99   31.60
T-A     0.00    0.00    0.00    0.00    0.00    0.00    0.14   -0.11    3.49    2.59   15.40   29.95
G-C     0.00    0.00    0.00    0.00    0.00    0.00   -0.05   -0.37    3.48   -1.31   16.51   28.72
A-T     0.00    0.00    0.00    0.00    0.00    0.00   -0.18   -0.61    3.24   -3.73   11.06   27.71
T-A     0.00    0.00    0.00    0.00    0.00    0.00   -0.07   -0.42    3.09   -1.37    3.90   29.01
G-C     0.00    0.00    0.00    0.00    0.00    0.00    0.12    0.31    3.19    1.88   -0.67   33.55
G-C     0.00    0.00    0.00    0.00    0.00    0.00    0.21    1.04    3.32    1.32   -2.80   38.50
A-T     0.00    0.00    0.00    0.00    0.00    0.00    0.21    1.18    3.28   -1.28   -4.16   40.24
G-C     0.00    0.00    0.00    0.00    0.00    0.00    0.24    0.76    3.19   -1.23   -4.02   38.55
C-G     0.00    0.00    0.00    0.00    0.00    0.00    0.18    0.29    3.30    1.11   -0.63   36.20
A-T     0.00    0.00    0.00    0.00    0.00    0.00   -0.13   -0.01    3.50    1.25    4.83   34.91
G-C     0.00    0.00    0.00    0.00    0.00    0.00   -0.50   -0.26    3.51   -1.54    8.76   33.98
T-A     0.00    0.00    0.00    0.00    0.00    0.00   -0.54   -0.42    3.31   -2.85    9.33   32.81
T-A     0.00    0.00    0.00    0.00    0.00    0.00   -0.19   -0.22    3.18   -0.50    7.82   32.41
T-A     0.00    0.00    0.00    0.00    0.00    0.00    0.17    0.38    3.22    2.11    5.65   33.62
C-G     0.00    0.00    0.00    0.00    0.00    0.00    0.21    0.94    3.26    1.75    2.61   35.55
C-G     0.00    0.00    0.00    0.00    0.00    0.00    0.07    1.03    3.23    0.17   -1.27   36.86
A-T     0.00    0.00    0.00    0.00    0.00    0.00   -0.04    0.76    3.24    0.06   -4.23   37.40
A-T     0.00    0.00    0.00    0.00    0.00    0.00   -0.10    0.41    3.37    0.05   -4.73   37.41
A-T     0.00    0.00    0.00    0.00    0.00    0.00   -0.27    0.02    3.44   -2.14   -3.31   36.33
T-A     0.00    0.00    0.00    0.00    0.00    0.00   -0.42   -0.48    3.31   -4.38   -1.04   34.00
A-T     0.00    0.00    0.00    0.00    0.00    0.00   -0.27   -0.86    3.17   -2.88    2.34   32.07
C-G     0.00    0.00    0.00    0.00    0.00    0.00    0.12   -0.81    3.25    1.12    6.76   32.33
A-T     0.00    0.00    0.00    0.00    0.00    0.00    0.39   -0.45    3.45    2.50    9.57   34.09
C-G     0.00    0.00    0.00    0.00    0.00    0.00    0.32   -0.20    3.47    0.15    7.79   34.99
T-A     0.00    0.00    0.00    0.00    0.00    0.00    0.06   -0.18    3.30   -1.44    2.40   34.64
T-A     0.00    0.00    0.00    0.00    0.00    0.00   -0.16   -0.04    3.21    0.16   -2.13   35.06
T-A     0.00    0.00    0.00    0.00    0.00    0.00   -0.32    0.41    3.31    1.32   -3.08   37.12
T-A     0.00    0.00    0.00    0.00    0.00    0.00   -0.45    0.84    3.34   -1.18   -1.93   38.47
G-C     0.00    0.00    0.00    0.00    0.00    0.00   -0.42    0.85    3.16   -4.14   -0.61   36.71
G-C     0.00    0.00    0.00    0.00    0.00    0.00   -0.14    0.60    2.97   -2.84    1.91   33.03
T-A     0.00    0.00    0.00    0.00    0.00    0.00    0.17    0.42    3.07    1.02    7.04   30.64
A-T     0.00    0.00    0.00    0.00    0.00    0.00    0.22    0.27    3.32    1.68   12.57   30.48
G-C     0.00    0.00    0.00    0.00    0.00    0.00    0.03   -0.18    3.40   -1.80   14.08   30.72
A-T     0.00    0.00    0.00    0.00    0.00    0.00   -0.08   -0.87    3.28   -4.41   10.23   30.36
A-T     0.00    0.00    0.00    0.00    0.00    0.00   -0.02   -1.24    3.21   -3.23    3.94   30.74
T-A     0.00    0.00    0.00    0.00    0.00    0.00   -0.01   -0.97    3.30   -1.26   -1.57   33.10
C-G     0.00    0.00    0.00    0.00    0.00    0.00   -0.18   -0.30    3.34   -1.46   -5.49   36.31
T-A     0.00    0.00    0.00    0.00    0.00    0.00   -0.29    0.37    3.24   -1.91   -7.66   38.40
G-C     0.00    0.00    0.00    0.00    0.00    0.00   -0.17    0.92    3.17   -0.10   -6.89   38.84
C-G     0.00    0.00    0.00    0.00    0.00    0.00    0.01    1.36    3.23    1.95   -2.69   38.16
A-T     0.00    0.00    0.00    0.00    0.00    0.00   -0.02    1.47    3.31    1.00    2.95   36.45
G-C     0.00    0.00    0.00    0.00    0.00    0.00   -0.17    1.04    3.24   -1.56    7.37   33.86
G-C     0.00    0.00    0.00    0.00    0.00    0.00   -0.16    0.33    3.16   -1.85    9.81   31.77
T-A     0.00    0.00    0.00    0.00    0.00    0.00    0.04   -0.16    3.26   -0.11   10.62   31.59
G-C     0.00    0.00    0.00    0.00    0.00    0.00    0.14   -0.28    3.41   -0.06    9.17   32.72
G-C     0.00    0.00    0.00    0.00    0.00    0.00    0.00   -0.30    3.38   -2.06    4.91   33.38
A-T     0.00    0.00    0.00    0.00    0.00    0.00   -0.18   -0.34    3.20   -2.18    0.01   33.45
T-A     0.00    0.00    0.00    0.00    0.00    0.00   -0.18   -0.23    3.17    0.84   -1.96   34.51
A-T     0.00    0.00    0.00    0.00    0.00    0.00   -0.09    0.04    3.34    2.71   -0.48   36.68
T-A     0.00    0.00    0.00    0.00    0.00    0.00   -0.04    0.09    3.43    0.48    1.27   37.55
T-A     0.00    0.00    0.00    0.00    0.00    0.00    0.00   -0.25    3.29   -2.27    1.06   35.56
G-C     0.00    0.00    0.00    0.00    0.00    0.00    0.16   -0.62    3.14   -0.99    0.66   32.78
A-T     0.00    0.00    0.00    0.00    0.00    0.00    0.27   -0.55    3.22    2.27    2.40   32.29
T-A     0.00    0.00    0.00    0.00    0.00    0.00    0.15   -0.17    3.38    2.02    4.95   34.08
