 146 base-pairs
   0  ***local base-pair & step parameters***
       Shear  Stretch  Stagger Buckle Prop-Tw Opening   Shift  Slide    Rise    Tilt    Roll   Twist
A-T     0.00    0.00    0.00    0.00    0.00    0.00    0.00    0.00    0.00    0.00    0.00    0.00
T-A     0.00    0.00    0.00    0.00    0.00    0.00   -0.07    0.04    3.27   -2.61    1.90   34.78
C-G     0.00    0.00    0.00    0.00    0.00    0.00    0.09   -0.13    3.17   -2.56    0.61   36.17
A-T     0.00    0.00    0.00    0.00    0.00    0.00    0.13   -0.22    3.14   -0.71    1.66   35.69
A-T     0.00    0.00    0.00    0.00    0.00    0.00   -0.12   -0.15    3.25    0.51    2.33   35.26
T-A     0.00    0.00    0.00    0.00    0.00    0.00   -0.25   -0.13    3.36    1.26   -0.86   36.85
A-T     0.00    0.00    0.00    0.00    0.00    0.00    0.10   -0.23    3.35    1.98   -4.57   37.97
T-A     0.00    0.00    0.00    0.00    0.00    0.00    0.51   -0.27    3.24    1.61   -3.07   35.55
C-G     0.00    0.00    0.00    0.00    0.00    0.00    0.36   -0.21    3.24    0.11    2.36   31.67
C-G     0.00    0.00    0.00    0.00    0.00    0.00   -0.19   -0.22    3.36   -0.66    6.05   30.35
A-T     0.00    0.00    0.00    0.00    0.00    0.00   -0.43   -0.32    3.42   -0.13    7.28   31.12
C-G     0.00    0.00    0.00    0.00    0.00    0.00   -0.19   -0.25    3.33   -0.04    9.02   31.19
C-G     0.00    0.00    0.00    0.00    0.00    0.00    0.05    0.12    3.29   -1.14    9.89   31.53
T-A     0.00    0.00    0.00    0.00    0.00    0.00    0.00    0.55    3.42   -2.06    5.98   34.64
G-C     0.00    0.00    0.00    0.00    0.00    0.00   -0.11    0.68    3.52   -1.96   -1.08   38.53
C-G     0.00    0.00    0.00    0.00    0.00    0.00   -0.07    0.55    3.40   -1.21   -5.81   39.29
A-T     0.00    0.00    0.00    0.00    0.00    0.00    0.08    0.49    3.23    0.37   -7.06   37.96
G-C     0.00    0.00    0.00    0.00    0.00    0.00    0.22    0.50    3.21    2.73   -7.46   38.04
A-T     0.00    0.00    0.00    0.00    0.00    0.00    0.28    0.20    3.25    3.82   -6.58   38.24
T-A     0.00    0.00    0.00    0.00    0.00    0.00    0.14   -0.49    3.16    2.36   -2.13   34.72
T-A     0.00    0.00    0.00    0.00    0.00    0.00   -0.12   -1.05    3.12    1.12    4.32   29.34
C-G     0.00    0.00    0.00    0.00    0.00    0.00   -0.12   -0.93    3.31    2.60    9.42   27.77
T-A     0.00    0.00    0.00    0.00    0.00    0.00    0.23   -0.28    3.52    3.69   13.13   30.12
A-T     0.00    0.00    0.00    0.00    0.00    0.00    0.45    0.32    3.37    0.57   15.34   31.32
C-G     0.00    0.00    0.00    0.00    0.00    0.00    0.22    0.62    3.02   -3.20   11.88   30.69
C-G     0.00    0.00    0.00    0.00    0.00    0.00   -0.06    0.79    2.96   -1.39    1.75   32.87
A-T     0.00    0.00    0.00    0.00    0.00    0.00    0.11    0.86    3.24    3.63   -6.89   38.37
A-T     0.00    0.00    0.00    0.00    0.00    0.00    0.47    0.62    3.42    3.67   -6.64   41.30
A-T     0.00    0.00    0.00    0.00    0.00    0.00    0.45    0.08    3.31   -1.33   -1.87   38.65
A-T     0.00    0.00    0.00    0.00    0.00    0.00    0.13   -0.39    3.23   -2.74   -0.45   34.50
G-C     0.00    0.00    0.00    0.00    0.00    0.00    0.00   -0.49    3.39    1.77   -0.45   32.61
T-A     0.00    0.00    0.00    0.00    0.00    0.00    0.08   -0.41    3.51    4.14    4.23   31.63
G-C     0.00    0.00    0.00    0.00    0.00    0.00   -0.02   -0.43    3.38    0.29   10.44   30.25
T-A     0.00    0.00    0.00    0.00    0.00    0.00   -0.16   -0.60    3.23   -2.89   10.45   30.78
A-T     0.00    0.00    0.00    0.00    0.00    0.00   -0.01   -0.75    3.32   -0.54    5.40   34.09
T-A     0.00    0.00    0.00    0.00    0.00    0.00    0.22   -0.70    3.49    1.58    1.75   36.80
T-A     0.00    0.00    0.00    0.00    0.00    0.00    0.07   -0.34    3.44   -1.28   -1.26   36.73
T-A     0.00    0.00    0.00    0.00    0.00    0.00   -0.23    0.34    3.26   -3.51   -7.20   36.38
G-C     0.00    0.00    0.00    0.00    0.00    0.00   -0.16    1.07    3.22   -0.16  -10.60   37.72
G-C     0.00    0.00    0.00    0.00    0.00    0.00    0.07    1.37    3.32    2.54   -4.15   38.22
A-T     0.00    0.00    0.00    0.00    0.00    0.00   -0.13    0.98    3.33   -1.74    6.12   35.51
A-T     0.00    0.00    0.00    0.00    0.00    0.00   -0.46    0.19    3.20   -6.57    8.51   31.93
A-T     0.00    0.00    0.00    0.00    0.00    0.00   -0.15   -0.43    3.16   -3.26    4.97   31.12
C-G     0.00    0.00    0.00    0.00    0.00    0.00    0.57   -0.50    3.31    3.28    6.10   33.10
T-A     0.00    0.00    0.00    0.00    0.00    0.00    0.58   -0.09    3.46    2.63   10.20   35.69
G-C     0.00    0.00    0.00    0.00    0.00    0.00   -0.23    0.41    3.42   -2.95    5.97   37.84
C-G     0.00    0.00    0.00    0.00    0.00    0.00   -0.68    0.69    3.27   -2.90   -5.06   39.39
T-A     0.00    0.00    0.00    0.00    0.00    0.00   -0.22    0.81    3.20    2.59   -8.80   39.74
C-G     0.00    0.00    0.00    0.00    0.00    0.00    0.31    0.90    3.23    3.30   -2.61   38.89
C-G     0.00    0.00    0.00    0.00    0.00    0.00    0.22    0.87    3.26   -2.08    1.07   37.66
A-T     0.00    0.00    0.00    0.00    0.00    0.00    0.07    0.51    3.26   -3.36   -1.87   36.21
T-A     0.00    0.00    0.00    0.00    0.00    0.00    0.38    0.00    3.32    2.89   -0.43   34.33
C-G     0.00    0.00    0.00    0.00    0.00    0.00    0.59   -0.13    3.48    7.02    9.63   33.42
A-T     0.00    0.00    0.00    0.00    0.00    0.00    0.15    0.23    3.57    2.51   16.27   35.05
A-T     0.00    0.00    0.00    0.00    0.00    0.00   -0.44    0.49    3.44   -4.15   10.99   37.70
A-T     0.00    0.00    0.00    0.00    0.00    0.00   -0.50    0.25    3.24   -5.54    0.77   38.31
A-T     0.00    0.00    0.00    0.00    0.00    0.00   -0.26   -0.08    3.26   -4.04   -7.01   36.99
G-C     0.00    0.00    0.00    0.00    0.00    0.00   -0.23    0.05    3.52   -3.96  -14.40   36.44
G-C     0.00    0.00    0.00    0.00    0.00    0.00   -0.18    0.42    3.72   -2.85  -20.21   37.01
C-G     0.00    0.00    0.00    0.00    0.00    0.00    0.22    0.44    3.73    1.92  -15.03   36.43
A-T     0.00    0.00    0.00    0.00    0.00    0.00    0.50    0.18    3.69    5.61    1.33   34.47
T-A     0.00    0.00    0.00    0.00    0.00    0.00    0.18    0.13    3.72    3.41   13.42   33.24
G-C     0.00    0.00    0.00    0.00    0.00    0.00   -0.26    0.28    3.62   -0.87   11.70   32.95
T-A     0.00    0.00    0.00    0.00    0.00    0.00   -0.12    0.21    3.32   -0.80    5.70   32.14
T-A     0.00    0.00    0.00    0.00    0.00    0.00    0.28    0.09    3.13    2.42    5.57   32.02
C-G     0.00    0.00    0.00    0.00    0.00    0.00    0.22    0.45    3.32    3.13    5.80   35.19
A-T     0.00    0.00    0.00    0.00    0.00    0.00   -0.15    1.12    3.60    0.83   -0.77   39.75
G-C     0.00    0.00    0.00    0.00    0.00    0.00   -0.11    1.34    3.55   -0.32   -7.30   40.64
C-G     0.00    0.00    0.00    0.00    0.00    0.00    0.31    1.00    3.24    0.57   -4.88   37.50
T-A     0.00    0.00    0.00    0.00    0.00    0.00    0.39    0.77    3.15    0.47    1.85   35.32
G-C     0.00    0.00    0.00    0.00    0.00    0.00    0.00    0.78    3.33   -1.55    4.19   35.88
A-T     0.00    0.00    0.00    0.00    0.00    0.00   -0.29    0.38    3.40   -2.76    4.13   35.27
A-T     0.00    0.00    0.00    0.00    0.00    0.00   -0.19   -0.51    3.23   -1.38    7.04   31.74
T-A     0.00    0.00    0.00    0.00    0.00    0.00    0.01   -0.89    3.13    1.17    9.54   29.56
T-A     0.00    0.00    0.00    0.00    0.00    0.00    0.04   -0.18    3.29    2.64    6.75   31.92
C-G     0.00    0.00    0.00    0.00    0.00    0.00   -0.01    0.77    3.42    1.95    2.54   35.81
A-T     0.00    0.00    0.00    0.00    0.00    0.00   -0.07    1.03    3.35   -0.38    1.42   37.44
G-C     0.00    0.00    0.00    0.00    0.00    0.00   -0.15    0.90    3.29   -2.26   -0.59   37.79
C-G     0.00    0.00    0.00    0.00    0.00    0.00   -0.11    1.11    3.40   -1.76   -6.10   38.85
T-A     0.00    0.00    0.00    0.00    0.00    0.00    0.11    1.37    3.49    0.09   -7.39   39.22
G-C     0.00    0.00    0.00    0.00    0.00    0.00    0.17    1.02    3.36    0.40    0.89   37.18
A-T     0.00    0.00    0.00    0.00    0.00    0.00   -0.12    0.26    3.20   -0.98    9.99   34.37
A-T     0.00    0.00    0.00    0.00    0.00    0.00   -0.36   -0.14    3.26   -1.05   10.23   32.74
C-G     0.00    0.00    0.00    0.00    0.00    0.00   -0.11   -0.11    3.40    0.96    6.27   31.46
A-T     0.00    0.00    0.00    0.00    0.00    0.00    0.33   -0.12    3.39    1.88    6.48   30.15
T-A     0.00    0.00    0.00    0.00    0.00    0.00    0.31   -0.12    3.32    0.17    6.94   31.33
G-C     0.00    0.00    0.00    0.00    0.00    0.00   -0.10    0.31    3.40   -1.17    0.11   36.17
C-G     0.00    0.00    0.00    0.00    0.00    0.00   -0.30    0.99    3.58   -0.08   -9.08   41.06
C-G     0.00    0.00    0.00    0.00    0.00    0.00   -0.12    1.22    3.58    0.87  -10.30   41.88
T-A     0.00    0.00    0.00    0.00    0.00    0.00    0.07    0.89    3.37   -0.33   -4.28   39.01
T-A     0.00    0.00    0.00    0.00    0.00    0.00    0.10    0.51    3.21   -0.93    1.62   35.33
T-A     0.00    0.00    0.00    0.00    0.00    0.00    0.16    0.27    3.29    1.25    7.24   32.05
T-A     0.00    0.00    0.00    0.00    0.00    0.00    0.22   -0.11    3.46    2.66   15.05   29.21
G-C     0.00    0.00    0.00    0.00    0.00    0.00    0.06   -0.61    3.48   -0.19   18.85   27.72
A-T     0.00    0.00    0.00    0.00    0.00    0.00   -0.19   -0.69    3.33   -3.71   12.06   28.30
T-A     0.00    0.00    0.00    0.00    0.00    0.00   -0.17   -0.20    3.17   -2.52    1.61   30.36
G-C     0.00    0.00    0.00    0.00    0.00    0.00    0.04    0.40    3.16    1.29   -1.40   33.48
G-C     0.00    0.00    0.00    0.00    0.00    0.00    0.08    0.72    3.28    1.39    0.40   37.36
A-T     0.00    0.00    0.00    0.00    0.00    0.00    0.03    0.80    3.33   -1.95   -2.67   39.92
G-C     0.00    0.00    0.00    0.00    0.00    0.00    0.23    0.74    3.28   -2.49   -7.89   38.80
C-G     0.00    0.00    0.00    0.00    0.00    0.00    0.43    0.47    3.29    0.84   -4.48   35.54
A-T     0.00    0.00    0.00    0.00    0.00    0.00    0.03    0.03    3.45    2.00    6.06   34.16
G-C     0.00    0.00    0.00    0.00    0.00    0.00   -0.79   -0.31    3.56   -1.38   11.21   34.95
T-A     0.00    0.00    0.00    0.00    0.00    0.00   -1.01   -0.39    3.42   -3.54    7.87   34.36
T-A     0.00    0.00    0.00    0.00    0.00    0.00   -0.26   -0.20    3.15   -0.43    5.09   31.94
T-A     0.00    0.00    0.00    0.00    0.00    0.00    0.59    0.29    3.06    3.29    6.21   31.75
C-G     0.00    0.00    0.00    0.00    0.00    0.00    0.63    0.96    3.18    2.32    4.31   35.19
C-G     0.00    0.00    0.00    0.00    0.00    0.00    0.08    1.34    3.27   -0.55   -2.47   38.25
A-T     0.00    0.00    0.00    0.00    0.00    0.00   -0.29    1.05    3.29   -0.10   -6.25   38.19
A-T     0.00    0.00    0.00    0.00    0.00    0.00   -0.26    0.36    3.36    1.78   -3.44   37.15
A-T     0.00    0.00    0.00    0.00    0.00    0.00   -0.18   -0.16    3.42   -0.21   -0.09   36.62
T-A     0.00    0.00    0.00    0.00    0.00    0.00   -0.19   -0.42    3.27   -4.53    0.22   34.63
A-T     0.00    0.00    0.00    0.00    0.00    0.00   -0.08   -0.69    3.06   -4.49    1.94   31.35
C-G     0.00    0.00    0.00    0.00    0.00    0.00    0.16   -0.87    3.18    0.38    6.92   31.00
A-T     0.00    0.00    0.00    0.00    0.00    0.00    0.30   -0.62    3.55    3.11    9.52   34.52
C-G     0.00    0.00    0.00    0.00    0.00    0.00    0.21   -0.18    3.65    0.62    6.62   36.73
T-A     0.00    0.00    0.00    0.00    0.00    0.00    0.01   -0.07    3.33   -1.77    2.79   34.87
T-A     0.00    0.00    0.00    0.00    0.00    0.00   -0.21   -0.19    3.10   -0.20    1.30   33.61
T-A     0.00    0.00    0.00    0.00    0.00    0.00   -0.43    0.07    3.26    1.01   -0.88   36.50
T-A     0.00    0.00    0.00    0.00    0.00    0.00   -0.52    0.70    3.42   -2.32   -5.03   39.09
G-C     0.00    0.00    0.00    0.00    0.00    0.00   -0.35    0.98    3.22   -5.76   -5.76   36.48
G-C     0.00    0.00    0.00    0.00    0.00    0.00   -0.04    0.69    2.97   -3.17    0.66   31.94
T-A     0.00    0.00    0.00    0.00    0.00    0.00    0.07    0.34    3.11    2.32    9.70   30.96
A-T     0.00    0.00    0.00    0.00    0.00    0.00   -0.08    0.21    3.42    2.67   14.42   32.06
G-C     0.00    0.00    0.00    0.00    0.00    0.00   -0.17   -0.14    3.39   -2.26   13.17   30.78
A-T     0.00    0.00    0.00    0.00    0.00    0.00    0.06   -0.85    3.13   -4.99    8.36   28.59
A-T     0.00    0.00    0.00    0.00    0.00    0.00    0.36   -1.22    3.10   -2.79    2.39   30.07
T-A     0.00    0.00    0.00    0.00    0.00    0.00    0.23   -0.79    3.34   -0.81   -2.69   34.47
C-G     0.00    0.00    0.00    0.00    0.00    0.00   -0.30   -0.05    3.43   -1.75   -5.19   37.27
T-A     0.00    0.00    0.00    0.00    0.00    0.00   -0.59    0.40    3.25   -1.40   -5.46   37.87
G-C     0.00    0.00    0.00    0.00    0.00    0.00   -0.23    0.77    3.13    2.18   -4.69   38.71
C-G     0.00    0.00    0.00    0.00    0.00    0.00    0.31    1.37    3.17    3.67   -2.30   39.06
A-T     0.00    0.00    0.00    0.00    0.00    0.00    0.32    1.70    3.20   -0.26    2.42   36.44
G-C     0.00    0.00    0.00    0.00    0.00    0.00   -0.14    1.15    3.15   -4.07    7.37   32.65
G-C     0.00    0.00    0.00    0.00    0.00    0.00   -0.37    0.16    3.23   -2.15    9.93   31.71
T-A     0.00    0.00    0.00    0.00    0.00    0.00   -0.08   -0.35    3.45    1.69   10.63   33.12
G-C     0.00    0.00    0.00    0.00    0.00    0.00    0.20   -0.28    3.49    0.80   10.45   33.15
G-C     0.00    0.00    0.00    0.00    0.00    0.00    0.04   -0.25    3.26   -3.01    7.44   31.86
A-T     0.00    0.00    0.00    0.00    0.00    0.00   -0.26   -0.43    3.08   -3.10    0.85   32.61
T-A     0.00    0.00    0.00    0.00    0.00    0.00   -0.30   -0.38    3.23    0.38   -4.52   35.55
A-T     0.00    0.00    0.00    0.00    0.00    0.00   -0.15   -0.04    3.47    1.38   -3.85   37.22
T-A     0.00    0.00    0.00    0.00    0.00    0.00   -0.05    0.06    3.49   -1.09    0.37   36.30
T-A     0.00    0.00    0.00    0.00    0.00    0.00    0.00   -0.33    3.30   -1.75    2.47   34.76
G-C     0.00    0.00    0.00    0.00    0.00    0.00    0.12   -0.66    3.17    1.13    2.09   33.77
A-T     0.00    0.00    0.00    0.00    0.00    0.00    0.15   -0.48    3.21    2.79    2.40   32.99
T-A     0.00    0.00    0.00    0.00    0.00    0.00    0.00   -0.07    3.30    0.37    3.07   33.12
