 146 base-pairs
   0  ***local base-pair & step parameters***
       Shear  Stretch  Stagger Buckle Prop-Tw Opening   Shift  Slide    Rise    Tilt    Roll   Twist
A-T     0.00    0.00    0.00    0.00    0.00    0.00    0.00    0.00    0.00    0.00    0.00    0.00
T-A     0.00    0.00    0.00    0.00    0.00    0.00   -0.10    0.01    3.26   -2.47    1.99   34.55
C-G     0.00    0.00    0.00    0.00    0.00    0.00    0.10   -0.13    3.15   -2.13    0.25   35.91
A-T     0.00    0.00    0.00    0.00    0.00    0.00    0.18   -0.19    3.13   -0.37    1.15   35.62
A-T     0.00    0.00    0.00    0.00    0.00    0.00   -0.08   -0.11    3.25    0.49    2.11   35.44
T-A     0.00    0.00    0.00    0.00    0.00    0.00   -0.25   -0.12    3.39    0.89   -0.61   37.12
A-T     0.00    0.00    0.00    0.00    0.00    0.00    0.06   -0.26    3.36    1.57   -4.06   38.11
T-A     0.00    0.00    0.00    0.00    0.00    0.00    0.46   -0.31    3.24    1.51   -2.73   35.44
C-G     0.00    0.00    0.00    0.00    0.00    0.00    0.34   -0.23    3.22    0.40    2.25   31.39
C-G     0.00    0.00    0.00    0.00    0.00    0.00   -0.16   -0.20    3.34   -0.22    5.58   30.15
A-T     0.00    0.00    0.00    0.00    0.00    0.00   -0.37   -0.27    3.42    0.09    6.85   31.16
C-G     0.00    0.00    0.00    0.00    0.00    0.00   -0.15   -0.22    3.35   -0.23    8.98   31.44
C-G     0.00    0.00    0.00    0.00    0.00    0.00    0.04    0.12    3.32   -1.57   10.29   31.77
T-A     0.00    0.00    0.00    0.00    0.00    0.00   -0.05    0.51    3.43   -2.38    6.47   34.67
G-C     0.00    0.00    0.00    0.00    0.00    0.00   -0.16    0.64    3.51   -1.89   -0.91   38.32
C-G     0.00    0.00    0.00    0.00    0.00    0.00   -0.07    0.55    3.38   -0.81   -6.10   39.02
A-T     0.00    0.00    0.00    0.00    0.00    0.00    0.12    0.52    3.21    0.76   -7.57   37.85
G-C     0.00    0.00    0.00    0.00    0.00    0.00    0.27    0.54    3.22    2.79   -7.75   38.19
A-T     0.00    0.00    0.00    0.00    0.00    0.00    0.29    0.22    3.27    3.49   -6.42   38.52
T-A     0.00    0.00    0.00    0.00    0.00    0.00    0.10   -0.52    3.18    1.93   -1.64   34.89
T-A     0.00    0.00    0.00    0.00    0.00    0.00   -0.17   -1.10    3.12    0.94    4.72   29.27
C-G     0.00    0.00    0.00    0.00    0.00    0.00   -0.15   -0.96    3.29    2.83    9.39   27.51
T-A     0.00    0.00    0.00    0.00    0.00    0.00    0.25   -0.27    3.49    4.13   12.70   29.89
A-T     0.00    0.00    0.00    0.00    0.00    0.00    0.51    0.36    3.36    0.85   14.87   31.32
C-G     0.00    0.00    0.00    0.00    0.00    0.00    0.26    0.65    3.04   -3.32   11.76   30.91
C-G     0.00    0.00    0.00    0.00    0.00    0.00   -0.07    0.79    2.98   -1.81    2.08   33.14
A-T     0.00    0.00    0.00    0.00    0.00    0.00    0.06    0.83    3.25    3.27   -6.38   38.45
A-T     0.00    0.00    0.00    0.00    0.00    0.00    0.43    0.58    3.41    3.66   -6.39   41.13
A-T     0.00    0.00    0.00    0.00    0.00    0.00    0.44    0.07    3.29   -0.97   -2.08   38.37
A-T     0.00    0.00    0.00    0.00    0.00    0.00    0.16   -0.36    3.21   -2.32   -0.95   34.34
G-C     0.00    0.00    0.00    0.00    0.00    0.00    0.06   -0.45    3.39    1.90   -0.81   32.71
T-A     0.00    0.00    0.00    0.00    0.00    0.00    0.10   -0.38    3.53    3.86    4.31   31.90
G-C     0.00    0.00    0.00    0.00    0.00    0.00   -0.04   -0.45    3.40   -0.15   10.90   30.46
T-A     0.00    0.00    0.00    0.00    0.00    0.00   -0.21   -0.65    3.23   -3.13   10.90   30.76
A-T     0.00    0.00    0.00    0.00    0.00    0.00   -0.04   -0.78    3.31   -0.38    5.47   33.85
T-A     0.00    0.00    0.00    0.00    0.00    0.00    0.23   -0.69    3.47    2.01    1.37   36.54
T-A     0.00    0.00    0.00    0.00    0.00    0.00    0.12   -0.30    3.43   -0.94   -1.76   36.68
T-A     0.00    0.00    0.00    0.00    0.00    0.00   -0.19    0.37    3.26   -3.55   -7.40   36.57
G-C     0.00    0.00    0.00    0.00    0.00    0.00   -0.16    1.07    3.24   -0.54  -10.33   37.99
G-C     0.00    0.00    0.00    0.00    0.00    0.00    0.02    1.34    3.34    2.13   -3.64   38.35
A-T     0.00    0.00    0.00    0.00    0.00    0.00   -0.18    0.94    3.32   -1.82    6.45   35.38
A-T     0.00    0.00    0.00    0.00    0.00    0.00   -0.48    0.17    3.18   -6.26    8.38   31.66
A-T     0.00    0.00    0.00    0.00    0.00    0.00   -0.11   -0.41    3.14   -2.83    4.49   30.92
C-G     0.00    0.00    0.00    0.00    0.00    0.00    0.62   -0.45    3.31    3.48    5.68   33.16
T-A     0.00    0.00    0.00    0.00    0.00    0.00    0.61   -0.06    3.48    2.42   10.19   35.95
G-C     0.00    0.00    0.00    0.00    0.00    0.00   -0.25    0.40    3.45   -3.39    6.38   38.08
C-G     0.00    0.00    0.00    0.00    0.00    0.00   -0.73    0.65    3.28   -3.20   -4.58   39.41
T-A     0.00    0.00    0.00    0.00    0.00    0.00   -0.26    0.77    3.19    2.68   -8.65   39.53
C-G     0.00    0.00    0.00    0.00    0.00    0.00    0.32    0.90    3.21    3.71   -2.92   38.62
C-G     0.00    0.00    0.00    0.00    0.00    0.00    0.27    0.91    3.25   -1.70    0.56   37.56
A-T     0.00    0.00    0.00    0.00    0.00    0.00    0.12    0.55    3.27   -3.32   -2.15   36.36
T-A     0.00    0.00    0.00    0.00    0.00    0.00    0.39    0.01    3.34    2.55   -0.24   34.61
C-G     0.00    0.00    0.00    0.00    0.00    0.00    0.56   -0.16    3.50    6.59   10.13   33.59
A-T     0.00    0.00    0.00    0.00    0.00    0.00    0.10    0.18    3.57    2.35   16.66   34.97
A-T     0.00    0.00    0.00    0.00    0.00    0.00   -0.47    0.47    3.42   -3.90   10.95   37.43
A-T     0.00    0.00    0.00    0.00    0.00    0.00   -0.47    0.27    3.22   -5.10    0.33   38.09
A-T     0.00    0.00    0.00    0.00    0.00    0.00   -0.21   -0.04    3.25   -3.77   -7.47   37.00
G-C     0.00    0.00    0.00    0.00    0.00    0.00   -0.20    0.09    3.53   -4.10  -14.49   36.67
G-C     0.00    0.00    0.00    0.00    0.00    0.00   -0.19    0.41    3.75   -3.27  -19.86   37.27
C-G     0.00    0.00    0.00    0.00    0.00    0.00    0.17    0.40    3.74    1.56  -14.53   36.50
A-T     0.00    0.00    0.00    0.00    0.00    0.00    0.45    0.14    3.69    5.63    1.56   34.29
T-A     0.00    0.00    0.00    0.00    0.00    0.00    0.17    0.12    3.69    3.78   13.18   32.96
G-C     0.00    0.00    0.00    0.00    0.00    0.00   -0.22    0.31    3.60   -0.45   11.19   32.80
T-A     0.00    0.00    0.00    0.00    0.00    0.00   -0.07    0.25    3.32   -0.69    5.35   32.25
T-A     0.00    0.00    0.00    0.00    0.00    0.00    0.30    0.11    3.15    2.13    5.67   32.29
C-G     0.00    0.00    0.00    0.00    0.00    0.00    0.19    0.43    3.34    2.69    6.27   35.39
A-T     0.00    0.00    0.00    0.00    0.00    0.00   -0.20    1.08    3.61    0.61   -0.33   39.71
G-C     0.00    0.00    0.00    0.00    0.00    0.00   -0.14    1.31    3.53   -0.14   -7.25   40.39
C-G     0.00    0.00    0.00    0.00    0.00    0.00    0.33    1.01    3.22    1.01   -5.27   37.26
T-A     0.00    0.00    0.00    0.00    0.00    0.00    0.45    0.81    3.14    0.79    1.36   35.27
G-C     0.00    0.00    0.00    0.00    0.00    0.00    0.04    0.82    3.34   -1.61    4.01   36.08
A-T     0.00    0.00    0.00    0.00    0.00    0.00   -0.30    0.39    3.43   -3.15    4.41   35.55
A-T     0.00    0.00    0.00    0.00    0.00    0.00   -0.23   -0.54    3.25   -1.78    7.55   31.86
T-A     0.00    0.00    0.00    0.00    0.00    0.00   -0.04   -0.93    3.13    1.11    9.85   29.42
T-A     0.00    0.00    0.00    0.00    0.00    0.00    0.02   -0.20    3.26    2.96    6.59   31.64
C-G     0.00    0.00    0.00    0.00    0.00    0.00    0.02    0.79    3.40    2.38    2.06   35.62
A-T     0.00    0.00    0.00    0.00    0.00    0.00   -0.02    1.07    3.35   -0.20    1.02   37.51
G-C     0.00    0.00    0.00    0.00    0.00    0.00   -0.12    0.93    3.31   -2.49   -0.58   38.05
C-G     0.00    0.00    0.00    0.00    0.00    0.00   -0.13    1.10    3.43   -2.21   -5.68   39.09
T-A     0.00    0.00    0.00    0.00    0.00    0.00    0.05    1.33    3.50   -0.20   -6.91   39.23
G-C     0.00    0.00    0.00    0.00    0.00    0.00    0.13    0.98    3.34    0.51    1.02   36.96
A-T     0.00    0.00    0.00    0.00    0.00    0.00   -0.11    0.26    3.18   -0.56    9.66   34.10
A-T     0.00    0.00    0.00    0.00    0.00    0.00   -0.32   -0.11    3.25   -0.68    9.72   32.65
C-G     0.00    0.00    0.00    0.00    0.00    0.00   -0.06   -0.07    3.41    0.98    6.01   31.62
A-T     0.00    0.00    0.00    0.00    0.00    0.00    0.34   -0.10    3.42    1.53    6.68   30.43
T-A     0.00    0.00    0.00    0.00    0.00    0.00    0.27   -0.15    3.34   -0.25    7.44   31.49
G-C     0.00    0.00    0.00    0.00    0.00    0.00   -0.15    0.27    3.41   -1.31    0.48   36.07
C-G     0.00    0.00    0.00    0.00    0.00    0.00   -0.33    0.96    3.57    0.18   -9.15   40.79
C-G     0.00    0.00    0.00    0.00    0.00    0.00   -0.09    1.24    3.56    1.32  -10.75   41.67
T-A     0.00    0.00    0.00    0.00    0.00    0.00    0.12    0.93    3.36   -0.08   -4.73   39.03
T-A     0.00    0.00    0.00    0.00    0.00    0.00    0.14    0.54    3.23   -1.08    1.55   35.57
T-A     0.00    0.00    0.00    0.00    0.00    0.00    0.15    0.27    3.31    0.82    7.60   32.30
T-A     0.00    0.00    0.00    0.00    0.00    0.00    0.17   -0.15    3.47    2.32   15.55   29.27
G-C     0.00    0.00    0.00    0.00    0.00    0.00    0.02   -0.65    3.48   -0.16   19.06   27.53
A-T     0.00    0.00    0.00    0.00    0.00    0.00   -0.19   -0.70    3.31   -3.33   11.80   28.02
T-A     0.00    0.00    0.00    0.00    0.00    0.00   -0.13   -0.17    3.15   -2.11    1.10   30.23
G-C     0.00    0.00    0.00    0.00    0.00    0.00    0.09    0.44    3.16    1.38   -1.73   33.60
G-C     0.00    0.00    0.00    0.00    0.00    0.00    0.09    0.74    3.30    1.09    0.52   37.63
A-T     0.00    0.00    0.00    0.00    0.00    0.00    0.00    0.78    3.36   -2.39   -2.20   40.12
G-C     0.00    0.00    0.00    0.00    0.00    0.00    0.17    0.70    3.29   -2.69   -7.46   38.75
C-G     0.00    0.00    0.00    0.00    0.00    0.00    0.40    0.44    3.27    1.04   -4.46   35.29
A-T     0.00    0.00    0.00    0.00    0.00    0.00    0.05    0.04    3.42    2.44    5.66   33.92
G-C     0.00    0.00    0.00    0.00    0.00    0.00   -0.74   -0.27    3.55   -1.07   10.73   34.92
T-A     0.00    0.00    0.00    0.00    0.00    0.00   -0.97   -0.35    3.43   -3.62    7.71   34.56
T-A     0.00    0.00    0.00    0.00    0.00    0.00   -0.27   -0.19    3.17   -0.83    5.39   32.21
T-A     0.00    0.00    0.00    0.00    0.00    0.00    0.54    0.25    3.08    2.91    6.72   31.86
C-G     0.00    0.00    0.00    0.00    0.00    0.00    0.58    0.91    3.17    2.28    4.59   35.04
C-G     0.00    0.00    0.00    0.00    0.00    0.00    0.06    1.33    3.25   -0.22   -2.64   37.97
A-T     0.00    0.00    0.00    0.00    0.00    0.00   -0.25    1.07    3.27    0.33   -6.74   38.02
A-T     0.00    0.00    0.00    0.00    0.00    0.00   -0.20    0.40    3.36    1.95   -3.83   37.22
A-T     0.00    0.00    0.00    0.00    0.00    0.00   -0.16   -0.13    3.44   -0.45   -0.06   36.88
T-A     0.00    0.00    0.00    0.00    0.00    0.00   -0.21   -0.43    3.29   -4.98    0.66   34.86
A-T     0.00    0.00    0.00    0.00    0.00    0.00   -0.13   -0.73    3.07   -4.77    2.41   31.35
C-G     0.00    0.00    0.00    0.00    0.00    0.00    0.13   -0.90    3.17    0.50    7.03   30.77
A-T     0.00    0.00    0.00    0.00    0.00    0.00    0.31   -0.62    3.53    3.53    9.18   34.26
C-G     0.00    0.00    0.00    0.00    0.00    0.00    0.26   -0.14    3.63    0.98    6.12   36.66
T-A     0.00    0.00    0.00    0.00    0.00    0.00    0.06   -0.03    3.34   -1.78    2.54   35.04
T-A     0.00    0.00    0.00    0.00    0.00    0.00   -0.20   -0.18    3.13   -0.56    1.52   33.88
T-A     0.00    0.00    0.00    0.00    0.00    0.00   -0.47    0.04    3.28    0.60   -0.38   36.65
T-A     0.00    0.00    0.00    0.00    0.00    0.00   -0.57    0.66    3.42   -2.44   -4.67   38.98
G-C     0.00    0.00    0.00    0.00    0.00    0.00   -0.37    0.96    3.20   -5.48   -5.85   36.21
G-C     0.00    0.00    0.00    0.00    0.00    0.00   -0.01    0.70    2.95   -2.73    0.20   31.73
T-A     0.00    0.00    0.00    0.00    0.00    0.00    0.12    0.38    3.11    2.55    9.26   30.99
A-T     0.00    0.00    0.00    0.00    0.00    0.00   -0.05    0.24    3.43    2.50   14.37   32.30
G-C     0.00    0.00    0.00    0.00    0.00    0.00   -0.19   -0.15    3.41   -2.69   13.55   31.04
A-T     0.00    0.00    0.00    0.00    0.00    0.00    0.01   -0.89    3.14   -5.32    8.85   28.64
A-T     0.00    0.00    0.00    0.00    0.00    0.00    0.31   -1.26    3.09   -2.74    2.58   29.87
T-A     0.00    0.00    0.00    0.00    0.00    0.00    0.23   -0.79    3.31   -0.43   -2.96   34.19
C-G     0.00    0.00    0.00    0.00    0.00    0.00   -0.26   -0.02    3.41   -1.35   -5.70   37.15
T-A     0.00    0.00    0.00    0.00    0.00    0.00   -0.54    0.44    3.26   -1.33   -5.78   38.00
G-C     0.00    0.00    0.00    0.00    0.00    0.00   -0.22    0.79    3.15    1.86   -4.55   38.99
C-G     0.00    0.00    0.00    0.00    0.00    0.00    0.28    1.35    3.20    3.23   -1.82   39.25
A-T     0.00    0.00    0.00    0.00    0.00    0.00    0.27    1.65    3.20   -0.45    2.84   36.38
G-C     0.00    0.00    0.00    0.00    0.00    0.00   -0.17    1.12    3.13   -3.86    7.37   32.39
G-C     0.00    0.00    0.00    0.00    0.00    0.00   -0.35    0.17    3.21   -1.71    9.51   31.48
T-A     0.00    0.00    0.00    0.00    0.00    0.00   -0.03   -0.31    3.44    1.98   10.15   33.10
G-C     0.00    0.00    0.00    0.00    0.00    0.00    0.24   -0.24    3.51    0.70   10.31   33.37
G-C     0.00    0.00    0.00    0.00    0.00    0.00    0.04   -0.25    3.28   -3.42    7.76   32.12
A-T     0.00    0.00    0.00    0.00    0.00    0.00   -0.31   -0.47    3.10   -3.48    1.36   32.70
T-A     0.00    0.00    0.00    0.00    0.00    0.00   -0.35   -0.43    3.22    0.35   -4.25   35.39
A-T     0.00    0.00    0.00    0.00    0.00    0.00   -0.15   -0.05    3.45    1.73   -4.04   36.94
T-A     0.00    0.00    0.00    0.00    0.00    0.00   -0.01    0.08    3.47   -0.66   -0.13   36.13
T-A     0.00    0.00    0.00    0.00    0.00    0.00    0.06   -0.28    3.29   -1.60    2.09   34.85
G-C     0.00    0.00    0.00    0.00    0.00    0.00    0.14   -0.63    3.19    0.88    2.15   34.04
A-T     0.00    0.00    0.00    0.00    0.00    0.00    0.12   -0.49    3.24    2.35    2.85   33.21
T-A     0.00    0.00    0.00    0.00    0.00    0.00   -0.06   -0.11    3.30    0.12    3.52   33.10
