 146 base-pairs
   0  ***local base-pair & step parameters***
       Shear  Stretch  Stagger Buckle Prop-Tw Opening   Shift  Slide    Rise    Tilt    Roll   Twist
A-T     0.00    0.00    0.00    0.00    0.00    0.00    0.00    0.00    0.00    0.00    0.00    0.00
T-A     0.00    0.00    0.00    0.00    0.00    0.00   -0.02   -0.02    3.32   -2.35    2.36   35.18
C-G     0.00    0.00    0.00    0.00    0.00    0.00    0.02   -0.14    3.13   -4.04    1.38   34.77
A-T     0.00    0.00    0.00    0.00    0.00    0.00    0.02   -0.30    3.11   -1.44    1.11   34.77
A-T     0.00    0.00    0.00    0.00    0.00    0.00   -0.11   -0.26    3.33    1.46    0.77   36.31
T-A     0.00    0.00    0.00    0.00    0.00    0.00   -0.20   -0.19    3.46    1.16   -1.05   37.73
A-T     0.00    0.00    0.00    0.00    0.00    0.00   -0.03   -0.26    3.35   -0.28   -3.47   36.99
T-A     0.00    0.00    0.00    0.00    0.00    0.00    0.28   -0.36    3.22    0.30   -3.46   34.53
C-G     0.00    0.00    0.00    0.00    0.00    0.00    0.31   -0.30    3.27    1.63    0.16   32.24
C-G     0.00    0.00    0.00    0.00    0.00    0.00   -0.05   -0.19    3.39    0.82    4.87   30.91
A-T     0.00    0.00    0.00    0.00    0.00    0.00   -0.39   -0.19    3.38   -1.12    7.70   30.26
C-G     0.00    0.00    0.00    0.00    0.00    0.00   -0.29   -0.16    3.29   -1.17    8.55   30.64
C-G     0.00    0.00    0.00    0.00    0.00    0.00    0.06    0.15    3.33    0.07    8.42   32.71
T-A     0.00    0.00    0.00    0.00    0.00    0.00    0.15    0.58    3.45   -0.56    6.35   35.64
G-C     0.00    0.00    0.00    0.00    0.00    0.00   -0.08    0.76    3.45   -2.55    1.01   37.65
C-G     0.00    0.00    0.00    0.00    0.00    0.00   -0.16    0.65    3.30   -1.80   -5.55   38.29
A-T     0.00    0.00    0.00    0.00    0.00    0.00    0.16    0.57    3.21    2.26   -8.87   38.77
G-C     0.00    0.00    0.00    0.00    0.00    0.00    0.50    0.57    3.24    4.74   -7.31   39.20
A-T     0.00    0.00    0.00    0.00    0.00    0.00    0.38    0.26    3.23    2.78   -3.69   37.89
T-A     0.00    0.00    0.00    0.00    0.00    0.00   -0.03   -0.49    3.13    0.29   -0.57   34.07
T-A     0.00    0.00    0.00    0.00    0.00    0.00   -0.21   -1.12    3.14    1.67    3.29   29.98
C-G     0.00    0.00    0.00    0.00    0.00    0.00    0.02   -1.04    3.34    4.42    9.46   28.39
T-A     0.00    0.00    0.00    0.00    0.00    0.00    0.29   -0.34    3.49    3.12   15.24   29.18
A-T     0.00    0.00    0.00    0.00    0.00    0.00    0.29    0.31    3.35   -1.48   15.58   30.31
C-G     0.00    0.00    0.00    0.00    0.00    0.00    0.12    0.58    3.08   -3.31    9.37   31.39
C-G     0.00    0.00    0.00    0.00    0.00    0.00    0.03    0.67    3.05   -0.35    1.03   33.89
A-T     0.00    0.00    0.00    0.00    0.00    0.00    0.09    0.72    3.26    2.45   -4.53   37.73
A-T     0.00    0.00    0.00    0.00    0.00    0.00    0.20    0.56    3.40    1.27   -6.15   40.08
A-T     0.00    0.00    0.00    0.00    0.00    0.00    0.28    0.07    3.32   -1.06   -5.23   38.79
A-T     0.00    0.00    0.00    0.00    0.00    0.00    0.29   -0.40    3.26   -0.40   -2.76   35.16
G-C     0.00    0.00    0.00    0.00    0.00    0.00    0.16   -0.48    3.38    1.91    0.96   32.17
T-A     0.00    0.00    0.00    0.00    0.00    0.00   -0.06   -0.32    3.49    1.98    4.96   31.01
G-C     0.00    0.00    0.00    0.00    0.00    0.00   -0.16   -0.33    3.40   -0.01    8.00   30.98
T-A     0.00    0.00    0.00    0.00    0.00    0.00   -0.03   -0.59    3.24   -0.66    9.29   31.73
A-T     0.00    0.00    0.00    0.00    0.00    0.00    0.16   -0.76    3.27    0.43    7.99   33.54
T-A     0.00    0.00    0.00    0.00    0.00    0.00    0.15   -0.59    3.41    0.48    3.22   35.82
T-A     0.00    0.00    0.00    0.00    0.00    0.00    0.03   -0.15    3.41   -0.96   -3.80   37.24
T-A     0.00    0.00    0.00    0.00    0.00    0.00    0.01    0.43    3.27   -1.13   -8.58   37.57
G-C     0.00    0.00    0.00    0.00    0.00    0.00    0.07    1.04    3.20    0.44   -7.16   37.73
G-C     0.00    0.00    0.00    0.00    0.00    0.00   -0.06    1.36    3.30    0.37   -0.92   37.60
A-T     0.00    0.00    0.00    0.00    0.00    0.00   -0.34    1.02    3.33   -2.62    4.75   35.80
A-T     0.00    0.00    0.00    0.00    0.00    0.00   -0.36    0.14    3.21   -4.50    6.85   32.50
A-T     0.00    0.00    0.00    0.00    0.00    0.00    0.07   -0.56    3.14   -2.10    7.32   30.54
C-G     0.00    0.00    0.00    0.00    0.00    0.00    0.49   -0.54    3.31    1.31    8.30   32.27
T-A     0.00    0.00    0.00    0.00    0.00    0.00    0.36   -0.04    3.52    0.83    7.97   36.16
G-C     0.00    0.00    0.00    0.00    0.00    0.00   -0.22    0.34    3.50   -2.20    3.69   38.75
C-G     0.00    0.00    0.00    0.00    0.00    0.00   -0.59    0.47    3.30   -2.43   -2.78   38.94
T-A     0.00    0.00    0.00    0.00    0.00    0.00   -0.40    0.67    3.19    0.65   -6.51   38.60
C-G     0.00    0.00    0.00    0.00    0.00    0.00    0.04    0.95    3.25    1.96   -5.66   38.79
C-G     0.00    0.00    0.00    0.00    0.00    0.00    0.28    0.93    3.29   -0.47   -3.04   38.22
A-T     0.00    0.00    0.00    0.00    0.00    0.00    0.30    0.44    3.26   -1.91   -0.97   35.99
T-A     0.00    0.00    0.00    0.00    0.00    0.00    0.32   -0.03    3.32    1.30    2.10   33.83
C-G     0.00    0.00    0.00    0.00    0.00    0.00    0.34   -0.01    3.51    5.20    7.82   33.90
A-T     0.00    0.00    0.00    0.00    0.00    0.00    0.15    0.32    3.57    3.87   13.16   35.77
A-T     0.00    0.00    0.00    0.00    0.00    0.00   -0.20    0.45    3.38   -1.78   12.42   37.25
A-T     0.00    0.00    0.00    0.00    0.00    0.00   -0.43    0.27    3.17   -5.62    3.69   37.49
A-T     0.00    0.00    0.00    0.00    0.00    0.00   -0.37    0.15    3.24   -5.01   -8.60   37.43
G-C     0.00    0.00    0.00    0.00    0.00    0.00   -0.13    0.26    3.52   -2.77  -17.38   37.54
G-C     0.00    0.00    0.00    0.00    0.00    0.00    0.10    0.38    3.70   -1.09  -17.98   37.12
C-G     0.00    0.00    0.00    0.00    0.00    0.00    0.24    0.33    3.70    1.15  -10.32   35.91
A-T     0.00    0.00    0.00    0.00    0.00    0.00    0.28    0.24    3.70    3.94    1.26   34.67
T-A     0.00    0.00    0.00    0.00    0.00    0.00    0.17    0.23    3.71    4.29   10.33   33.71
G-C     0.00    0.00    0.00    0.00    0.00    0.00    0.00    0.18    3.58    1.22   12.63   32.50
T-A     0.00    0.00    0.00    0.00    0.00    0.00   -0.04    0.06    3.31   -1.35    9.39   31.50
T-A     0.00    0.00    0.00    0.00    0.00    0.00    0.06    0.11    3.20   -0.11    5.25   32.51
C-G     0.00    0.00    0.00    0.00    0.00    0.00    0.09    0.48    3.39    2.40    2.60   35.97
A-T     0.00    0.00    0.00    0.00    0.00    0.00   -0.06    0.92    3.61    1.91   -0.14   39.26
G-C     0.00    0.00    0.00    0.00    0.00    0.00   -0.13    1.08    3.54   -0.66   -4.01   39.54
C-G     0.00    0.00    0.00    0.00    0.00    0.00    0.06    1.00    3.28   -1.19   -6.07   37.42
T-A     0.00    0.00    0.00    0.00    0.00    0.00    0.30    0.91    3.19    0.34   -3.02   35.85
G-C     0.00    0.00    0.00    0.00    0.00    0.00    0.18    0.75    3.33   -0.08    3.26   35.66
A-T     0.00    0.00    0.00    0.00    0.00    0.00   -0.23    0.23    3.40   -2.91    7.35   34.78
A-T     0.00    0.00    0.00    0.00    0.00    0.00   -0.42   -0.47    3.27   -3.32    7.13   32.17
T-A     0.00    0.00    0.00    0.00    0.00    0.00   -0.14   -0.71    3.15    0.94    5.74   30.16
T-A     0.00    0.00    0.00    0.00    0.00    0.00    0.22   -0.15    3.21    4.90    5.87   31.38
C-G     0.00    0.00    0.00    0.00    0.00    0.00    0.18    0.71    3.34    3.39    5.55   35.01
A-T     0.00    0.00    0.00    0.00    0.00    0.00   -0.11    1.17    3.35   -1.17    1.80   37.99
G-C     0.00    0.00    0.00    0.00    0.00    0.00   -0.17    1.19    3.31   -2.66   -3.71   38.94
C-G     0.00    0.00    0.00    0.00    0.00    0.00    0.08    1.17    3.37   -0.40   -5.96   38.89
T-A     0.00    0.00    0.00    0.00    0.00    0.00    0.24    1.21    3.44    0.95   -2.83   38.61
G-C     0.00    0.00    0.00    0.00    0.00    0.00    0.06    1.00    3.36   -0.48    2.77   37.42
A-T     0.00    0.00    0.00    0.00    0.00    0.00   -0.21    0.44    3.21   -1.34    7.10   34.95
A-T     0.00    0.00    0.00    0.00    0.00    0.00   -0.18   -0.11    3.21    0.37    9.22   32.32
C-G     0.00    0.00    0.00    0.00    0.00    0.00    0.07   -0.29    3.38    1.73    9.73   30.82
A-T     0.00    0.00    0.00    0.00    0.00    0.00    0.21   -0.21    3.47    0.23    8.39   30.73
T-A     0.00    0.00    0.00    0.00    0.00    0.00    0.10   -0.05    3.41   -1.70    4.55   32.21
G-C     0.00    0.00    0.00    0.00    0.00    0.00   -0.12    0.23    3.40   -0.98   -1.08   35.59
C-G     0.00    0.00    0.00    0.00    0.00    0.00   -0.25    0.70    3.55    0.75   -6.54   39.80
C-G     0.00    0.00    0.00    0.00    0.00    0.00   -0.24    1.10    3.62    0.17   -9.62   41.87
T-A     0.00    0.00    0.00    0.00    0.00    0.00   -0.08    1.04    3.43   -1.58   -8.11   39.76
T-A     0.00    0.00    0.00    0.00    0.00    0.00    0.14    0.58    3.22   -0.85   -0.90   35.10
T-A     0.00    0.00    0.00    0.00    0.00    0.00    0.24    0.09    3.27    1.78    9.44   31.32
T-A     0.00    0.00    0.00    0.00    0.00    0.00    0.10   -0.23    3.50    1.95   16.67   29.56
G-C     0.00    0.00    0.00    0.00    0.00    0.00   -0.12   -0.45    3.52   -1.12   16.06   28.45
A-T     0.00    0.00    0.00    0.00    0.00    0.00   -0.13   -0.54    3.26   -2.83    9.46   27.73
T-A     0.00    0.00    0.00    0.00    0.00    0.00    0.03   -0.25    3.07   -0.62    3.10   29.36
G-C     0.00    0.00    0.00    0.00    0.00    0.00    0.11    0.42    3.16    1.79    0.22   34.03
G-C     0.00    0.00    0.00    0.00    0.00    0.00    0.03    0.97    3.33    0.54   -1.32   38.75
A-T     0.00    0.00    0.00    0.00    0.00    0.00    0.08    0.98    3.30   -1.97   -3.78   39.97
G-C     0.00    0.00    0.00    0.00    0.00    0.00    0.35    0.64    3.20   -1.27   -5.00   37.89
C-G     0.00    0.00    0.00    0.00    0.00    0.00    0.45    0.36    3.27    1.58   -1.73   35.69
A-T     0.00    0.00    0.00    0.00    0.00    0.00   -0.01    0.19    3.47    1.71    4.71   35.05
G-C     0.00    0.00    0.00    0.00    0.00    0.00   -0.70   -0.14    3.53   -1.35    9.42   34.73
T-A     0.00    0.00    0.00    0.00    0.00    0.00   -0.86   -0.49    3.37   -2.87    9.88   33.52
T-A     0.00    0.00    0.00    0.00    0.00    0.00   -0.27   -0.39    3.20   -0.62    7.91   32.41
T-A     0.00    0.00    0.00    0.00    0.00    0.00    0.43    0.28    3.17    1.79    5.66   32.88
C-G     0.00    0.00    0.00    0.00    0.00    0.00    0.52    0.98    3.19    1.27    2.69   34.74
C-G     0.00    0.00    0.00    0.00    0.00    0.00    0.09    1.15    3.21   -0.07   -1.58   36.72
A-T     0.00    0.00    0.00    0.00    0.00    0.00   -0.30    0.84    3.31    0.48   -5.15   38.03
A-T     0.00    0.00    0.00    0.00    0.00    0.00   -0.34    0.40    3.46    0.97   -5.41   38.22
A-T     0.00    0.00    0.00    0.00    0.00    0.00   -0.24   -0.03    3.46   -1.55   -2.60   36.62
T-A     0.00    0.00    0.00    0.00    0.00    0.00   -0.21   -0.53    3.24   -4.83    0.82   33.58
A-T     0.00    0.00    0.00    0.00    0.00    0.00   -0.15   -0.90    3.08   -4.08    3.47   31.37
C-G     0.00    0.00    0.00    0.00    0.00    0.00    0.06   -0.83    3.24    0.29    5.57   31.92
A-T     0.00    0.00    0.00    0.00    0.00    0.00    0.29   -0.42    3.52    2.88    6.90   34.22
C-G     0.00    0.00    0.00    0.00    0.00    0.00    0.32   -0.11    3.54    1.42    6.39   35.51
T-A     0.00    0.00    0.00    0.00    0.00    0.00    0.12   -0.10    3.31   -0.48    3.99   35.15
T-A     0.00    0.00    0.00    0.00    0.00    0.00   -0.18   -0.06    3.17   -0.05    1.03   35.23
T-A     0.00    0.00    0.00    0.00    0.00    0.00   -0.43    0.29    3.26    0.21   -1.61   36.83
T-A     0.00    0.00    0.00    0.00    0.00    0.00   -0.49    0.72    3.32   -2.14   -3.73   37.90
G-C     0.00    0.00    0.00    0.00    0.00    0.00   -0.28    0.87    3.16   -4.19   -3.83   36.27
G-C     0.00    0.00    0.00    0.00    0.00    0.00    0.04    0.75    3.00   -2.12    0.53   33.09
T-A     0.00    0.00    0.00    0.00    0.00    0.00    0.15    0.55    3.11    1.84    8.73   31.21
A-T     0.00    0.00    0.00    0.00    0.00    0.00   -0.03    0.24    3.36    2.05   15.42   31.11
G-C     0.00    0.00    0.00    0.00    0.00    0.00   -0.17   -0.33    3.40   -2.00   15.30   30.86
A-T     0.00    0.00    0.00    0.00    0.00    0.00    0.01   -0.97    3.22   -5.00    8.99   29.84
A-T     0.00    0.00    0.00    0.00    0.00    0.00    0.27   -1.20    3.14   -3.92    1.81   30.02
T-A     0.00    0.00    0.00    0.00    0.00    0.00    0.16   -0.85    3.28   -1.64   -2.65   32.83
C-G     0.00    0.00    0.00    0.00    0.00    0.00   -0.32   -0.23    3.42   -1.14   -5.01   36.73
T-A     0.00    0.00    0.00    0.00    0.00    0.00   -0.58    0.32    3.35   -0.95   -6.47   39.09
G-C     0.00    0.00    0.00    0.00    0.00    0.00   -0.27    0.84    3.20    0.80   -5.88   39.17
C-G     0.00    0.00    0.00    0.00    0.00    0.00    0.18    1.35    3.15    1.90   -2.21   37.89
A-T     0.00    0.00    0.00    0.00    0.00    0.00    0.20    1.52    3.19   -0.13    2.73   35.90
G-C     0.00    0.00    0.00    0.00    0.00    0.00   -0.17    1.07    3.20   -2.82    6.30   33.55
G-C     0.00    0.00    0.00    0.00    0.00    0.00   -0.33    0.30    3.24   -2.05    8.34   31.88
T-A     0.00    0.00    0.00    0.00    0.00    0.00   -0.07   -0.20    3.37    1.02   10.02   31.92
G-C     0.00    0.00    0.00    0.00    0.00    0.00    0.22   -0.26    3.45    1.36   10.39   32.96
G-C     0.00    0.00    0.00    0.00    0.00    0.00    0.13   -0.23    3.31   -1.69    7.21   33.42
A-T     0.00    0.00    0.00    0.00    0.00    0.00   -0.20   -0.30    3.11   -3.15    1.17   33.36
T-A     0.00    0.00    0.00    0.00    0.00    0.00   -0.33   -0.27    3.13   -0.50   -3.39   34.38
A-T     0.00    0.00    0.00    0.00    0.00    0.00   -0.15   -0.04    3.38    2.22   -3.30   36.52
T-A     0.00    0.00    0.00    0.00    0.00    0.00    0.09    0.07    3.49    1.13   -0.08   37.41
T-A     0.00    0.00    0.00    0.00    0.00    0.00    0.18   -0.19    3.32   -1.22    2.68   35.57
G-C     0.00    0.00    0.00    0.00    0.00    0.00    0.14   -0.56    3.13   -0.46    3.61   33.01
A-T     0.00    0.00    0.00    0.00    0.00    0.00    0.05   -0.55    3.19    2.04    3.61   32.60
T-A     0.00    0.00    0.00    0.00    0.00    0.00   -0.01   -0.22    3.36    1.41    3.27   34.18
