 146 base-pairs
   0  ***local base-pair & step parameters***
       Shear  Stretch  Stagger Buckle Prop-Tw Opening   Shift  Slide    Rise    Tilt    Roll   Twist
A-T     0.00    0.00    0.00    0.00    0.00    0.00    0.00    0.00    0.00    0.00    0.00    0.00
T-A     0.00    0.00    0.00    0.00    0.00    0.00   -0.10   -0.21    3.32   -0.92    5.48   34.70
C-G     0.00    0.00    0.00    0.00    0.00    0.00   -0.22   -0.14    3.24   -2.75    3.28   35.44
A-T     0.00    0.00    0.00    0.00    0.00    0.00   -0.22   -0.16    3.15   -2.95   -0.12   35.67
A-T     0.00    0.00    0.00    0.00    0.00    0.00   -0.11   -0.21    3.16   -1.33   -2.73   36.08
T-A     0.00    0.00    0.00    0.00    0.00    0.00    0.05   -0.22    3.27    0.80   -3.45   36.76
A-T     0.00    0.00    0.00    0.00    0.00    0.00    0.20   -0.24    3.39    2.00   -2.57   36.79
T-A     0.00    0.00    0.00    0.00    0.00    0.00    0.26   -0.29    3.43    1.91   -0.90   35.28
C-G     0.00    0.00    0.00    0.00    0.00    0.00    0.15   -0.35    3.37    1.16    1.34   32.59
C-G     0.00    0.00    0.00    0.00    0.00    0.00   -0.08   -0.34    3.30    0.34    4.29   30.32
A-T     0.00    0.00    0.00    0.00    0.00    0.00   -0.29   -0.22    3.29   -0.53    7.47   29.87
C-G     0.00    0.00    0.00    0.00    0.00    0.00   -0.34   -0.02    3.33   -1.57    9.27   31.25
C-G     0.00    0.00    0.00    0.00    0.00    0.00   -0.19    0.21    3.37   -2.32    8.19   33.29
T-A     0.00    0.00    0.00    0.00    0.00    0.00    0.05    0.44    3.38   -1.95    4.27   35.09
G-C     0.00    0.00    0.00    0.00    0.00    0.00    0.22    0.68    3.36   -0.28   -0.66   36.70
C-G     0.00    0.00    0.00    0.00    0.00    0.00    0.24    0.85    3.34    1.65   -4.46   38.44
A-T     0.00    0.00    0.00    0.00    0.00    0.00    0.16    0.82    3.32    2.52   -6.21   39.85
G-C     0.00    0.00    0.00    0.00    0.00    0.00    0.09    0.47    3.26    1.99   -6.21   39.67
A-T     0.00    0.00    0.00    0.00    0.00    0.00    0.07   -0.11    3.18    1.16   -4.82   37.22
T-A     0.00    0.00    0.00    0.00    0.00    0.00    0.09   -0.68    3.13    1.28   -1.67   33.36
T-A     0.00    0.00    0.00    0.00    0.00    0.00    0.11   -0.93    3.17    2.38    3.53   30.04
C-G     0.00    0.00    0.00    0.00    0.00    0.00    0.12   -0.74    3.28    3.18    9.64   28.67
T-A     0.00    0.00    0.00    0.00    0.00    0.00    0.14   -0.27    3.37    2.55   14.05   29.13
A-T     0.00    0.00    0.00    0.00    0.00    0.00    0.17    0.22    3.36    0.72   14.32   30.45
C-G     0.00    0.00    0.00    0.00    0.00    0.00    0.18    0.54    3.25   -0.95   10.12   32.07
C-G     0.00    0.00    0.00    0.00    0.00    0.00    0.14    0.63    3.16   -1.39    3.46   34.18
A-T     0.00    0.00    0.00    0.00    0.00    0.00    0.11    0.56    3.17   -0.73   -2.79   36.78
A-T     0.00    0.00    0.00    0.00    0.00    0.00    0.12    0.39    3.25    0.12   -6.64   38.87
A-T     0.00    0.00    0.00    0.00    0.00    0.00    0.18    0.17    3.34    0.63   -7.37   38.94
A-T     0.00    0.00    0.00    0.00    0.00    0.00    0.23   -0.08    3.37    1.00   -4.97   36.54
G-C     0.00    0.00    0.00    0.00    0.00    0.00    0.19   -0.28    3.36    1.47    0.07   33.01
T-A     0.00    0.00    0.00    0.00    0.00    0.00    0.07   -0.44    3.36    1.70    6.24   30.49
G-C     0.00    0.00    0.00    0.00    0.00    0.00   -0.04   -0.58    3.38    1.09   10.86   30.18
T-A     0.00    0.00    0.00    0.00    0.00    0.00   -0.05   -0.71    3.40   -0.28   11.29   31.63
A-T     0.00    0.00    0.00    0.00    0.00    0.00    0.02   -0.75    3.37   -1.36    6.95   33.62
T-A     0.00    0.00    0.00    0.00    0.00    0.00    0.09   -0.55    3.32   -1.15    0.15   35.45
T-A     0.00    0.00    0.00    0.00    0.00    0.00    0.07   -0.05    3.29    0.10   -5.36   37.15
T-A     0.00    0.00    0.00    0.00    0.00    0.00   -0.01    0.62    3.29    0.98   -7.07   38.54
G-C     0.00    0.00    0.00    0.00    0.00    0.00   -0.08    1.12    3.29    0.35   -5.04   38.79
G-C     0.00    0.00    0.00    0.00    0.00    0.00   -0.09    1.18    3.26   -1.42   -1.10   37.14
A-T     0.00    0.00    0.00    0.00    0.00    0.00   -0.04    0.77    3.22   -2.80    2.99   34.17
A-T     0.00    0.00    0.00    0.00    0.00    0.00   -0.01    0.15    3.22   -2.71    6.47   31.72
A-T     0.00    0.00    0.00    0.00    0.00    0.00    0.00   -0.33    3.30   -1.52    8.90   31.51
C-G     0.00    0.00    0.00    0.00    0.00    0.00   -0.01   -0.45    3.40   -0.51    9.44   33.54
T-A     0.00    0.00    0.00    0.00    0.00    0.00   -0.03   -0.22    3.43   -0.44    7.19   36.26
G-C     0.00    0.00    0.00    0.00    0.00    0.00   -0.05    0.20    3.36   -0.89    2.47   38.07
C-G     0.00    0.00    0.00    0.00    0.00    0.00   -0.10    0.62    3.25   -0.95   -2.80   38.63
T-A     0.00    0.00    0.00    0.00    0.00    0.00   -0.15    0.88    3.21   -0.40   -6.18   38.64
C-G     0.00    0.00    0.00    0.00    0.00    0.00   -0.12    0.91    3.26    0.27   -6.40   38.55
C-G     0.00    0.00    0.00    0.00    0.00    0.00    0.03    0.69    3.36    0.61   -3.83   37.99
A-T     0.00    0.00    0.00    0.00    0.00    0.00    0.23    0.36    3.41    0.86    0.30   36.52
T-A     0.00    0.00    0.00    0.00    0.00    0.00    0.35    0.11    3.39    1.42    4.90   34.68
C-G     0.00    0.00    0.00    0.00    0.00    0.00    0.30    0.08    3.35    1.98    8.95   33.81
A-T     0.00    0.00    0.00    0.00    0.00    0.00    0.10    0.24    3.33    1.56   10.84   34.70
A-T     0.00    0.00    0.00    0.00    0.00    0.00   -0.12    0.41    3.34   -0.37    8.70   36.67
A-T     0.00    0.00    0.00    0.00    0.00    0.00   -0.25    0.42    3.37   -2.95    2.03   38.16
A-T     0.00    0.00    0.00    0.00    0.00    0.00   -0.26    0.28    3.41   -4.38   -6.92   38.25
G-C     0.00    0.00    0.00    0.00    0.00    0.00   -0.19    0.14    3.49   -3.54  -13.86   37.38
G-C     0.00    0.00    0.00    0.00    0.00    0.00   -0.07    0.14    3.61   -1.10  -15.13   36.55
C-G     0.00    0.00    0.00    0.00    0.00    0.00    0.07    0.27    3.72    1.23  -10.18   35.98
A-T     0.00    0.00    0.00    0.00    0.00    0.00    0.22    0.38    3.72    2.25   -1.75   35.05
T-A     0.00    0.00    0.00    0.00    0.00    0.00    0.29    0.35    3.61    2.20    6.27   33.41
G-C     0.00    0.00    0.00    0.00    0.00    0.00    0.24    0.20    3.47    2.00   11.12   31.84
T-A     0.00    0.00    0.00    0.00    0.00    0.00    0.08    0.09    3.38    2.02   11.96   31.75
T-A     0.00    0.00    0.00    0.00    0.00    0.00   -0.08    0.15    3.40    1.78    9.21   33.61
C-G     0.00    0.00    0.00    0.00    0.00    0.00   -0.13    0.39    3.46    0.85    3.97   36.34
A-T     0.00    0.00    0.00    0.00    0.00    0.00   -0.06    0.72    3.46   -0.38   -1.94   38.24
G-C     0.00    0.00    0.00    0.00    0.00    0.00    0.06    1.02    3.41   -1.01   -6.05   38.54
C-G     0.00    0.00    0.00    0.00    0.00    0.00    0.12    1.17    3.33   -0.75   -6.34   37.79
T-A     0.00    0.00    0.00    0.00    0.00    0.00    0.09    1.09    3.30   -0.24   -2.71   36.85
G-C     0.00    0.00    0.00    0.00    0.00    0.00    0.02    0.71    3.31   -0.31    2.69   35.81
A-T     0.00    0.00    0.00    0.00    0.00    0.00   -0.04    0.13    3.30   -0.84    6.94   34.18
A-T     0.00    0.00    0.00    0.00    0.00    0.00   -0.07   -0.40    3.26   -0.92    8.46   32.07
T-A     0.00    0.00    0.00    0.00    0.00    0.00   -0.10   -0.58    3.23    0.03    7.69   30.70
T-A     0.00    0.00    0.00    0.00    0.00    0.00   -0.12   -0.27    3.25    1.40    5.86   31.42
C-G     0.00    0.00    0.00    0.00    0.00    0.00   -0.09    0.41    3.31    1.89    3.54   34.23
A-T     0.00    0.00    0.00    0.00    0.00    0.00    0.00    1.10    3.35    0.97    0.56   37.56
G-C     0.00    0.00    0.00    0.00    0.00    0.00    0.09    1.49    3.35   -0.49   -2.71   39.58
C-G     0.00    0.00    0.00    0.00    0.00    0.00    0.13    1.49    3.31   -1.16   -4.68   39.68
T-A     0.00    0.00    0.00    0.00    0.00    0.00    0.07    1.18    3.30   -0.64   -3.47   38.51
G-C     0.00    0.00    0.00    0.00    0.00    0.00   -0.02    0.75    3.34    0.23    1.14   36.87
A-T     0.00    0.00    0.00    0.00    0.00    0.00   -0.06    0.30    3.38    0.42    7.06   34.88
A-T     0.00    0.00    0.00    0.00    0.00    0.00   -0.03   -0.08    3.37   -0.11   11.16   32.50
C-G     0.00    0.00    0.00    0.00    0.00    0.00    0.02   -0.29    3.32   -0.54   11.46   30.47
A-T     0.00    0.00    0.00    0.00    0.00    0.00    0.01   -0.24    3.31   -0.32    8.13   30.24
T-A     0.00    0.00    0.00    0.00    0.00    0.00   -0.05    0.05    3.37    0.17    2.72   32.66
G-C     0.00    0.00    0.00    0.00    0.00    0.00   -0.11    0.45    3.48    0.14   -2.97   36.74
C-G     0.00    0.00    0.00    0.00    0.00    0.00   -0.09    0.78    3.55   -0.47   -7.28   40.07
C-G     0.00    0.00    0.00    0.00    0.00    0.00   -0.02    0.89    3.52   -0.87   -8.60   40.76
T-A     0.00    0.00    0.00    0.00    0.00    0.00    0.03    0.80    3.45   -0.41   -5.73   38.74
T-A     0.00    0.00    0.00    0.00    0.00    0.00    0.02    0.56    3.39    0.54    0.95   35.42
T-A     0.00    0.00    0.00    0.00    0.00    0.00   -0.02    0.23    3.38    0.88    8.81   32.22
T-A     0.00    0.00    0.00    0.00    0.00    0.00   -0.04   -0.14    3.37    0.10   14.10   29.72
G-C     0.00    0.00    0.00    0.00    0.00    0.00   -0.03   -0.43    3.32   -1.06   14.45   28.09
A-T     0.00    0.00    0.00    0.00    0.00    0.00    0.01   -0.50    3.25   -1.36   10.39   27.87
T-A     0.00    0.00    0.00    0.00    0.00    0.00    0.05   -0.23    3.20   -0.48    4.71   29.80
G-C     0.00    0.00    0.00    0.00    0.00    0.00    0.10    0.30    3.22    0.64    0.07   33.64
G-C     0.00    0.00    0.00    0.00    0.00    0.00    0.17    0.81    3.27    0.85   -2.54   37.69
A-T     0.00    0.00    0.00    0.00    0.00    0.00    0.23    1.03    3.30    0.04   -3.46   39.81
G-C     0.00    0.00    0.00    0.00    0.00    0.00    0.19    0.85    3.30   -0.85   -3.00   39.13
C-G     0.00    0.00    0.00    0.00    0.00    0.00    0.01    0.42    3.31   -0.98   -0.87   36.76
A-T     0.00    0.00    0.00    0.00    0.00    0.00   -0.22   -0.03    3.34   -0.50    2.90   34.53
G-C     0.00    0.00    0.00    0.00    0.00    0.00   -0.37   -0.29    3.39   -0.17    7.09   33.43
T-A     0.00    0.00    0.00    0.00    0.00    0.00   -0.33   -0.31    3.39   -0.28    9.68   33.14
T-A     0.00    0.00    0.00    0.00    0.00    0.00   -0.13   -0.10    3.31   -0.27    9.38   33.10
T-A     0.00    0.00    0.00    0.00    0.00    0.00    0.07    0.27    3.23    0.39    6.55   33.44
C-G     0.00    0.00    0.00    0.00    0.00    0.00    0.14    0.69    3.20    1.30    2.67   34.70
C-G     0.00    0.00    0.00    0.00    0.00    0.00    0.06    0.97    3.25    1.34   -1.03   36.70
A-T     0.00    0.00    0.00    0.00    0.00    0.00   -0.09    0.94    3.32   -0.03   -3.98   38.16
A-T     0.00    0.00    0.00    0.00    0.00    0.00   -0.22    0.55    3.33   -1.94   -5.69   37.83
A-T     0.00    0.00    0.00    0.00    0.00    0.00   -0.26   -0.02    3.29   -2.89   -5.19   35.79
T-A     0.00    0.00    0.00    0.00    0.00    0.00   -0.22   -0.53    3.26   -2.19   -1.75   33.53
A-T     0.00    0.00    0.00    0.00    0.00    0.00   -0.10   -0.78    3.31   -0.66    3.75   32.51
C-G     0.00    0.00    0.00    0.00    0.00    0.00    0.08   -0.77    3.38    0.36    8.63   32.88
A-T     0.00    0.00    0.00    0.00    0.00    0.00    0.22   -0.61    3.42    0.36   10.04   33.69
C-G     0.00    0.00    0.00    0.00    0.00    0.00    0.24   -0.40    3.39   -0.09    7.21   34.23
T-A     0.00    0.00    0.00    0.00    0.00    0.00    0.08   -0.13    3.31   -0.22    2.07   34.78
T-A     0.00    0.00    0.00    0.00    0.00    0.00   -0.18    0.19    3.26   -0.08   -2.38   35.91
T-A     0.00    0.00    0.00    0.00    0.00    0.00   -0.36    0.52    3.24   -0.28   -4.16   37.32
T-A     0.00    0.00    0.00    0.00    0.00    0.00   -0.37    0.74    3.22   -1.02   -3.16   37.78
G-C     0.00    0.00    0.00    0.00    0.00    0.00   -0.23    0.78    3.18   -1.65   -0.19   36.36
G-C     0.00    0.00    0.00    0.00    0.00    0.00   -0.06    0.65    3.14   -1.48    3.96   33.58
T-A     0.00    0.00    0.00    0.00    0.00    0.00    0.03    0.42    3.16   -0.75    8.54   31.04
A-T     0.00    0.00    0.00    0.00    0.00    0.00    0.02    0.11    3.23   -0.54   12.12   29.93
G-C     0.00    0.00    0.00    0.00    0.00    0.00    0.00   -0.28    3.29   -1.48   12.80   30.13
A-T     0.00    0.00    0.00    0.00    0.00    0.00    0.00   -0.72    3.30   -2.93    9.63   30.77
A-T     0.00    0.00    0.00    0.00    0.00    0.00    0.01   -1.01    3.26   -3.48    3.71   31.56
T-A     0.00    0.00    0.00    0.00    0.00    0.00   -0.01   -0.95    3.23   -2.47   -2.24   33.03
C-G     0.00    0.00    0.00    0.00    0.00    0.00   -0.08   -0.47    3.27   -0.72   -5.83   35.53
T-A     0.00    0.00    0.00    0.00    0.00    0.00   -0.16    0.28    3.33    0.34   -6.42   38.22
G-C     0.00    0.00    0.00    0.00    0.00    0.00   -0.20    0.97    3.33    0.16   -4.88   39.47
C-G     0.00    0.00    0.00    0.00    0.00    0.00   -0.20    1.36    3.25   -0.55   -2.14   38.41
A-T     0.00    0.00    0.00    0.00    0.00    0.00   -0.17    1.35    3.16   -0.78    1.50   35.84
G-C     0.00    0.00    0.00    0.00    0.00    0.00   -0.12    1.02    3.14   -0.40    5.78   33.48
G-C     0.00    0.00    0.00    0.00    0.00    0.00   -0.02    0.53    3.21   -0.13    9.50   32.38
T-A     0.00    0.00    0.00    0.00    0.00    0.00    0.08    0.02    3.31   -0.49   10.90   32.26
G-C     0.00    0.00    0.00    0.00    0.00    0.00    0.14   -0.37    3.36   -1.08    9.12   32.35
G-C     0.00    0.00    0.00    0.00    0.00    0.00    0.06   -0.52    3.35   -1.12    5.23   32.57
A-T     0.00    0.00    0.00    0.00    0.00    0.00   -0.13   -0.40    3.31   -0.50    1.46   33.49
T-A     0.00    0.00    0.00    0.00    0.00    0.00   -0.29   -0.13    3.29    0.09   -0.63   35.21
A-T     0.00    0.00    0.00    0.00    0.00    0.00   -0.29    0.06    3.28    0.02   -1.08   36.78
T-A     0.00    0.00    0.00    0.00    0.00    0.00   -0.10    0.02    3.26   -0.38   -0.81   36.91
T-A     0.00    0.00    0.00    0.00    0.00    0.00    0.16   -0.21    3.23   -0.24   -0.21   35.38
G-C     0.00    0.00    0.00    0.00    0.00    0.00    0.32   -0.43    3.23    0.71    1.12   33.48
A-T     0.00    0.00    0.00    0.00    0.00    0.00    0.28   -0.48    3.29    1.51    3.30   32.73
T-A     0.00    0.00    0.00    0.00    0.00    0.00    0.10   -0.36    3.34    0.97    5.29   33.47
