 146 base-pairs
   0  ***local base-pair & step parameters***
       Shear  Stretch  Stagger Buckle Prop-Tw Opening   Shift  Slide    Rise    Tilt    Roll   Twist
A-T     0.00    0.00    0.00    0.00    0.00    0.00    0.00    0.00    0.00    0.00    0.00    0.00
T-A     0.00    0.00    0.00    0.00    0.00    0.00   -0.08   -0.02    3.28   -2.65    3.38   34.76
C-G     0.00    0.00    0.00    0.00    0.00    0.00   -0.02   -0.03    3.15   -3.61   -0.37   35.76
A-T     0.00    0.00    0.00    0.00    0.00    0.00    0.14   -0.14    3.11   -0.34   -0.31   35.39
A-T     0.00    0.00    0.00    0.00    0.00    0.00    0.03   -0.21    3.25    1.96    2.57   35.57
T-A     0.00    0.00    0.00    0.00    0.00    0.00   -0.20   -0.17    3.41    1.02    0.90   37.36
A-T     0.00    0.00    0.00    0.00    0.00    0.00   -0.05   -0.16    3.37    0.11   -4.36   38.01
T-A     0.00    0.00    0.00    0.00    0.00    0.00    0.40   -0.25    3.22    1.22   -4.27   35.19
C-G     0.00    0.00    0.00    0.00    0.00    0.00    0.44   -0.31    3.21    1.83    2.38   31.46
C-G     0.00    0.00    0.00    0.00    0.00    0.00   -0.09   -0.27    3.36    0.23    7.14   30.40
A-T     0.00    0.00    0.00    0.00    0.00    0.00   -0.46   -0.20    3.42   -1.29    6.88   31.12
C-G     0.00    0.00    0.00    0.00    0.00    0.00   -0.24   -0.14    3.33   -0.82    7.43   31.18
C-G     0.00    0.00    0.00    0.00    0.00    0.00    0.12    0.05    3.31   -0.26   10.09   31.79
T-A     0.00    0.00    0.00    0.00    0.00    0.00    0.04    0.42    3.45   -1.64    8.01   34.94
G-C     0.00    0.00    0.00    0.00    0.00    0.00   -0.23    0.70    3.52   -3.12   -0.54   38.33
C-G     0.00    0.00    0.00    0.00    0.00    0.00   -0.17    0.64    3.36   -1.68   -7.59   38.75
A-T     0.00    0.00    0.00    0.00    0.00    0.00    0.18    0.48    3.20    1.90   -8.10   37.80
G-C     0.00    0.00    0.00    0.00    0.00    0.00    0.38    0.44    3.23    3.78   -6.32   38.45
A-T     0.00    0.00    0.00    0.00    0.00    0.00    0.24    0.25    3.28    2.46   -5.74   38.59
T-A     0.00    0.00    0.00    0.00    0.00    0.00   -0.01   -0.41    3.17    0.82   -3.00   34.64
T-A     0.00    0.00    0.00    0.00    0.00    0.00   -0.13   -1.12    3.10    1.86    3.89   29.17
C-G     0.00    0.00    0.00    0.00    0.00    0.00   -0.03   -1.06    3.30    4.03   10.67   27.75
T-A     0.00    0.00    0.00    0.00    0.00    0.00    0.22   -0.25    3.51    3.35   13.67   30.01
A-T     0.00    0.00    0.00    0.00    0.00    0.00    0.39    0.47    3.35   -0.44   13.70   31.09
C-G     0.00    0.00    0.00    0.00    0.00    0.00    0.27    0.65    3.01   -2.68   10.66   30.77
C-G     0.00    0.00    0.00    0.00    0.00    0.00    0.05    0.68    2.99   -0.44    3.13   33.35
A-T     0.00    0.00    0.00    0.00    0.00    0.00    0.06    0.82    3.27    2.77   -5.17   38.62
A-T     0.00    0.00    0.00    0.00    0.00    0.00    0.31    0.69    3.41    2.25   -7.31   40.94
A-T     0.00    0.00    0.00    0.00    0.00    0.00    0.43    0.09    3.27   -0.63   -3.39   38.18
A-T     0.00    0.00    0.00    0.00    0.00    0.00    0.28   -0.46    3.22   -0.87   -0.18   34.52
G-C     0.00    0.00    0.00    0.00    0.00    0.00    0.08   -0.48    3.41    1.72    0.58   32.92
T-A     0.00    0.00    0.00    0.00    0.00    0.00   -0.02   -0.28    3.53    2.39    3.68   31.75
G-C     0.00    0.00    0.00    0.00    0.00    0.00   -0.08   -0.41    3.38   -0.13    9.44   30.24
T-A     0.00    0.00    0.00    0.00    0.00    0.00   -0.10   -0.74    3.23   -1.66   11.37   30.88
A-T     0.00    0.00    0.00    0.00    0.00    0.00    0.01   -0.83    3.33   -0.25    6.98   34.09
T-A     0.00    0.00    0.00    0.00    0.00    0.00    0.13   -0.60    3.48    0.55    1.07   36.45
T-A     0.00    0.00    0.00    0.00    0.00    0.00    0.06   -0.24    3.41   -1.24   -3.30   36.43
T-A     0.00    0.00    0.00    0.00    0.00    0.00   -0.09    0.29    3.26   -2.13   -7.26   36.64
G-C     0.00    0.00    0.00    0.00    0.00    0.00   -0.09    1.00    3.26   -0.10   -8.77   38.25
G-C     0.00    0.00    0.00    0.00    0.00    0.00   -0.07    1.41    3.35    0.75   -3.61   38.30
A-T     0.00    0.00    0.00    0.00    0.00    0.00   -0.26    1.02    3.30   -2.42    4.89   35.12
A-T     0.00    0.00    0.00    0.00    0.00    0.00   -0.40    0.10    3.16   -4.95    8.18   31.67
A-T     0.00    0.00    0.00    0.00    0.00    0.00   -0.02   -0.50    3.16   -2.09    6.02   31.19
C-G     0.00    0.00    0.00    0.00    0.00    0.00    0.55   -0.39    3.32    2.25    6.04   33.17
T-A     0.00    0.00    0.00    0.00    0.00    0.00    0.51    0.04    3.46    1.55    8.70   35.68
G-C     0.00    0.00    0.00    0.00    0.00    0.00   -0.19    0.35    3.43   -2.25    5.85   38.04
C-G     0.00    0.00    0.00    0.00    0.00    0.00   -0.63    0.56    3.30   -2.21   -3.14   39.67
T-A     0.00    0.00    0.00    0.00    0.00    0.00   -0.31    0.81    3.20    1.65   -7.96   39.60
C-G     0.00    0.00    0.00    0.00    0.00    0.00    0.20    1.00    3.19    2.60   -4.29   38.37
C-G     0.00    0.00    0.00    0.00    0.00    0.00    0.31    0.88    3.23   -0.78   -0.27   37.46
A-T     0.00    0.00    0.00    0.00    0.00    0.00    0.23    0.45    3.28   -2.12   -0.88   36.60
T-A     0.00    0.00    0.00    0.00    0.00    0.00    0.36    0.03    3.36    1.77    0.73   34.73
C-G     0.00    0.00    0.00    0.00    0.00    0.00    0.44   -0.05    3.49    5.30    8.96   33.36
A-T     0.00    0.00    0.00    0.00    0.00    0.00    0.11    0.18    3.55    3.00   15.56   34.82
A-T     0.00    0.00    0.00    0.00    0.00    0.00   -0.35    0.36    3.43   -2.54   12.00   37.64
A-T     0.00    0.00    0.00    0.00    0.00    0.00   -0.47    0.26    3.24   -5.59    1.54   38.26
A-T     0.00    0.00    0.00    0.00    0.00    0.00   -0.33    0.07    3.25   -5.18   -8.39   36.80
G-C     0.00    0.00    0.00    0.00    0.00    0.00   -0.21    0.11    3.51   -3.76  -15.80   36.48
G-C     0.00    0.00    0.00    0.00    0.00    0.00   -0.07    0.31    3.75   -1.82  -19.09   37.44
C-G     0.00    0.00    0.00    0.00    0.00    0.00    0.20    0.37    3.77    1.38  -13.14   36.71
A-T     0.00    0.00    0.00    0.00    0.00    0.00    0.34    0.24    3.69    4.16    0.93   34.14
T-A     0.00    0.00    0.00    0.00    0.00    0.00    0.13    0.17    3.67    3.80   11.72   32.73
G-C     0.00    0.00    0.00    0.00    0.00    0.00   -0.11    0.21    3.60    1.02   11.66   32.93
T-A     0.00    0.00    0.00    0.00    0.00    0.00   -0.02    0.20    3.34   -0.56    6.87   32.49
T-A     0.00    0.00    0.00    0.00    0.00    0.00    0.20    0.20    3.15    0.68    5.37   32.20
C-G     0.00    0.00    0.00    0.00    0.00    0.00    0.13    0.49    3.32    2.39    4.72   35.14
A-T     0.00    0.00    0.00    0.00    0.00    0.00   -0.10    0.99    3.60    2.03   -0.19   39.78
G-C     0.00    0.00    0.00    0.00    0.00    0.00   -0.07    1.24    3.55    0.30   -5.69   40.65
C-G     0.00    0.00    0.00    0.00    0.00    0.00    0.23    1.08    3.23   -0.37   -5.23   37.21
T-A     0.00    0.00    0.00    0.00    0.00    0.00    0.36    0.89    3.12    0.19   -0.20   35.01
G-C     0.00    0.00    0.00    0.00    0.00    0.00    0.13    0.75    3.33   -0.29    3.81   36.09
A-T     0.00    0.00    0.00    0.00    0.00    0.00   -0.20    0.30    3.44   -2.41    5.95   35.81
A-T     0.00    0.00    0.00    0.00    0.00    0.00   -0.31   -0.48    3.26   -3.01    7.91   31.87
T-A     0.00    0.00    0.00    0.00    0.00    0.00   -0.14   -0.84    3.11    0.24    8.35   29.16
T-A     0.00    0.00    0.00    0.00    0.00    0.00    0.08   -0.24    3.25    4.10    6.06   31.60
C-G     0.00    0.00    0.00    0.00    0.00    0.00    0.13    0.70    3.41    3.38    3.49   35.88
A-T     0.00    0.00    0.00    0.00    0.00    0.00   -0.07    1.11    3.37   -1.23    1.70   37.58
G-C     0.00    0.00    0.00    0.00    0.00    0.00   -0.23    1.04    3.30   -3.59   -1.95   37.80
C-G     0.00    0.00    0.00    0.00    0.00    0.00   -0.09    1.07    3.41   -1.29   -6.51   38.99
T-A     0.00    0.00    0.00    0.00    0.00    0.00    0.17    1.23    3.51    1.01   -5.63   39.47
G-C     0.00    0.00    0.00    0.00    0.00    0.00    0.11    1.00    3.36   -0.27    1.99   37.08
A-T     0.00    0.00    0.00    0.00    0.00    0.00   -0.23    0.36    3.17   -1.85    8.49   33.88
A-T     0.00    0.00    0.00    0.00    0.00    0.00   -0.30   -0.11    3.23   -0.03    8.63   32.50
C-G     0.00    0.00    0.00    0.00    0.00    0.00    0.06   -0.18    3.42    2.34    7.06   31.84
A-T     0.00    0.00    0.00    0.00    0.00    0.00    0.34   -0.11    3.44    1.03    7.89   30.60
T-A     0.00    0.00    0.00    0.00    0.00    0.00    0.15   -0.04    3.33   -1.66    6.52   31.30
G-C     0.00    0.00    0.00    0.00    0.00    0.00   -0.17    0.29    3.38   -0.97   -0.83   35.88
C-G     0.00    0.00    0.00    0.00    0.00    0.00   -0.21    0.86    3.57    1.63   -8.37   40.96
C-G     0.00    0.00    0.00    0.00    0.00    0.00   -0.07    1.21    3.58    1.13   -9.35   41.88
T-A     0.00    0.00    0.00    0.00    0.00    0.00    0.01    1.03    3.36   -1.55   -5.36   38.88
T-A     0.00    0.00    0.00    0.00    0.00    0.00    0.10    0.58    3.20   -1.06    0.08   35.34
T-A     0.00    0.00    0.00    0.00    0.00    0.00    0.26    0.17    3.31    2.29    8.07   32.43
T-A     0.00    0.00    0.00    0.00    0.00    0.00    0.22   -0.20    3.49    2.45   17.07   29.50
G-C     0.00    0.00    0.00    0.00    0.00    0.00   -0.09   -0.56    3.48   -1.62   18.76   27.43
A-T     0.00    0.00    0.00    0.00    0.00    0.00   -0.25   -0.64    3.28   -3.63   10.26   27.77
T-A     0.00    0.00    0.00    0.00    0.00    0.00   -0.03   -0.26    3.14   -0.68    1.24   30.30
G-C     0.00    0.00    0.00    0.00    0.00    0.00    0.16    0.37    3.18    1.83   -0.17   33.86
G-C     0.00    0.00    0.00    0.00    0.00    0.00    0.00    0.81    3.31   -0.29    0.55   37.59
A-T     0.00    0.00    0.00    0.00    0.00    0.00   -0.09    0.86    3.34   -2.98   -3.75   39.86
G-C     0.00    0.00    0.00    0.00    0.00    0.00    0.25    0.63    3.28   -1.38   -7.66   38.77
C-G     0.00    0.00    0.00    0.00    0.00    0.00    0.49    0.36    3.29    1.78   -2.92   35.55
A-T     0.00    0.00    0.00    0.00    0.00    0.00   -0.03    0.10    3.44    1.20    6.03   33.93
G-C     0.00    0.00    0.00    0.00    0.00    0.00   -0.83   -0.18    3.54   -1.94    9.23   34.66
T-A     0.00    0.00    0.00    0.00    0.00    0.00   -0.91   -0.40    3.41   -2.48    7.18   34.52
T-A     0.00    0.00    0.00    0.00    0.00    0.00   -0.16   -0.29    3.19    0.16    6.83   32.47
T-A     0.00    0.00    0.00    0.00    0.00    0.00    0.49    0.29    3.10    1.87    7.40   31.93
C-G     0.00    0.00    0.00    0.00    0.00    0.00    0.47    1.02    3.16    1.17    3.23   34.79
C-G     0.00    0.00    0.00    0.00    0.00    0.00    0.10    1.30    3.23    0.70   -3.47   37.87
A-T     0.00    0.00    0.00    0.00    0.00    0.00   -0.14    0.97    3.28    1.54   -5.47   38.26
A-T     0.00    0.00    0.00    0.00    0.00    0.00   -0.23    0.42    3.38    1.17   -2.86   37.35
A-T     0.00    0.00    0.00    0.00    0.00    0.00   -0.27   -0.03    3.43   -1.74   -1.23   36.65
T-A     0.00    0.00    0.00    0.00    0.00    0.00   -0.20   -0.44    3.27   -4.33   -0.44   34.71
A-T     0.00    0.00    0.00    0.00    0.00    0.00   -0.01   -0.84    3.08   -3.41    3.46   31.56
C-G     0.00    0.00    0.00    0.00    0.00    0.00    0.13   -0.91    3.19    0.01    8.24   30.94
A-T     0.00    0.00    0.00    0.00    0.00    0.00    0.19   -0.51    3.52    2.11    8.26   34.07
C-G     0.00    0.00    0.00    0.00    0.00    0.00    0.25   -0.12    3.61    1.32    4.81   36.46
T-A     0.00    0.00    0.00    0.00    0.00    0.00    0.18   -0.13    3.34   -0.33    3.32   35.22
T-A     0.00    0.00    0.00    0.00    0.00    0.00   -0.18   -0.21    3.15   -0.75    2.92   34.09
T-A     0.00    0.00    0.00    0.00    0.00    0.00   -0.58    0.15    3.28   -0.87   -1.01   36.50
T-A     0.00    0.00    0.00    0.00    0.00    0.00   -0.61    0.70    3.40   -2.42   -6.13   38.75
G-C     0.00    0.00    0.00    0.00    0.00    0.00   -0.26    0.86    3.19   -4.01   -5.38   36.34
G-C     0.00    0.00    0.00    0.00    0.00    0.00    0.04    0.65    2.97   -2.60    1.72   31.97
T-A     0.00    0.00    0.00    0.00    0.00    0.00    0.02    0.47    3.11    1.09    8.95   30.89
A-T     0.00    0.00    0.00    0.00    0.00    0.00   -0.11    0.31    3.41    2.21   12.82   32.05
G-C     0.00    0.00    0.00    0.00    0.00    0.00   -0.09   -0.23    3.40   -1.27   13.68   31.11
A-T     0.00    0.00    0.00    0.00    0.00    0.00    0.08   -0.96    3.16   -4.88   10.41   28.89
A-T     0.00    0.00    0.00    0.00    0.00    0.00    0.22   -1.19    3.10   -4.12    2.61   29.83
T-A     0.00    0.00    0.00    0.00    0.00    0.00    0.15   -0.71    3.30   -1.02   -4.52   33.93
C-G     0.00    0.00    0.00    0.00    0.00    0.00   -0.17   -0.09    3.40   -0.03   -5.90   37.16
T-A     0.00    0.00    0.00    0.00    0.00    0.00   -0.45    0.35    3.27   -0.59   -4.24   38.26
G-C     0.00    0.00    0.00    0.00    0.00    0.00   -0.29    0.85    3.16    0.63   -4.18   39.00
C-G     0.00    0.00    0.00    0.00    0.00    0.00    0.18    1.44    3.18    2.36   -3.32   38.99
A-T     0.00    0.00    0.00    0.00    0.00    0.00    0.33    1.60    3.18    0.69    2.31   36.34
G-C     0.00    0.00    0.00    0.00    0.00    0.00   -0.07    1.02    3.14   -2.86    8.81   32.65
G-C     0.00    0.00    0.00    0.00    0.00    0.00   -0.40    0.21    3.23   -2.74   10.20   31.55
T-A     0.00    0.00    0.00    0.00    0.00    0.00   -0.14   -0.21    3.43    0.88    8.78   32.85
G-C     0.00    0.00    0.00    0.00    0.00    0.00    0.28   -0.27    3.49    1.61    9.47   33.27
G-C     0.00    0.00    0.00    0.00    0.00    0.00    0.15   -0.35    3.29   -2.21    9.03   32.36
A-T     0.00    0.00    0.00    0.00    0.00    0.00   -0.34   -0.45    3.12   -4.26    2.33   32.83
T-A     0.00    0.00    0.00    0.00    0.00    0.00   -0.47   -0.32    3.21   -0.94   -5.42   35.17
A-T     0.00    0.00    0.00    0.00    0.00    0.00   -0.14   -0.05    3.43    2.37   -5.14   36.79
T-A     0.00    0.00    0.00    0.00    0.00    0.00    0.11   -0.02    3.47    0.70    0.92   36.34
T-A     0.00    0.00    0.00    0.00    0.00    0.00    0.06   -0.29    3.32   -2.10    3.30   35.02
G-C     0.00    0.00    0.00    0.00    0.00    0.00    0.02   -0.53    3.18   -0.54    1.23   33.85
A-T     0.00    0.00    0.00    0.00    0.00    0.00    0.11   -0.47    3.22    2.69    1.54   33.02
T-A     0.00    0.00    0.00    0.00    0.00    0.00    0.06   -0.22    3.31    1.57    4.30   33.27
