 146 base-pairs
   0  ***local base-pair & step parameters***
       Shear  Stretch  Stagger Buckle Prop-Tw Opening   Shift  Slide    Rise    Tilt    Roll   Twist
A-T     0.00    0.00    0.00    0.00    0.00    0.00    0.00    0.00    0.00    0.00    0.00    0.00
T-A     0.00    0.00    0.00    0.00    0.00    0.00    0.00    0.04    3.30   -2.04    1.96   35.24
C-G     0.00    0.00    0.00    0.00    0.00    0.00    0.06   -0.06    3.10   -3.62    1.20   34.86
A-T     0.00    0.00    0.00    0.00    0.00    0.00    0.07   -0.21    3.08   -0.96    1.15   34.90
A-T     0.00    0.00    0.00    0.00    0.00    0.00   -0.05   -0.17    3.29    1.96    1.03   36.46
T-A     0.00    0.00    0.00    0.00    0.00    0.00   -0.13   -0.11    3.43    1.64   -0.59   37.88
A-T     0.00    0.00    0.00    0.00    0.00    0.00    0.04   -0.20    3.33    0.13   -2.86   37.13
T-A     0.00    0.00    0.00    0.00    0.00    0.00    0.33   -0.31    3.20    0.60   -2.75   34.65
C-G     0.00    0.00    0.00    0.00    0.00    0.00    0.36   -0.28    3.26    1.80    0.91   32.33
C-G     0.00    0.00    0.00    0.00    0.00    0.00   -0.02   -0.20    3.39    0.85    5.58   30.96
A-T     0.00    0.00    0.00    0.00    0.00    0.00   -0.38   -0.23    3.38   -1.25    8.32   30.27
C-G     0.00    0.00    0.00    0.00    0.00    0.00   -0.30   -0.21    3.30   -1.44    9.01   30.60
C-G     0.00    0.00    0.00    0.00    0.00    0.00    0.03    0.08    3.35   -0.31    8.68   32.63
T-A     0.00    0.00    0.00    0.00    0.00    0.00    0.10    0.49    3.48   -1.03    6.39   35.53
G-C     0.00    0.00    0.00    0.00    0.00    0.00   -0.14    0.67    3.48   -3.05    0.83   37.51
C-G     0.00    0.00    0.00    0.00    0.00    0.00   -0.23    0.57    3.33   -2.30   -5.95   38.14
A-T     0.00    0.00    0.00    0.00    0.00    0.00    0.09    0.50    3.24    1.82   -9.43   38.62
G-C     0.00    0.00    0.00    0.00    0.00    0.00    0.43    0.51    3.26    4.39   -7.99   39.07
A-T     0.00    0.00    0.00    0.00    0.00    0.00    0.33    0.23    3.24    2.55   -4.44   37.78
T-A     0.00    0.00    0.00    0.00    0.00    0.00   -0.06   -0.49    3.14    0.22   -1.30   34.00
T-A     0.00    0.00    0.00    0.00    0.00    0.00   -0.22   -1.10    3.14    1.75    2.63   29.96
C-G     0.00    0.00    0.00    0.00    0.00    0.00    0.02   -0.99    3.33    4.64    8.94   28.41
T-A     0.00    0.00    0.00    0.00    0.00    0.00    0.32   -0.27    3.47    3.47   14.90   29.24
A-T     0.00    0.00    0.00    0.00    0.00    0.00    0.34    0.39    3.32   -1.04   15.46   30.41
C-G     0.00    0.00    0.00    0.00    0.00    0.00    0.18    0.67    3.05   -2.81    9.48   31.52
C-G     0.00    0.00    0.00    0.00    0.00    0.00    0.10    0.75    3.02    0.15    1.35   34.04
A-T     0.00    0.00    0.00    0.00    0.00    0.00    0.16    0.80    3.23    2.92   -4.02   37.88
A-T     0.00    0.00    0.00    0.00    0.00    0.00    0.26    0.62    3.37    1.65   -5.50   40.22
A-T     0.00    0.00    0.00    0.00    0.00    0.00    0.33    0.10    3.30   -0.79   -4.50   38.90
A-T     0.00    0.00    0.00    0.00    0.00    0.00    0.33   -0.39    3.25   -0.27   -2.01   35.24
G-C     0.00    0.00    0.00    0.00    0.00    0.00    0.18   -0.49    3.37    1.89    1.65   32.21
T-A     0.00    0.00    0.00    0.00    0.00    0.00   -0.06   -0.36    3.50    1.80    5.54   31.01
G-C     0.00    0.00    0.00    0.00    0.00    0.00   -0.18   -0.39    3.42   -0.31    8.41   30.93
T-A     0.00    0.00    0.00    0.00    0.00    0.00   -0.06   -0.67    3.27   -1.07    9.49   31.64
A-T     0.00    0.00    0.00    0.00    0.00    0.00    0.10   -0.84    3.29   -0.05    7.97   33.41
T-A     0.00    0.00    0.00    0.00    0.00    0.00    0.09   -0.68    3.44   -0.03    2.97   35.67
T-A     0.00    0.00    0.00    0.00    0.00    0.00   -0.04   -0.23    3.44   -1.45   -4.25   37.09
T-A     0.00    0.00    0.00    0.00    0.00    0.00   -0.06    0.36    3.29   -1.55   -9.18   37.43
G-C     0.00    0.00    0.00    0.00    0.00    0.00    0.01    0.99    3.23    0.13   -7.87   37.60
G-C     0.00    0.00    0.00    0.00    0.00    0.00   -0.10    1.34    3.31    0.18   -1.67   37.50
A-T     0.00    0.00    0.00    0.00    0.00    0.00   -0.36    1.03    3.34   -2.65    4.03   35.75
A-T     0.00    0.00    0.00    0.00    0.00    0.00   -0.37    0.18    3.20   -4.38    6.22   32.49
A-T     0.00    0.00    0.00    0.00    0.00    0.00    0.08   -0.50    3.13   -1.84    6.84   30.58
C-G     0.00    0.00    0.00    0.00    0.00    0.00    0.52   -0.47    3.29    1.69    8.02   32.34
T-A     0.00    0.00    0.00    0.00    0.00    0.00    0.41    0.04    3.49    1.29    7.92   36.28
G-C     0.00    0.00    0.00    0.00    0.00    0.00   -0.16    0.42    3.47   -1.70    3.85   38.88
C-G     0.00    0.00    0.00    0.00    0.00    0.00   -0.53    0.55    3.27   -1.93   -2.40   39.09
T-A     0.00    0.00    0.00    0.00    0.00    0.00   -0.33    0.74    3.16    1.10   -5.96   38.75
C-G     0.00    0.00    0.00    0.00    0.00    0.00    0.10    1.01    3.22    2.31   -4.98   38.92
C-G     0.00    0.00    0.00    0.00    0.00    0.00    0.33    0.96    3.27   -0.24   -2.30   38.33
A-T     0.00    0.00    0.00    0.00    0.00    0.00    0.34    0.45    3.25   -1.82   -0.23   36.06
T-A     0.00    0.00    0.00    0.00    0.00    0.00    0.34   -0.05    3.32    1.23    2.77   33.85
C-G     0.00    0.00    0.00    0.00    0.00    0.00    0.33   -0.05    3.52    4.99    8.36   33.88
A-T     0.00    0.00    0.00    0.00    0.00    0.00    0.13    0.25    3.59    3.53   13.51   35.71
A-T     0.00    0.00    0.00    0.00    0.00    0.00   -0.25    0.36    3.40   -2.22   12.56   37.15
A-T     0.00    0.00    0.00    0.00    0.00    0.00   -0.49    0.18    3.20   -6.12    3.60   37.36
A-T     0.00    0.00    0.00    0.00    0.00    0.00   -0.43    0.07    3.27   -5.52   -8.90   37.28
G-C     0.00    0.00    0.00    0.00    0.00    0.00   -0.19    0.18    3.55   -3.24  -17.88   37.39
G-C     0.00    0.00    0.00    0.00    0.00    0.00    0.03    0.32    3.73   -1.48  -18.62   36.98
C-G     0.00    0.00    0.00    0.00    0.00    0.00    0.19    0.29    3.72    0.87  -11.05   35.79
A-T     0.00    0.00    0.00    0.00    0.00    0.00    0.23    0.23    3.71    3.80    0.51   34.58
T-A     0.00    0.00    0.00    0.00    0.00    0.00    0.14    0.24    3.72    4.31    9.63   33.66
G-C     0.00    0.00    0.00    0.00    0.00    0.00    0.00    0.22    3.58    1.38   12.04   32.51
T-A     0.00    0.00    0.00    0.00    0.00    0.00   -0.03    0.12    3.29   -1.05    8.97   31.55
T-A     0.00    0.00    0.00    0.00    0.00    0.00    0.09    0.19    3.17    0.30    5.03   32.60
C-G     0.00    0.00    0.00    0.00    0.00    0.00    0.14    0.57    3.36    2.88    2.61   36.09
A-T     0.00    0.00    0.00    0.00    0.00    0.00    0.00    1.01    3.58    2.42    0.09   39.40
G-C     0.00    0.00    0.00    0.00    0.00    0.00   -0.07    1.16    3.51   -0.17   -3.58   39.69
C-G     0.00    0.00    0.00    0.00    0.00    0.00    0.13    1.07    3.25   -0.77   -5.47   37.57
T-A     0.00    0.00    0.00    0.00    0.00    0.00    0.36    0.96    3.17    0.66   -2.32   35.97
G-C     0.00    0.00    0.00    0.00    0.00    0.00    0.23    0.77    3.31    0.11    4.01   35.76
A-T     0.00    0.00    0.00    0.00    0.00    0.00   -0.20    0.23    3.40   -2.87    8.07   34.84
A-T     0.00    0.00    0.00    0.00    0.00    0.00   -0.41   -0.50    3.28   -3.43    7.76   32.19
T-A     0.00    0.00    0.00    0.00    0.00    0.00   -0.15   -0.76    3.16    0.69    6.22   30.13
T-A     0.00    0.00    0.00    0.00    0.00    0.00    0.19   -0.22    3.23    4.52    6.17   31.31
C-G     0.00    0.00    0.00    0.00    0.00    0.00    0.13    0.62    3.37    2.94    5.62   34.90
A-T     0.00    0.00    0.00    0.00    0.00    0.00   -0.17    1.09    3.38   -1.67    1.64   37.85
G-C     0.00    0.00    0.00    0.00    0.00    0.00   -0.24    1.11    3.34   -3.16   -4.08   38.79
C-G     0.00    0.00    0.00    0.00    0.00    0.00    0.02    1.10    3.40   -0.85   -6.50   38.74
T-A     0.00    0.00    0.00    0.00    0.00    0.00    0.18    1.15    3.46    0.59   -3.50   38.47
G-C     0.00    0.00    0.00    0.00    0.00    0.00    0.00    0.97    3.38   -0.72    2.03   37.31
A-T     0.00    0.00    0.00    0.00    0.00    0.00   -0.24    0.44    3.22   -1.44    6.36   34.88
A-T     0.00    0.00    0.00    0.00    0.00    0.00   -0.20   -0.08    3.21    0.43    8.55   32.29
C-G     0.00    0.00    0.00    0.00    0.00    0.00    0.07   -0.25    3.37    1.94    9.19   30.83
A-T     0.00    0.00    0.00    0.00    0.00    0.00    0.23   -0.14    3.45    0.56    8.02   30.79
T-A     0.00    0.00    0.00    0.00    0.00    0.00    0.14    0.03    3.38   -1.27    4.40   32.30
G-C     0.00    0.00    0.00    0.00    0.00    0.00   -0.06    0.32    3.37   -0.49   -1.01   35.71
C-G     0.00    0.00    0.00    0.00    0.00    0.00   -0.19    0.79    3.52    1.25   -6.25   39.95
C-G     0.00    0.00    0.00    0.00    0.00    0.00   -0.17    1.18    3.59    0.65   -9.13   42.02
T-A     0.00    0.00    0.00    0.00    0.00    0.00   -0.01    1.10    3.41   -1.18   -7.47   39.90
T-A     0.00    0.00    0.00    0.00    0.00    0.00    0.20    0.62    3.20   -0.56   -0.18   35.22
T-A     0.00    0.00    0.00    0.00    0.00    0.00    0.28    0.10    3.26    1.93   10.18   31.41
T-A     0.00    0.00    0.00    0.00    0.00    0.00    0.12   -0.24    3.50    1.95   17.38   29.60
G-C     0.00    0.00    0.00    0.00    0.00    0.00   -0.11   -0.49    3.53   -1.27   16.66   28.45
A-T     0.00    0.00    0.00    0.00    0.00    0.00   -0.15   -0.60    3.28   -3.12    9.90   27.69
T-A     0.00    0.00    0.00    0.00    0.00    0.00    0.00   -0.32    3.09   -1.02    3.33   29.28
G-C     0.00    0.00    0.00    0.00    0.00    0.00    0.06    0.33    3.19    1.31    0.23   33.91
G-C     0.00    0.00    0.00    0.00    0.00    0.00   -0.03    0.88    3.36    0.04   -1.54   38.61
A-T     0.00    0.00    0.00    0.00    0.00    0.00    0.01    0.90    3.33   -2.46   -4.20   39.82
G-C     0.00    0.00    0.00    0.00    0.00    0.00    0.29    0.57    3.23   -1.70   -5.58   37.75
C-G     0.00    0.00    0.00    0.00    0.00    0.00    0.39    0.32    3.29    1.25   -2.43   35.56
A-T     0.00    0.00    0.00    0.00    0.00    0.00   -0.06    0.16    3.49    1.51    3.96   34.95
G-C     0.00    0.00    0.00    0.00    0.00    0.00   -0.74   -0.13    3.53   -1.41    8.70   34.67
T-A     0.00    0.00    0.00    0.00    0.00    0.00   -0.87   -0.46    3.36   -2.77    9.24   33.50
T-A     0.00    0.00    0.00    0.00    0.00    0.00   -0.26   -0.34    3.19   -0.38    7.41   32.43
T-A     0.00    0.00    0.00    0.00    0.00    0.00    0.45    0.35    3.15    2.15    5.36   32.95
C-G     0.00    0.00    0.00    0.00    0.00    0.00    0.57    1.06    3.16    1.72    2.60   34.85
C-G     0.00    0.00    0.00    0.00    0.00    0.00    0.14    1.24    3.18    0.43   -1.44   36.85
A-T     0.00    0.00    0.00    0.00    0.00    0.00   -0.23    0.92    3.28    0.98   -4.80   38.18
A-T     0.00    0.00    0.00    0.00    0.00    0.00   -0.27    0.48    3.43    1.42   -4.88   38.37
A-T     0.00    0.00    0.00    0.00    0.00    0.00   -0.18    0.02    3.43   -1.18   -1.94   36.75
T-A     0.00    0.00    0.00    0.00    0.00    0.00   -0.16   -0.50    3.22   -4.58    1.56   33.70
A-T     0.00    0.00    0.00    0.00    0.00    0.00   -0.11   -0.89    3.07   -3.98    4.21   31.44
C-G     0.00    0.00    0.00    0.00    0.00    0.00    0.08   -0.85    3.24    0.24    6.25   31.95
A-T     0.00    0.00    0.00    0.00    0.00    0.00    0.28   -0.46    3.53    2.69    7.46   34.21
C-G     0.00    0.00    0.00    0.00    0.00    0.00    0.30   -0.18    3.56    1.10    6.77   35.45
T-A     0.00    0.00    0.00    0.00    0.00    0.00    0.08   -0.18    3.34   -0.90    4.16   35.05
T-A     0.00    0.00    0.00    0.00    0.00    0.00   -0.23   -0.15    3.20   -0.54    0.97   35.10
T-A     0.00    0.00    0.00    0.00    0.00    0.00   -0.49    0.20    3.29   -0.29   -1.89   36.69
T-A     0.00    0.00    0.00    0.00    0.00    0.00   -0.55    0.64    3.35   -2.61   -4.20   37.75
G-C     0.00    0.00    0.00    0.00    0.00    0.00   -0.35    0.81    3.18   -4.59   -4.46   36.13
G-C     0.00    0.00    0.00    0.00    0.00    0.00   -0.02    0.70    3.02   -2.41   -0.19   32.97
T-A     0.00    0.00    0.00    0.00    0.00    0.00    0.11    0.53    3.12    1.68    7.98   31.12
A-T     0.00    0.00    0.00    0.00    0.00    0.00   -0.05    0.25    3.36    2.04   14.71   31.06
G-C     0.00    0.00    0.00    0.00    0.00    0.00   -0.18   -0.29    3.39   -1.86   14.69   30.86
A-T     0.00    0.00    0.00    0.00    0.00    0.00    0.02   -0.91    3.21   -4.72    8.55   29.88
A-T     0.00    0.00    0.00    0.00    0.00    0.00    0.31   -1.13    3.11   -3.52    1.56   30.10
T-A     0.00    0.00    0.00    0.00    0.00    0.00    0.21   -0.76    3.25   -1.17   -2.67   32.95
C-G     0.00    0.00    0.00    0.00    0.00    0.00   -0.26   -0.15    3.38   -0.63   -4.81   36.87
T-A     0.00    0.00    0.00    0.00    0.00    0.00   -0.51    0.40    3.32   -0.46   -6.06   39.24
G-C     0.00    0.00    0.00    0.00    0.00    0.00   -0.21    0.91    3.17    1.23   -5.31   39.32
C-G     0.00    0.00    0.00    0.00    0.00    0.00    0.24    1.40    3.13    2.24   -1.52   38.02
A-T     0.00    0.00    0.00    0.00    0.00    0.00    0.25    1.54    3.17    0.09    3.48   36.00
G-C     0.00    0.00    0.00    0.00    0.00    0.00   -0.13    1.07    3.19   -2.76    7.04   33.61
G-C     0.00    0.00    0.00    0.00    0.00    0.00   -0.32    0.27    3.24   -2.14    8.99   31.90
T-A     0.00    0.00    0.00    0.00    0.00    0.00   -0.07   -0.25    3.38    0.78   10.53   31.90
G-C     0.00    0.00    0.00    0.00    0.00    0.00    0.20   -0.33    3.47    1.00   10.72   32.89
G-C     0.00    0.00    0.00    0.00    0.00    0.00    0.08   -0.31    3.34   -2.13    7.32   33.31
A-T     0.00    0.00    0.00    0.00    0.00    0.00   -0.26   -0.39    3.14   -3.65    1.05   33.23
T-A     0.00    0.00    0.00    0.00    0.00    0.00   -0.40   -0.36    3.17   -1.00   -3.73   34.23
A-T     0.00    0.00    0.00    0.00    0.00    0.00   -0.22   -0.12    3.41    1.76   -3.82   36.37
T-A     0.00    0.00    0.00    0.00    0.00    0.00    0.03    0.02    3.52    0.75   -0.74   37.27
T-A     0.00    0.00    0.00    0.00    0.00    0.00    0.13   -0.23    3.33   -1.48    1.94   35.46
G-C     0.00    0.00    0.00    0.00    0.00    0.00    0.10   -0.57    3.14   -0.57    2.86   32.93
A-T     0.00    0.00    0.00    0.00    0.00    0.00    0.03   -0.54    3.19    2.08    2.93   32.56
T-A     0.00    0.00    0.00    0.00    0.00    0.00   -0.01   -0.18    3.35    1.59    2.70   34.18
