 146 base-pairs
   0  ***local base-pair & step parameters***
       Shear  Stretch  Stagger Buckle Prop-Tw Opening   Shift  Slide    Rise    Tilt    Roll   Twist
A-T     0.00    0.00    0.00    0.00    0.00    0.00    0.00    0.00    0.00    0.00    0.00    0.00
T-A     0.00    0.00    0.00    0.00    0.00    0.00   -0.05   -0.11    3.27   -0.71    4.37   34.80
C-G     0.00    0.00    0.00    0.00    0.00    0.00   -0.11   -0.08    3.22   -2.06    2.82   35.49
A-T     0.00    0.00    0.00    0.00    0.00    0.00   -0.12   -0.17    3.18   -2.19    0.35   35.65
A-T     0.00    0.00    0.00    0.00    0.00    0.00   -0.08   -0.28    3.22   -0.94   -1.62   36.00
T-A     0.00    0.00    0.00    0.00    0.00    0.00    0.00   -0.32    3.32    0.60   -2.32   36.66
A-T     0.00    0.00    0.00    0.00    0.00    0.00    0.10   -0.30    3.41    1.32   -2.09   36.74
T-A     0.00    0.00    0.00    0.00    0.00    0.00    0.15   -0.28    3.40    1.14   -1.33   35.30
C-G     0.00    0.00    0.00    0.00    0.00    0.00    0.11   -0.28    3.32    0.75    0.23   32.67
C-G     0.00    0.00    0.00    0.00    0.00    0.00   -0.03   -0.24    3.25    0.53    3.16   30.42
A-T     0.00    0.00    0.00    0.00    0.00    0.00   -0.18   -0.16    3.27    0.14    6.96   29.93
C-G     0.00    0.00    0.00    0.00    0.00    0.00   -0.24   -0.03    3.35   -0.80    9.68   31.23
C-G     0.00    0.00    0.00    0.00    0.00    0.00   -0.15    0.14    3.43   -1.90    9.28   33.21
T-A     0.00    0.00    0.00    0.00    0.00    0.00    0.01    0.35    3.43   -2.11    5.41   34.99
G-C     0.00    0.00    0.00    0.00    0.00    0.00    0.11    0.61    3.38   -0.94   -0.13   36.64
C-G     0.00    0.00    0.00    0.00    0.00    0.00    0.13    0.85    3.32    0.88   -4.85   38.46
A-T     0.00    0.00    0.00    0.00    0.00    0.00    0.12    0.88    3.26    2.08   -7.29   39.93
G-C     0.00    0.00    0.00    0.00    0.00    0.00    0.13    0.57    3.21    2.14   -7.36   39.78
A-T     0.00    0.00    0.00    0.00    0.00    0.00    0.17   -0.04    3.16    1.82   -5.38   37.28
T-A     0.00    0.00    0.00    0.00    0.00    0.00    0.19   -0.68    3.15    2.06   -1.31   33.35
T-A     0.00    0.00    0.00    0.00    0.00    0.00    0.15   -0.99    3.23    2.83    4.60   29.96
C-G     0.00    0.00    0.00    0.00    0.00    0.00    0.08   -0.84    3.34    3.05   10.80   28.57
T-A     0.00    0.00    0.00    0.00    0.00    0.00    0.04   -0.34    3.39    1.91   14.63   29.07
A-T     0.00    0.00    0.00    0.00    0.00    0.00    0.06    0.22    3.33   -0.06   13.98   30.47
C-G     0.00    0.00    0.00    0.00    0.00    0.00    0.13    0.60    3.20   -1.42    9.06   32.15
C-G     0.00    0.00    0.00    0.00    0.00    0.00    0.18    0.73    3.11   -1.28    2.30   34.28
A-T     0.00    0.00    0.00    0.00    0.00    0.00    0.21    0.63    3.14   -0.10   -3.39   36.85
A-T     0.00    0.00    0.00    0.00    0.00    0.00    0.23    0.40    3.27    0.91   -6.33   38.86
A-T     0.00    0.00    0.00    0.00    0.00    0.00    0.23    0.10    3.40    1.11   -6.32   38.86
A-T     0.00    0.00    0.00    0.00    0.00    0.00    0.19   -0.17    3.43    0.90   -3.79   36.44
G-C     0.00    0.00    0.00    0.00    0.00    0.00    0.08   -0.36    3.39    0.85    0.69   32.94
T-A     0.00    0.00    0.00    0.00    0.00    0.00   -0.04   -0.45    3.34    0.92    5.96   30.49
G-C     0.00    0.00    0.00    0.00    0.00    0.00   -0.09   -0.52    3.33    0.59    9.83   30.26
T-A     0.00    0.00    0.00    0.00    0.00    0.00   -0.01   -0.62    3.34   -0.20   10.11   31.73
A-T     0.00    0.00    0.00    0.00    0.00    0.00    0.12   -0.68    3.34   -0.75    6.30   33.69
T-A     0.00    0.00    0.00    0.00    0.00    0.00    0.20   -0.54    3.34   -0.36    0.42   35.45
T-A     0.00    0.00    0.00    0.00    0.00    0.00    0.13   -0.11    3.34    0.60   -4.35   37.08
T-A     0.00    0.00    0.00    0.00    0.00    0.00   -0.04    0.52    3.35    0.91   -5.89   38.44
G-C     0.00    0.00    0.00    0.00    0.00    0.00   -0.18    1.04    3.32   -0.25   -4.37   38.72
G-C     0.00    0.00    0.00    0.00    0.00    0.00   -0.20    1.17    3.25   -2.20   -1.34   37.14
A-T     0.00    0.00    0.00    0.00    0.00    0.00   -0.10    0.83    3.17   -3.32    1.99   34.24
A-T     0.00    0.00    0.00    0.00    0.00    0.00    0.02    0.24    3.17   -2.66    5.28   31.82
A-T     0.00    0.00    0.00    0.00    0.00    0.00    0.09   -0.25    3.27   -0.93    8.21   31.58
C-G     0.00    0.00    0.00    0.00    0.00    0.00    0.10   -0.43    3.42    0.28    9.65   33.54
T-A     0.00    0.00    0.00    0.00    0.00    0.00    0.03   -0.27    3.48    0.09    8.18   36.19
G-C     0.00    0.00    0.00    0.00    0.00    0.00   -0.08    0.11    3.42   -0.92    3.66   37.96
C-G     0.00    0.00    0.00    0.00    0.00    0.00   -0.20    0.54    3.28   -1.53   -2.09   38.56
T-A     0.00    0.00    0.00    0.00    0.00    0.00   -0.26    0.87    3.19   -1.19   -6.37   38.64
C-G     0.00    0.00    0.00    0.00    0.00    0.00   -0.18    0.96    3.21   -0.28   -7.37   38.62
C-G     0.00    0.00    0.00    0.00    0.00    0.00    0.05    0.79    3.30    0.62   -5.03   38.09
A-T     0.00    0.00    0.00    0.00    0.00    0.00    0.33    0.44    3.38    1.42   -0.43   36.60
T-A     0.00    0.00    0.00    0.00    0.00    0.00    0.46    0.12    3.40    2.21    5.06   34.69
C-G     0.00    0.00    0.00    0.00    0.00    0.00    0.36    0.02    3.40    2.54    9.91   33.74
A-T     0.00    0.00    0.00    0.00    0.00    0.00    0.08    0.14    3.38    1.57   12.04   34.60
A-T     0.00    0.00    0.00    0.00    0.00    0.00   -0.21    0.33    3.37   -0.93    9.45   36.59
A-T     0.00    0.00    0.00    0.00    0.00    0.00   -0.36    0.41    3.35   -3.74    1.90   38.15
A-T     0.00    0.00    0.00    0.00    0.00    0.00   -0.33    0.34    3.36   -4.94   -7.86   38.31
G-C     0.00    0.00    0.00    0.00    0.00    0.00   -0.17    0.23    3.43   -3.56  -15.06   37.48
G-C     0.00    0.00    0.00    0.00    0.00    0.00    0.02    0.22    3.58   -0.55  -15.90   36.62
C-G     0.00    0.00    0.00    0.00    0.00    0.00    0.19    0.29    3.73    2.02  -10.07   35.99
A-T     0.00    0.00    0.00    0.00    0.00    0.00    0.28    0.33    3.77    2.83   -0.83   34.99
T-A     0.00    0.00    0.00    0.00    0.00    0.00    0.27    0.25    3.67    2.24    7.47   33.31
G-C     0.00    0.00    0.00    0.00    0.00    0.00    0.15    0.12    3.50    1.47   11.91   31.76
T-A     0.00    0.00    0.00    0.00    0.00    0.00   -0.03    0.07    3.37    1.23   11.88   31.73
T-A     0.00    0.00    0.00    0.00    0.00    0.00   -0.15    0.20    3.35    1.19    8.30   33.67
C-G     0.00    0.00    0.00    0.00    0.00    0.00   -0.12    0.48    3.40    0.79    2.76   36.44
A-T     0.00    0.00    0.00    0.00    0.00    0.00    0.03    0.80    3.43    0.14   -2.75   38.32
G-C     0.00    0.00    0.00    0.00    0.00    0.00    0.17    1.04    3.41   -0.23   -5.99   38.55
C-G     0.00    0.00    0.00    0.00    0.00    0.00    0.19    1.13    3.38   -0.14   -5.45   37.72
T-A     0.00    0.00    0.00    0.00    0.00    0.00    0.08    0.99    3.36   -0.17   -1.50   36.75
G-C     0.00    0.00    0.00    0.00    0.00    0.00   -0.07    0.62    3.34   -0.81    3.52   35.73
A-T     0.00    0.00    0.00    0.00    0.00    0.00   -0.15    0.10    3.29   -1.63    6.91   34.16
A-T     0.00    0.00    0.00    0.00    0.00    0.00   -0.15   -0.36    3.22   -1.54    7.59   32.13
T-A     0.00    0.00    0.00    0.00    0.00    0.00   -0.09   -0.49    3.17   -0.05    6.48   30.80
T-A     0.00    0.00    0.00    0.00    0.00    0.00   -0.03   -0.18    3.21    1.89    5.01   31.50
C-G     0.00    0.00    0.00    0.00    0.00    0.00    0.02    0.44    3.31    2.67    3.54   34.25
A-T     0.00    0.00    0.00    0.00    0.00    0.00    0.07    1.05    3.40    1.60    1.41   37.50
G-C     0.00    0.00    0.00    0.00    0.00    0.00    0.09    1.40    3.41   -0.38   -1.51   39.48
C-G     0.00    0.00    0.00    0.00    0.00    0.00    0.04    1.40    3.35   -1.64   -3.81   39.59
T-A     0.00    0.00    0.00    0.00    0.00    0.00   -0.04    1.15    3.30   -1.42   -3.45   38.49
G-C     0.00    0.00    0.00    0.00    0.00    0.00   -0.10    0.79    3.30   -0.41    0.31   36.92
A-T     0.00    0.00    0.00    0.00    0.00    0.00   -0.06    0.39    3.32    0.30    5.85   34.98
A-T     0.00    0.00    0.00    0.00    0.00    0.00    0.05    0.01    3.33    0.35   10.27   32.59
C-G     0.00    0.00    0.00    0.00    0.00    0.00    0.13   -0.25    3.32    0.23   11.41   30.49
A-T     0.00    0.00    0.00    0.00    0.00    0.00    0.09   -0.28    3.35    0.33    8.94   30.19
T-A     0.00    0.00    0.00    0.00    0.00    0.00   -0.06   -0.04    3.43    0.31    3.92   32.57
G-C     0.00    0.00    0.00    0.00    0.00    0.00   -0.19    0.36    3.52   -0.31   -2.06   36.65
C-G     0.00    0.00    0.00    0.00    0.00    0.00   -0.21    0.74    3.55   -1.24   -7.20   40.05
C-G     0.00    0.00    0.00    0.00    0.00    0.00   -0.10    0.93    3.48   -1.53   -9.40   40.82
T-A     0.00    0.00    0.00    0.00    0.00    0.00    0.03    0.89    3.39   -0.56   -6.94   38.84
T-A     0.00    0.00    0.00    0.00    0.00    0.00    0.10    0.65    3.35    0.97    0.03   35.50
T-A     0.00    0.00    0.00    0.00    0.00    0.00    0.10    0.26    3.38    1.65    8.71   32.25
T-A     0.00    0.00    0.00    0.00    0.00    0.00    0.04   -0.17    3.42    0.76   14.88   29.67
G-C     0.00    0.00    0.00    0.00    0.00    0.00   -0.02   -0.52    3.38   -0.89   15.65   27.99
A-T     0.00    0.00    0.00    0.00    0.00    0.00   -0.07   -0.59    3.29   -1.78   11.33   27.78
T-A     0.00    0.00    0.00    0.00    0.00    0.00   -0.06   -0.27    3.20   -1.25    4.84   29.77
G-C     0.00    0.00    0.00    0.00    0.00    0.00    0.02    0.33    3.17   -0.03   -0.68   33.69
G-C     0.00    0.00    0.00    0.00    0.00    0.00    0.17    0.90    3.21    0.66   -3.74   37.79
A-T     0.00    0.00    0.00    0.00    0.00    0.00    0.30    1.12    3.26    0.44   -4.41   39.90
G-C     0.00    0.00    0.00    0.00    0.00    0.00    0.30    0.89    3.30   -0.09   -3.15   39.17
C-G     0.00    0.00    0.00    0.00    0.00    0.00    0.10    0.38    3.35   -0.29   -0.14   36.71
A-T     0.00    0.00    0.00    0.00    0.00    0.00   -0.22   -0.12    3.40   -0.29    4.10   34.43
G-C     0.00    0.00    0.00    0.00    0.00    0.00   -0.44   -0.39    3.43   -0.56    8.06   33.33
T-A     0.00    0.00    0.00    0.00    0.00    0.00   -0.44   -0.35    3.39   -1.04    9.86   33.11
T-A     0.00    0.00    0.00    0.00    0.00    0.00   -0.22   -0.07    3.27   -0.96    8.66   33.14
T-A     0.00    0.00    0.00    0.00    0.00    0.00    0.06    0.36    3.17    0.17    5.36   33.54
C-G     0.00    0.00    0.00    0.00    0.00    0.00    0.21    0.78    3.16    1.67    1.68   34.80
C-G     0.00    0.00    0.00    0.00    0.00    0.00    0.17    1.01    3.25    2.09   -1.24   36.74
A-T     0.00    0.00    0.00    0.00    0.00    0.00    0.00    0.91    3.35    0.67   -3.29   38.12
A-T     0.00    0.00    0.00    0.00    0.00    0.00   -0.20    0.47    3.38   -1.70   -4.50   37.74
A-T     0.00    0.00    0.00    0.00    0.00    0.00   -0.33   -0.12    3.33   -3.25   -4.19   35.70
T-A     0.00    0.00    0.00    0.00    0.00    0.00   -0.33   -0.57    3.27   -2.94   -1.52   33.50
A-T     0.00    0.00    0.00    0.00    0.00    0.00   -0.19   -0.75    3.27   -1.37    3.08   32.55
C-G     0.00    0.00    0.00    0.00    0.00    0.00    0.06   -0.69    3.32    0.11    7.44   32.97
A-T     0.00    0.00    0.00    0.00    0.00    0.00    0.29   -0.52    3.37    0.70    9.02   33.78
C-G     0.00    0.00    0.00    0.00    0.00    0.00    0.35   -0.35    3.38    0.66    6.95   34.27
T-A     0.00    0.00    0.00    0.00    0.00    0.00    0.17   -0.15    3.35    0.50    2.71   34.74
T-A     0.00    0.00    0.00    0.00    0.00    0.00   -0.16    0.11    3.32    0.20   -1.20   35.82
T-A     0.00    0.00    0.00    0.00    0.00    0.00   -0.43    0.42    3.29   -0.61   -3.13   37.23
T-A     0.00    0.00    0.00    0.00    0.00    0.00   -0.49    0.69    3.23   -1.76   -2.88   37.74
G-C     0.00    0.00    0.00    0.00    0.00    0.00   -0.33    0.80    3.14   -2.37   -0.82   36.40
G-C     0.00    0.00    0.00    0.00    0.00    0.00   -0.08    0.73    3.09   -1.77    2.79   33.67
T-A     0.00    0.00    0.00    0.00    0.00    0.00    0.09    0.52    3.11   -0.44    7.50   31.13
A-T     0.00    0.00    0.00    0.00    0.00    0.00    0.13    0.16    3.22    0.20   11.81   29.98
G-C     0.00    0.00    0.00    0.00    0.00    0.00    0.09   -0.30    3.33   -0.75   13.41   30.10
A-T     0.00    0.00    0.00    0.00    0.00    0.00    0.02   -0.80    3.36   -2.63   10.80   30.68
A-T     0.00    0.00    0.00    0.00    0.00    0.00   -0.05   -1.10    3.31   -3.77    4.77   31.46
T-A     0.00    0.00    0.00    0.00    0.00    0.00   -0.12   -1.00    3.25   -3.19   -1.91   32.98
C-G     0.00    0.00    0.00    0.00    0.00    0.00   -0.18   -0.45    3.24   -1.45   -6.41   35.56
T-A     0.00    0.00    0.00    0.00    0.00    0.00   -0.19    0.36    3.27    0.02   -7.58   38.31
G-C     0.00    0.00    0.00    0.00    0.00    0.00   -0.14    1.07    3.28    0.44   -5.95   39.56
C-G     0.00    0.00    0.00    0.00    0.00    0.00   -0.09    1.41    3.24    0.17   -2.50   38.45
A-T     0.00    0.00    0.00    0.00    0.00    0.00   -0.07    1.33    3.20   -0.04    2.06   35.81
G-C     0.00    0.00    0.00    0.00    0.00    0.00   -0.09    0.95    3.20   -0.07    6.93   33.39
G-C     0.00    0.00    0.00    0.00    0.00    0.00   -0.08    0.44    3.26   -0.40   10.58   32.28
T-A     0.00    0.00    0.00    0.00    0.00    0.00   -0.02   -0.03    3.32   -1.20   11.28   32.21
G-C     0.00    0.00    0.00    0.00    0.00    0.00    0.04   -0.35    3.33   -1.82    8.59   32.38
G-C     0.00    0.00    0.00    0.00    0.00    0.00    0.03   -0.44    3.29   -1.47    4.09   32.66
A-T     0.00    0.00    0.00    0.00    0.00    0.00   -0.07   -0.30    3.26   -0.25    0.37   33.58
T-A     0.00    0.00    0.00    0.00    0.00    0.00   -0.18   -0.07    3.27    0.79   -1.04   35.26
A-T     0.00    0.00    0.00    0.00    0.00    0.00   -0.20    0.04    3.31    0.77   -0.57   36.76
T-A     0.00    0.00    0.00    0.00    0.00    0.00   -0.07   -0.06    3.32   -0.02    0.32   36.82
T-A     0.00    0.00    0.00    0.00    0.00    0.00    0.11   -0.30    3.28   -0.47    0.89   35.29
G-C     0.00    0.00    0.00    0.00    0.00    0.00    0.21   -0.49    3.25    0.01    1.56   33.43
A-T     0.00    0.00    0.00    0.00    0.00    0.00    0.18   -0.47    3.26    0.75    2.82   32.76
T-A     0.00    0.00    0.00    0.00    0.00    0.00    0.07   -0.28    3.28    0.59    4.17   33.55
