 146 base-pairs
   0  ***local base-pair & step parameters***
       Shear  Stretch  Stagger Buckle Prop-Tw Opening   Shift  Slide    Rise    Tilt    Roll   Twist
A-T     0.00    0.00    0.00    0.00    0.00    0.00    0.00    0.00    0.00    0.00    0.00    0.00
T-A     0.00    0.00    0.00    0.00    0.00    0.00   -0.04   -0.01    3.35   -1.43    3.95   35.34
C-G     0.00    0.00    0.00    0.00    0.00    0.00   -0.01   -0.10    3.10   -3.61    2.36   34.98
A-T     0.00    0.00    0.00    0.00    0.00    0.00   -0.02   -0.25    3.06   -1.82    0.69   34.90
A-T     0.00    0.00    0.00    0.00    0.00    0.00   -0.12   -0.26    3.29    0.60   -0.57   36.29
T-A     0.00    0.00    0.00    0.00    0.00    0.00   -0.17   -0.24    3.47    0.51   -2.09   37.55
A-T     0.00    0.00    0.00    0.00    0.00    0.00    0.02   -0.33    3.40   -0.25   -3.35   36.75
T-A     0.00    0.00    0.00    0.00    0.00    0.00    0.32   -0.38    3.26    0.95   -2.40   34.40
C-G     0.00    0.00    0.00    0.00    0.00    0.00    0.31   -0.25    3.27    2.37    1.14   32.33
C-G     0.00    0.00    0.00    0.00    0.00    0.00   -0.10   -0.11    3.36    1.09    4.93   31.19
A-T     0.00    0.00    0.00    0.00    0.00    0.00   -0.46   -0.14    3.34   -1.49    6.91   30.53
C-G     0.00    0.00    0.00    0.00    0.00    0.00   -0.32   -0.19    3.27   -1.87    7.71   30.69
C-G     0.00    0.00    0.00    0.00    0.00    0.00    0.10    0.06    3.34   -0.42    8.28   32.45
T-A     0.00    0.00    0.00    0.00    0.00    0.00    0.24    0.50    3.48   -0.50    6.95   35.26
G-C     0.00    0.00    0.00    0.00    0.00    0.00   -0.02    0.76    3.46   -2.01    1.69   37.43
C-G     0.00    0.00    0.00    0.00    0.00    0.00   -0.17    0.74    3.30   -1.20   -5.45   38.45
A-T     0.00    0.00    0.00    0.00    0.00    0.00    0.08    0.68    3.19    2.49   -9.37   39.21
G-C     0.00    0.00    0.00    0.00    0.00    0.00    0.40    0.59    3.22    4.46   -7.83   39.59
A-T     0.00    0.00    0.00    0.00    0.00    0.00    0.36    0.18    3.23    2.21   -3.69   37.89
T-A     0.00    0.00    0.00    0.00    0.00    0.00    0.04   -0.61    3.14   -0.16   -0.05   33.65
T-A     0.00    0.00    0.00    0.00    0.00    0.00   -0.09   -1.19    3.14    1.65    3.73   29.46
C-G     0.00    0.00    0.00    0.00    0.00    0.00    0.08   -0.99    3.34    4.83    9.32   28.19
T-A     0.00    0.00    0.00    0.00    0.00    0.00    0.25   -0.22    3.50    3.68   14.62   29.49
A-T     0.00    0.00    0.00    0.00    0.00    0.00    0.18    0.41    3.36   -1.18   15.12   30.91
C-G     0.00    0.00    0.00    0.00    0.00    0.00    0.02    0.56    3.09   -3.47    9.61   31.79
C-G     0.00    0.00    0.00    0.00    0.00    0.00    0.04    0.55    3.05   -0.88    1.81   33.74
A-T     0.00    0.00    0.00    0.00    0.00    0.00    0.20    0.61    3.25    1.94   -3.95   37.13
A-T     0.00    0.00    0.00    0.00    0.00    0.00    0.32    0.54    3.38    1.13   -6.40   39.52
A-T     0.00    0.00    0.00    0.00    0.00    0.00    0.32    0.16    3.33   -0.69   -6.20   38.73
A-T     0.00    0.00    0.00    0.00    0.00    0.00    0.20   -0.27    3.29    0.23   -3.56   35.68
G-C     0.00    0.00    0.00    0.00    0.00    0.00    0.02   -0.42    3.40    2.34    1.12   32.85
T-A     0.00    0.00    0.00    0.00    0.00    0.00   -0.14   -0.38    3.50    1.86    6.07   31.29
G-C     0.00    0.00    0.00    0.00    0.00    0.00   -0.12   -0.46    3.37   -0.61    9.10   30.62
T-A     0.00    0.00    0.00    0.00    0.00    0.00    0.11   -0.68    3.20   -1.32    9.33   31.01
A-T     0.00    0.00    0.00    0.00    0.00    0.00    0.27   -0.73    3.25    0.24    6.83   33.05
T-A     0.00    0.00    0.00    0.00    0.00    0.00    0.15   -0.47    3.43    0.93    1.82   35.97
T-A     0.00    0.00    0.00    0.00    0.00    0.00   -0.09   -0.04    3.46   -0.18   -4.17   37.91
T-A     0.00    0.00    0.00    0.00    0.00    0.00   -0.12    0.44    3.30   -0.62   -7.48   38.21
G-C     0.00    0.00    0.00    0.00    0.00    0.00    0.03    0.94    3.19    0.26   -5.49   37.81
G-C     0.00    0.00    0.00    0.00    0.00    0.00    0.03    1.24    3.24   -0.41   -0.15   37.05
A-T     0.00    0.00    0.00    0.00    0.00    0.00   -0.20    0.98    3.28   -3.39    3.86   35.09
A-T     0.00    0.00    0.00    0.00    0.00    0.00   -0.28    0.21    3.20   -4.65    5.01   32.20
A-T     0.00    0.00    0.00    0.00    0.00    0.00    0.03   -0.45    3.19   -1.47    6.11   30.90
C-G     0.00    0.00    0.00    0.00    0.00    0.00    0.36   -0.48    3.37    2.24    8.83   32.98
T-A     0.00    0.00    0.00    0.00    0.00    0.00    0.25   -0.08    3.55    1.32    9.86   36.65
G-C     0.00    0.00    0.00    0.00    0.00    0.00   -0.22    0.24    3.46   -2.57    5.31   38.61
C-G     0.00    0.00    0.00    0.00    0.00    0.00   -0.49    0.39    3.23   -3.39   -2.86   38.31
T-A     0.00    0.00    0.00    0.00    0.00    0.00   -0.28    0.67    3.14   -0.15   -8.28   38.00
C-G     0.00    0.00    0.00    0.00    0.00    0.00    0.08    1.03    3.27    1.98   -7.62   38.71
C-G     0.00    0.00    0.00    0.00    0.00    0.00    0.21    1.01    3.36    0.38   -3.48   38.70
A-T     0.00    0.00    0.00    0.00    0.00    0.00    0.18    0.46    3.32   -0.90    0.52   36.63
T-A     0.00    0.00    0.00    0.00    0.00    0.00    0.25   -0.08    3.32    1.64    4.27   34.10
C-G     0.00    0.00    0.00    0.00    0.00    0.00    0.37   -0.08    3.44    4.59    8.79   33.61
A-T     0.00    0.00    0.00    0.00    0.00    0.00    0.25    0.29    3.50    2.78   12.08   35.18
A-T     0.00    0.00    0.00    0.00    0.00    0.00   -0.12    0.47    3.36   -2.47   10.21   36.83
A-T     0.00    0.00    0.00    0.00    0.00    0.00   -0.43    0.33    3.22   -5.35    2.25   37.57
A-T     0.00    0.00    0.00    0.00    0.00    0.00   -0.44    0.19    3.32   -3.99   -8.02   37.91
G-C     0.00    0.00    0.00    0.00    0.00    0.00   -0.22    0.25    3.56   -1.82  -15.30   38.01
G-C     0.00    0.00    0.00    0.00    0.00    0.00    0.06    0.34    3.67   -0.98  -16.18   37.22
C-G     0.00    0.00    0.00    0.00    0.00    0.00    0.28    0.30    3.62    0.33  -10.35   35.59
A-T     0.00    0.00    0.00    0.00    0.00    0.00    0.35    0.24    3.64    2.86   -0.55   34.21
T-A     0.00    0.00    0.00    0.00    0.00    0.00    0.22    0.25    3.72    3.82    8.32   33.47
G-C     0.00    0.00    0.00    0.00    0.00    0.00    0.00    0.20    3.65    1.74   12.13   32.64
T-A     0.00    0.00    0.00    0.00    0.00    0.00   -0.09    0.07    3.38   -0.27   10.79   31.87
T-A     0.00    0.00    0.00    0.00    0.00    0.00    0.00    0.11    3.21    0.66    7.30   32.81
C-G     0.00    0.00    0.00    0.00    0.00    0.00    0.06    0.48    3.34    2.26    3.54   35.99
A-T     0.00    0.00    0.00    0.00    0.00    0.00   -0.03    0.92    3.54    0.98   -1.07   39.03
G-C     0.00    0.00    0.00    0.00    0.00    0.00   -0.09    1.08    3.51   -1.62   -5.95   39.25
C-G     0.00    0.00    0.00    0.00    0.00    0.00    0.10    0.99    3.31   -1.41   -7.32   37.28
T-A     0.00    0.00    0.00    0.00    0.00    0.00    0.31    0.90    3.26    1.01   -2.56   35.92
G-C     0.00    0.00    0.00    0.00    0.00    0.00    0.16    0.75    3.37    0.92    4.95   35.88
A-T     0.00    0.00    0.00    0.00    0.00    0.00   -0.27    0.26    3.39   -2.37    8.78   34.99
A-T     0.00    0.00    0.00    0.00    0.00    0.00   -0.45   -0.44    3.21   -3.65    7.10   32.25
T-A     0.00    0.00    0.00    0.00    0.00    0.00   -0.14   -0.70    3.09    0.03    4.37   30.07
T-A     0.00    0.00    0.00    0.00    0.00    0.00    0.25   -0.18    3.21    4.14    4.42   31.19
C-G     0.00    0.00    0.00    0.00    0.00    0.00    0.22    0.65    3.39    3.37    5.25   34.83
A-T     0.00    0.00    0.00    0.00    0.00    0.00   -0.08    1.15    3.41   -0.48    2.81   37.93
G-C     0.00    0.00    0.00    0.00    0.00    0.00   -0.18    1.22    3.33   -1.83   -2.36   39.05
C-G     0.00    0.00    0.00    0.00    0.00    0.00    0.04    1.23    3.34   -0.06   -5.46   39.12
T-A     0.00    0.00    0.00    0.00    0.00    0.00    0.19    1.26    3.39    0.56   -3.52   38.81
G-C     0.00    0.00    0.00    0.00    0.00    0.00    0.03    0.99    3.33   -1.26    1.61   37.44
A-T     0.00    0.00    0.00    0.00    0.00    0.00   -0.18    0.37    3.22   -1.91    6.52   34.74
A-T     0.00    0.00    0.00    0.00    0.00    0.00   -0.11   -0.18    3.25    0.44    9.65   32.01
C-G     0.00    0.00    0.00    0.00    0.00    0.00    0.13   -0.31    3.41    2.33   10.67   30.63
A-T     0.00    0.00    0.00    0.00    0.00    0.00    0.21   -0.14    3.46    0.89    8.93   30.84
T-A     0.00    0.00    0.00    0.00    0.00    0.00    0.03    0.05    3.38   -1.47    4.27   32.56
G-C     0.00    0.00    0.00    0.00    0.00    0.00   -0.20    0.27    3.38   -1.31   -1.82   35.93
C-G     0.00    0.00    0.00    0.00    0.00    0.00   -0.28    0.65    3.55    0.12   -6.98   39.85
C-G     0.00    0.00    0.00    0.00    0.00    0.00   -0.19    0.99    3.63   -0.28   -9.37   41.54
T-A     0.00    0.00    0.00    0.00    0.00    0.00    0.02    0.97    3.45   -1.55   -7.50   39.29
T-A     0.00    0.00    0.00    0.00    0.00    0.00    0.21    0.60    3.22   -0.38   -0.60   34.88
T-A     0.00    0.00    0.00    0.00    0.00    0.00    0.22    0.20    3.27    2.34    9.13   31.55
T-A     0.00    0.00    0.00    0.00    0.00    0.00   -0.01   -0.12    3.50    2.20   16.11   30.08
G-C     0.00    0.00    0.00    0.00    0.00    0.00   -0.22   -0.45    3.52   -1.33   15.87   28.86
A-T     0.00    0.00    0.00    0.00    0.00    0.00   -0.15   -0.64    3.26   -3.36    9.90   27.67
T-A     0.00    0.00    0.00    0.00    0.00    0.00    0.12   -0.37    3.06   -1.09    3.73   28.85
G-C     0.00    0.00    0.00    0.00    0.00    0.00    0.23    0.38    3.15    1.71    0.37   33.47
G-C     0.00    0.00    0.00    0.00    0.00    0.00    0.09    1.04    3.32    0.92   -1.90   38.61
A-T     0.00    0.00    0.00    0.00    0.00    0.00    0.02    1.11    3.32   -1.39   -4.57   40.39
G-C     0.00    0.00    0.00    0.00    0.00    0.00    0.22    0.71    3.22   -0.90   -5.21   38.55
C-G     0.00    0.00    0.00    0.00    0.00    0.00    0.36    0.32    3.28    1.45   -1.05   36.05
A-T     0.00    0.00    0.00    0.00    0.00    0.00    0.01    0.06    3.46    1.16    5.72   34.80
G-C     0.00    0.00    0.00    0.00    0.00    0.00   -0.58   -0.24    3.50   -1.94    9.81   34.06
T-A     0.00    0.00    0.00    0.00    0.00    0.00   -0.74   -0.48    3.35   -3.04    9.17   32.98
T-A     0.00    0.00    0.00    0.00    0.00    0.00   -0.25   -0.28    3.21   -0.23    6.66   32.45
T-A     0.00    0.00    0.00    0.00    0.00    0.00    0.33    0.40    3.20    2.49    5.00   33.49
C-G     0.00    0.00    0.00    0.00    0.00    0.00    0.38    1.01    3.22    1.75    3.31   35.42
C-G     0.00    0.00    0.00    0.00    0.00    0.00    0.02    1.06    3.21   -0.21   -0.13   36.90
A-T     0.00    0.00    0.00    0.00    0.00    0.00   -0.23    0.71    3.27   -0.20   -4.14   37.57
A-T     0.00    0.00    0.00    0.00    0.00    0.00   -0.20    0.34    3.41    0.25   -5.81   37.48
A-T     0.00    0.00    0.00    0.00    0.00    0.00   -0.14    0.02    3.44   -1.74   -4.16   36.21
T-A     0.00    0.00    0.00    0.00    0.00    0.00   -0.23   -0.41    3.27   -4.30   -0.56   33.85
A-T     0.00    0.00    0.00    0.00    0.00    0.00   -0.27   -0.81    3.14   -3.22    3.52   32.08
C-G     0.00    0.00    0.00    0.00    0.00    0.00   -0.06   -0.85    3.27    0.80    7.11   32.49
A-T     0.00    0.00    0.00    0.00    0.00    0.00    0.26   -0.52    3.49    2.61    8.63   34.19
C-G     0.00    0.00    0.00    0.00    0.00    0.00    0.41   -0.21    3.48    0.55    6.79   34.90
T-A     0.00    0.00    0.00    0.00    0.00    0.00    0.26   -0.12    3.26   -1.28    2.63   34.47
T-A     0.00    0.00    0.00    0.00    0.00    0.00   -0.12    0.01    3.18   -0.13   -0.96   35.04
T-A     0.00    0.00    0.00    0.00    0.00    0.00   -0.49    0.39    3.32    0.95   -2.50   37.27
T-A     0.00    0.00    0.00    0.00    0.00    0.00   -0.61    0.76    3.39   -1.15   -2.69   38.59
G-C     0.00    0.00    0.00    0.00    0.00    0.00   -0.37    0.83    3.17   -3.75   -1.73   36.65
G-C     0.00    0.00    0.00    0.00    0.00    0.00    0.05    0.65    2.94   -2.60    1.89   32.87
T-A     0.00    0.00    0.00    0.00    0.00    0.00    0.26    0.49    3.03    0.81    8.15   30.58
A-T     0.00    0.00    0.00    0.00    0.00    0.00    0.08    0.26    3.32    1.29   13.36   30.60
G-C     0.00    0.00    0.00    0.00    0.00    0.00   -0.15   -0.25    3.44   -1.86   13.53   30.87
A-T     0.00    0.00    0.00    0.00    0.00    0.00   -0.07   -0.91    3.30   -4.05    9.05   30.34
A-T     0.00    0.00    0.00    0.00    0.00    0.00    0.17   -1.20    3.19   -2.92    3.67   30.58
T-A     0.00    0.00    0.00    0.00    0.00    0.00    0.11   -0.90    3.26   -1.40   -0.59   33.01
C-G     0.00    0.00    0.00    0.00    0.00    0.00   -0.28   -0.29    3.34   -1.86   -4.52   36.41
T-A     0.00    0.00    0.00    0.00    0.00    0.00   -0.49    0.30    3.28   -2.05   -7.97   38.56
G-C     0.00    0.00    0.00    0.00    0.00    0.00   -0.20    0.86    3.20    0.21   -8.07   38.85
C-G     0.00    0.00    0.00    0.00    0.00    0.00    0.18    1.39    3.22    2.30   -3.21   38.01
A-T     0.00    0.00    0.00    0.00    0.00    0.00    0.13    1.54    3.27    0.94    3.77   36.33
G-C     0.00    0.00    0.00    0.00    0.00    0.00   -0.24    1.06    3.23   -1.95    8.46   33.93
G-C     0.00    0.00    0.00    0.00    0.00    0.00   -0.36    0.27    3.19   -2.07    9.75   31.93
T-A     0.00    0.00    0.00    0.00    0.00    0.00   -0.04   -0.22    3.29    0.13    9.49   31.64
G-C     0.00    0.00    0.00    0.00    0.00    0.00    0.28   -0.26    3.40    0.33    8.44   32.59
G-C     0.00    0.00    0.00    0.00    0.00    0.00    0.17   -0.22    3.34   -2.03    5.53   33.24
A-T     0.00    0.00    0.00    0.00    0.00    0.00   -0.20   -0.30    3.18   -2.54    1.18   33.48
T-A     0.00    0.00    0.00    0.00    0.00    0.00   -0.37   -0.27    3.19    0.55   -1.76   34.67
A-T     0.00    0.00    0.00    0.00    0.00    0.00   -0.20   -0.03    3.38    2.88   -1.50   36.77
T-A     0.00    0.00    0.00    0.00    0.00    0.00    0.07    0.09    3.43    0.88    0.35   37.45
T-A     0.00    0.00    0.00    0.00    0.00    0.00    0.20   -0.19    3.25   -2.16    1.45   35.41
G-C     0.00    0.00    0.00    0.00    0.00    0.00    0.17   -0.57    3.11   -1.31    1.84   32.77
A-T     0.00    0.00    0.00    0.00    0.00    0.00    0.09   -0.59    3.24    1.93    2.84   32.45
T-A     0.00    0.00    0.00    0.00    0.00    0.00    0.00   -0.25    3.42    2.10    4.07   34.19
