 146 base-pairs
   0  ***local base-pair & step parameters***
       Shear  Stretch  Stagger Buckle Prop-Tw Opening   Shift  Slide    Rise    Tilt    Roll   Twist
A-T     0.00    0.00    0.00    0.00    0.00    0.00    0.00    0.00    0.00    0.00    0.00    0.00
T-A     0.00    0.00    0.00    0.00    0.00    0.00   -0.07    0.05    3.36   -1.53    2.70   35.52
C-G     0.00    0.00    0.00    0.00    0.00    0.00   -0.07   -0.09    3.14   -3.45    2.19   35.24
A-T     0.00    0.00    0.00    0.00    0.00    0.00   -0.05   -0.31    3.09   -1.54    1.76   35.01
A-T     0.00    0.00    0.00    0.00    0.00    0.00   -0.10   -0.32    3.28    0.74    0.76   36.14
T-A     0.00    0.00    0.00    0.00    0.00    0.00   -0.12   -0.25    3.43    0.38   -1.71   37.28
A-T     0.00    0.00    0.00    0.00    0.00    0.00    0.06   -0.28    3.36   -0.52   -4.27   36.61
T-A     0.00    0.00    0.00    0.00    0.00    0.00    0.31   -0.32    3.25    0.78   -3.78   34.51
C-G     0.00    0.00    0.00    0.00    0.00    0.00    0.26   -0.23    3.31    2.46    0.57   32.60
C-G     0.00    0.00    0.00    0.00    0.00    0.00   -0.14   -0.15    3.40    1.36    5.69   31.37
A-T     0.00    0.00    0.00    0.00    0.00    0.00   -0.45   -0.21    3.35   -1.29    8.30   30.46
C-G     0.00    0.00    0.00    0.00    0.00    0.00   -0.27   -0.22    3.25   -1.92    8.47   30.43
C-G     0.00    0.00    0.00    0.00    0.00    0.00    0.14    0.09    3.30   -0.67    7.71   32.24
T-A     0.00    0.00    0.00    0.00    0.00    0.00    0.23    0.56    3.46   -0.73    5.57   35.29
G-C     0.00    0.00    0.00    0.00    0.00    0.00   -0.06    0.80    3.49   -2.01    0.76   37.67
C-G     0.00    0.00    0.00    0.00    0.00    0.00   -0.22    0.72    3.34   -0.97   -5.08   38.68
A-T     0.00    0.00    0.00    0.00    0.00    0.00    0.07    0.61    3.21    2.74   -8.04   39.22
G-C     0.00    0.00    0.00    0.00    0.00    0.00    0.44    0.55    3.21    4.50   -6.76   39.37
A-T     0.00    0.00    0.00    0.00    0.00    0.00    0.41    0.19    3.19    2.00   -3.85   37.65
T-A     0.00    0.00    0.00    0.00    0.00    0.00    0.05   -0.54    3.11   -0.42   -1.30   33.60
T-A     0.00    0.00    0.00    0.00    0.00    0.00   -0.13   -1.13    3.16    1.58    2.54   29.65
C-G     0.00    0.00    0.00    0.00    0.00    0.00    0.03   -0.99    3.38    5.01    9.27   28.45
T-A     0.00    0.00    0.00    0.00    0.00    0.00    0.23   -0.28    3.53    3.95   15.76   29.58
A-T     0.00    0.00    0.00    0.00    0.00    0.00    0.21    0.35    3.35   -1.07   16.41   30.75
C-G     0.00    0.00    0.00    0.00    0.00    0.00    0.07    0.56    3.05   -3.62    9.86   31.52
C-G     0.00    0.00    0.00    0.00    0.00    0.00    0.06    0.60    3.01   -1.15    0.80   33.62
A-T     0.00    0.00    0.00    0.00    0.00    0.00    0.17    0.67    3.25    1.78   -5.30   37.26
A-T     0.00    0.00    0.00    0.00    0.00    0.00    0.27    0.56    3.42    1.24   -6.86   39.78
A-T     0.00    0.00    0.00    0.00    0.00    0.00    0.28    0.12    3.36   -0.42   -5.34   38.89
A-T     0.00    0.00    0.00    0.00    0.00    0.00    0.22   -0.33    3.29    0.41   -2.18   35.59
G-C     0.00    0.00    0.00    0.00    0.00    0.00    0.07   -0.45    3.38    2.27    1.78   32.59
T-A     0.00    0.00    0.00    0.00    0.00    0.00   -0.10   -0.35    3.46    1.60    5.39   31.10
G-C     0.00    0.00    0.00    0.00    0.00    0.00   -0.12   -0.40    3.36   -0.82    7.71   30.67
T-A     0.00    0.00    0.00    0.00    0.00    0.00    0.06   -0.64    3.23   -1.29    8.49   31.26
A-T     0.00    0.00    0.00    0.00    0.00    0.00    0.22   -0.75    3.29    0.48    7.31   33.27
T-A     0.00    0.00    0.00    0.00    0.00    0.00    0.15   -0.53    3.45    1.17    3.18   35.96
T-A     0.00    0.00    0.00    0.00    0.00    0.00   -0.05   -0.09    3.44   -0.17   -3.17   37.68
T-A     0.00    0.00    0.00    0.00    0.00    0.00   -0.08    0.45    3.26   -0.84   -7.77   37.97
G-C     0.00    0.00    0.00    0.00    0.00    0.00    0.03    1.00    3.17    0.00   -6.79   37.78
G-C     0.00    0.00    0.00    0.00    0.00    0.00   -0.01    1.29    3.26   -0.46   -1.28   37.26
A-T     0.00    0.00    0.00    0.00    0.00    0.00   -0.25    0.97    3.32   -3.20    3.94   35.34
A-T     0.00    0.00    0.00    0.00    0.00    0.00   -0.29    0.15    3.23   -4.38    6.21   32.27
A-T     0.00    0.00    0.00    0.00    0.00    0.00    0.06   -0.50    3.18   -1.38    7.35   30.72
C-G     0.00    0.00    0.00    0.00    0.00    0.00    0.42   -0.48    3.33    2.08    8.97   32.72
T-A     0.00    0.00    0.00    0.00    0.00    0.00    0.28   -0.03    3.51    1.05    8.77   36.54
G-C     0.00    0.00    0.00    0.00    0.00    0.00   -0.25    0.30    3.47   -2.70    3.99   38.75
C-G     0.00    0.00    0.00    0.00    0.00    0.00   -0.54    0.40    3.26   -3.26   -3.21   38.58
T-A     0.00    0.00    0.00    0.00    0.00    0.00   -0.31    0.62    3.18    0.13   -7.33   38.14
C-G     0.00    0.00    0.00    0.00    0.00    0.00    0.10    0.97    3.27    2.15   -6.24   38.59
C-G     0.00    0.00    0.00    0.00    0.00    0.00    0.26    0.99    3.33    0.28   -2.94   38.44
A-T     0.00    0.00    0.00    0.00    0.00    0.00    0.22    0.51    3.28   -1.17   -0.26   36.46
T-A     0.00    0.00    0.00    0.00    0.00    0.00    0.24   -0.01    3.31    1.45    2.87   34.18
C-G     0.00    0.00    0.00    0.00    0.00    0.00    0.32   -0.05    3.47    4.65    8.06   33.87
A-T     0.00    0.00    0.00    0.00    0.00    0.00    0.21    0.25    3.54    3.04   12.68   35.38
A-T     0.00    0.00    0.00    0.00    0.00    0.00   -0.11    0.41    3.37   -2.25   11.59   36.80
A-T     0.00    0.00    0.00    0.00    0.00    0.00   -0.38    0.29    3.20   -5.36    3.16   37.33
A-T     0.00    0.00    0.00    0.00    0.00    0.00   -0.39    0.22    3.28   -4.23   -8.42   37.68
G-C     0.00    0.00    0.00    0.00    0.00    0.00   -0.21    0.32    3.54   -2.07  -16.63   38.01
G-C     0.00    0.00    0.00    0.00    0.00    0.00    0.02    0.38    3.69   -1.01  -17.23   37.44
C-G     0.00    0.00    0.00    0.00    0.00    0.00    0.23    0.28    3.66    0.54  -10.16   35.84
A-T     0.00    0.00    0.00    0.00    0.00    0.00    0.34    0.18    3.66    3.12    0.72   34.26
T-A     0.00    0.00    0.00    0.00    0.00    0.00    0.26    0.19    3.71    3.89    9.50   33.27
G-C     0.00    0.00    0.00    0.00    0.00    0.00    0.05    0.21    3.61    1.55   12.15   32.38
T-A     0.00    0.00    0.00    0.00    0.00    0.00   -0.07    0.13    3.35   -0.54    9.63   31.79
T-A     0.00    0.00    0.00    0.00    0.00    0.00   -0.03    0.16    3.22    0.55    6.02   32.98
C-G     0.00    0.00    0.00    0.00    0.00    0.00    0.01    0.48    3.37    2.41    3.31   36.26
A-T     0.00    0.00    0.00    0.00    0.00    0.00   -0.06    0.87    3.57    1.26   -0.04   39.15
G-C     0.00    0.00    0.00    0.00    0.00    0.00   -0.07    1.02    3.51   -1.47   -4.61   39.11
C-G     0.00    0.00    0.00    0.00    0.00    0.00    0.15    0.97    3.28   -1.53   -6.89   37.01
T-A     0.00    0.00    0.00    0.00    0.00    0.00    0.34    0.95    3.22    0.73   -3.44   35.77
G-C     0.00    0.00    0.00    0.00    0.00    0.00    0.14    0.82    3.37    0.74    3.57   35.97
A-T     0.00    0.00    0.00    0.00    0.00    0.00   -0.32    0.28    3.42   -2.30    8.15   35.25
A-T     0.00    0.00    0.00    0.00    0.00    0.00   -0.49   -0.48    3.25   -3.38    7.80   32.43
T-A     0.00    0.00    0.00    0.00    0.00    0.00   -0.13   -0.77    3.11    0.24    5.76   30.01
T-A     0.00    0.00    0.00    0.00    0.00    0.00    0.29   -0.22    3.18    4.11    5.23   30.94
C-G     0.00    0.00    0.00    0.00    0.00    0.00    0.27    0.68    3.34    3.12    4.74   34.61
A-T     0.00    0.00    0.00    0.00    0.00    0.00   -0.08    1.21    3.39   -0.71    1.44   37.95
G-C     0.00    0.00    0.00    0.00    0.00    0.00   -0.22    1.26    3.35   -1.83   -3.34   39.28
C-G     0.00    0.00    0.00    0.00    0.00    0.00   -0.01    1.21    3.38    0.17   -5.14   39.35
T-A     0.00    0.00    0.00    0.00    0.00    0.00    0.18    1.20    3.41    0.81   -2.21   38.83
G-C     0.00    0.00    0.00    0.00    0.00    0.00    0.07    0.94    3.32   -1.22    2.72   37.23
A-T     0.00    0.00    0.00    0.00    0.00    0.00   -0.13    0.38    3.18   -2.11    6.42   34.49
A-T     0.00    0.00    0.00    0.00    0.00    0.00   -0.10   -0.12    3.22    0.17    8.43   31.95
C-G     0.00    0.00    0.00    0.00    0.00    0.00    0.09   -0.25    3.42    2.25    9.45   30.82
A-T     0.00    0.00    0.00    0.00    0.00    0.00    0.16   -0.14    3.50    1.06    8.83   31.10
T-A     0.00    0.00    0.00    0.00    0.00    0.00    0.01   -0.01    3.41   -1.19    5.37   32.66
G-C     0.00    0.00    0.00    0.00    0.00    0.00   -0.18    0.21    3.38   -1.19   -0.50   35.77
C-G     0.00    0.00    0.00    0.00    0.00    0.00   -0.23    0.64    3.51   -0.02   -6.66   39.58
C-G     0.00    0.00    0.00    0.00    0.00    0.00   -0.16    1.04    3.60   -0.56  -10.34   41.41
T-A     0.00    0.00    0.00    0.00    0.00    0.00    0.00    1.03    3.45   -1.71   -8.87   39.41
T-A     0.00    0.00    0.00    0.00    0.00    0.00    0.16    0.62    3.25   -0.28   -1.12   35.14
T-A     0.00    0.00    0.00    0.00    0.00    0.00    0.18    0.16    3.31    2.61    9.93   31.72
T-A     0.00    0.00    0.00    0.00    0.00    0.00    0.01   -0.19    3.51    2.40   17.50   30.00
G-C     0.00    0.00    0.00    0.00    0.00    0.00   -0.17   -0.47    3.49   -1.39   16.58   28.60
A-T     0.00    0.00    0.00    0.00    0.00    0.00   -0.11   -0.61    3.22   -3.62    9.27   27.47
T-A     0.00    0.00    0.00    0.00    0.00    0.00    0.12   -0.31    3.05   -1.31    2.35   28.89
G-C     0.00    0.00    0.00    0.00    0.00    0.00    0.18    0.42    3.18    1.73   -0.51   33.71
G-C     0.00    0.00    0.00    0.00    0.00    0.00    0.04    1.02    3.36    1.16   -1.47   38.84
A-T     0.00    0.00    0.00    0.00    0.00    0.00    0.01    1.04    3.34   -1.15   -3.23   40.39
G-C     0.00    0.00    0.00    0.00    0.00    0.00    0.26    0.67    3.20   -0.88   -4.17   38.32
C-G     0.00    0.00    0.00    0.00    0.00    0.00    0.40    0.34    3.24    1.23   -1.27   35.80
A-T     0.00    0.00    0.00    0.00    0.00    0.00    0.02    0.12    3.43    0.90    4.45   34.76
G-C     0.00    0.00    0.00    0.00    0.00    0.00   -0.62   -0.19    3.51   -2.00    8.64   34.26
T-A     0.00    0.00    0.00    0.00    0.00    0.00   -0.79   -0.49    3.39   -2.85    9.18   33.23
T-A     0.00    0.00    0.00    0.00    0.00    0.00   -0.26   -0.33    3.24    0.04    7.84   32.53
T-A     0.00    0.00    0.00    0.00    0.00    0.00    0.36    0.35    3.20    2.59    6.27   33.31
C-G     0.00    0.00    0.00    0.00    0.00    0.00    0.43    1.01    3.19    1.59    3.51   35.15
C-G     0.00    0.00    0.00    0.00    0.00    0.00    0.05    1.12    3.17   -0.48   -1.18   36.79
A-T     0.00    0.00    0.00    0.00    0.00    0.00   -0.25    0.77    3.27   -0.35   -5.48   37.71
A-T     0.00    0.00    0.00    0.00    0.00    0.00   -0.25    0.35    3.44    0.37   -6.21   37.75
A-T     0.00    0.00    0.00    0.00    0.00    0.00   -0.17   -0.03    3.48   -1.47   -3.26   36.36
T-A     0.00    0.00    0.00    0.00    0.00    0.00   -0.21   -0.47    3.28   -4.12    0.82   33.75
A-T     0.00    0.00    0.00    0.00    0.00    0.00   -0.22   -0.83    3.11   -3.30    4.12   31.81
C-G     0.00    0.00    0.00    0.00    0.00    0.00   -0.03   -0.81    3.23    0.54    6.38   32.31
A-T     0.00    0.00    0.00    0.00    0.00    0.00    0.25   -0.46    3.48    2.41    7.24   34.25
C-G     0.00    0.00    0.00    0.00    0.00    0.00    0.37   -0.18    3.51    0.59    6.00   35.16
T-A     0.00    0.00    0.00    0.00    0.00    0.00    0.21   -0.15    3.30   -1.03    3.18   34.68
T-A     0.00    0.00    0.00    0.00    0.00    0.00   -0.11   -0.05    3.19    0.10    0.42   35.01
T-A     0.00    0.00    0.00    0.00    0.00    0.00   -0.44    0.35    3.30    0.95   -1.55   37.03
T-A     0.00    0.00    0.00    0.00    0.00    0.00   -0.57    0.78    3.34   -1.38   -3.04   38.36
G-C     0.00    0.00    0.00    0.00    0.00    0.00   -0.36    0.89    3.15   -4.01   -3.05   36.64
G-C     0.00    0.00    0.00    0.00    0.00    0.00    0.01    0.70    2.96   -2.65    0.79   33.08
T-A     0.00    0.00    0.00    0.00    0.00    0.00    0.21    0.48    3.07    1.01    8.28   30.83
A-T     0.00    0.00    0.00    0.00    0.00    0.00    0.06    0.20    3.35    1.55   14.59   30.65
G-C     0.00    0.00    0.00    0.00    0.00    0.00   -0.12   -0.31    3.43   -1.78   14.74   30.68
A-T     0.00    0.00    0.00    0.00    0.00    0.00   -0.02   -0.91    3.26   -4.23    9.13   30.08
A-T     0.00    0.00    0.00    0.00    0.00    0.00    0.19   -1.15    3.16   -3.20    2.54   30.49
T-A     0.00    0.00    0.00    0.00    0.00    0.00    0.08   -0.84    3.26   -1.52   -1.89   33.17
C-G     0.00    0.00    0.00    0.00    0.00    0.00   -0.33   -0.28    3.38   -1.72   -4.81   36.68
T-A     0.00    0.00    0.00    0.00    0.00    0.00   -0.52    0.25    3.32   -1.78   -6.98   38.69
G-C     0.00    0.00    0.00    0.00    0.00    0.00   -0.18    0.80    3.20    0.36   -6.71   38.73
C-G     0.00    0.00    0.00    0.00    0.00    0.00    0.23    1.37    3.18    2.20   -2.72   37.75
A-T     0.00    0.00    0.00    0.00    0.00    0.00    0.17    1.58    3.23    0.67    2.94   36.17
G-C     0.00    0.00    0.00    0.00    0.00    0.00   -0.25    1.12    3.22   -2.14    7.07   34.02
G-C     0.00    0.00    0.00    0.00    0.00    0.00   -0.41    0.30    3.22   -2.01    9.07   32.19
T-A     0.00    0.00    0.00    0.00    0.00    0.00   -0.08   -0.25    3.33    0.38   10.15   31.83
G-C     0.00    0.00    0.00    0.00    0.00    0.00    0.29   -0.33    3.42    0.54    9.83   32.54
G-C     0.00    0.00    0.00    0.00    0.00    0.00    0.22   -0.26    3.31   -2.06    6.38   32.99
A-T     0.00    0.00    0.00    0.00    0.00    0.00   -0.16   -0.27    3.14   -2.79    0.72   33.26
T-A     0.00    0.00    0.00    0.00    0.00    0.00   -0.37   -0.21    3.17    0.31   -3.11   34.68
A-T     0.00    0.00    0.00    0.00    0.00    0.00   -0.24    0.01    3.40    2.86   -2.52   36.99
T-A     0.00    0.00    0.00    0.00    0.00    0.00    0.02    0.07    3.47    1.10    0.61   37.69
T-A     0.00    0.00    0.00    0.00    0.00    0.00    0.19   -0.25    3.28   -1.90    2.74   35.44
G-C     0.00    0.00    0.00    0.00    0.00    0.00    0.21   -0.62    3.10   -1.25    2.99   32.57
A-T     0.00    0.00    0.00    0.00    0.00    0.00    0.14   -0.58    3.20    1.74    2.80   32.19
T-A     0.00    0.00    0.00    0.00    0.00    0.00    0.02   -0.19    3.39    1.83    2.88   34.11
