 146 base-pairs
   0  ***local base-pair & step parameters***
       Shear  Stretch  Stagger Buckle Prop-Tw Opening   Shift  Slide    Rise    Tilt    Roll   Twist
A-T     0.00    0.00    0.00    0.00    0.00    0.00    0.00    0.00    0.00    0.00    0.00    0.00
T-A     0.00    0.00    0.00    0.00    0.00    0.00   -0.13   -0.57    3.26   -3.41    1.62   33.23
C-G     0.00    0.00    0.00    0.00    0.00    0.00    0.09   -0.12    3.04    0.58   -0.07   36.54
A-T     0.00    0.00    0.00    0.00    0.00    0.00   -0.02    0.19    3.29   -1.27    5.55   35.72
A-T     0.00    0.00    0.00    0.00    0.00    0.00   -0.12    0.77    3.14    0.21   -1.61   35.93
T-A     0.00    0.00    0.00    0.00    0.00    0.00    0.02   -0.68    3.35    0.18    0.89   35.88
A-T     0.00    0.00    0.00    0.00    0.00    0.00   -0.05   -0.73    3.48    0.20   -4.90   38.99
T-A     0.00    0.00    0.00    0.00    0.00    0.00    0.65   -0.27    3.20    5.22   -4.75   36.63
C-G     0.00    0.00    0.00    0.00    0.00    0.00    0.12   -0.49    3.26   -1.17    6.62   28.74
C-G     0.00    0.00    0.00    0.00    0.00    0.00   -0.29    0.49    3.20   -0.26    2.14   30.81
A-T     0.00    0.00    0.00    0.00    0.00    0.00   -0.10   -0.03    3.49    0.06    8.69   31.98
C-G     0.00    0.00    0.00    0.00    0.00    0.00   -0.29   -0.38    3.40   -1.63    8.49   32.15
C-G     0.00    0.00    0.00    0.00    0.00    0.00    0.07   -0.42    3.34   -0.25   10.09   31.85
T-A     0.00    0.00    0.00    0.00    0.00    0.00   -0.09    0.31    3.47   -3.03    7.66   32.91
G-C     0.00    0.00    0.00    0.00    0.00    0.00   -0.03    0.98    3.25   -0.05   -4.33   37.69
C-G     0.00    0.00    0.00    0.00    0.00    0.00   -0.10    0.54    3.53   -1.61   -2.15   39.72
A-T     0.00    0.00    0.00    0.00    0.00    0.00   -0.07    1.31    3.27    0.50  -10.63   40.85
G-C     0.00    0.00    0.00    0.00    0.00    0.00    0.47    0.20    3.19    2.54   -6.22   36.65
A-T     0.00    0.00    0.00    0.00    0.00    0.00    0.16   -0.60    3.31    0.62   -3.78   36.24
T-A     0.00    0.00    0.00    0.00    0.00    0.00    0.24   -0.42    3.07    5.16   -6.04   36.22
T-A     0.00    0.00    0.00    0.00    0.00    0.00   -0.14   -0.98    3.19    2.51    6.93   29.29
C-G     0.00    0.00    0.00    0.00    0.00    0.00   -0.39   -0.32    3.14    2.64    6.55   28.14
T-A     0.00    0.00    0.00    0.00    0.00    0.00    0.42   -0.21    3.59    2.26   15.34   29.49
A-T     0.00    0.00    0.00    0.00    0.00    0.00    0.53    0.15    3.47   -1.58   16.24   31.22
C-G     0.00    0.00    0.00    0.00    0.00    0.00    0.26   -0.02    3.00   -1.72   10.42   30.98
C-G     0.00    0.00    0.00    0.00    0.00    0.00   -0.25    0.62    3.07   -0.52    3.09   33.45
A-T     0.00    0.00    0.00    0.00    0.00    0.00    0.12    1.76    2.93    5.68  -11.97   38.43
A-T     0.00    0.00    0.00    0.00    0.00    0.00    0.62    0.42    3.46    1.61   -1.34   38.97
A-T     0.00    0.00    0.00    0.00    0.00    0.00    0.28    0.20    3.49   -3.15   -1.43   40.55
A-T     0.00    0.00    0.00    0.00    0.00    0.00    0.25   -0.52    3.29   -1.07   -2.58   35.42
G-C     0.00    0.00    0.00    0.00    0.00    0.00   -0.09   -0.97    3.38    1.00    0.88   31.11
T-A     0.00    0.00    0.00    0.00    0.00    0.00    0.08   -0.19    3.25    5.19   -0.23   31.76
G-C     0.00    0.00    0.00    0.00    0.00    0.00    0.20   -0.30    3.52    0.72   14.48   30.35
T-A     0.00    0.00    0.00    0.00    0.00    0.00   -0.32   -0.26    3.21   -2.67   10.67   31.52
A-T     0.00    0.00    0.00    0.00    0.00    0.00   -0.15   -1.06    3.40   -1.76    6.35   33.16
T-A     0.00    0.00    0.00    0.00    0.00    0.00    0.19   -0.62    3.56    0.02    0.43   37.09
T-A     0.00    0.00    0.00    0.00    0.00    0.00    0.32   -0.48    3.23    0.01   -5.43   36.41
T-A     0.00    0.00    0.00    0.00    0.00    0.00   -0.17   -0.15    3.43   -2.80   -1.98   36.62
G-C     0.00    0.00    0.00    0.00    0.00    0.00   -0.30    1.86    3.10    2.23  -12.80   39.66
G-C     0.00    0.00    0.00    0.00    0.00    0.00    0.03    1.37    3.31    0.68   -1.93   35.51
A-T     0.00    0.00    0.00    0.00    0.00    0.00   -0.35    0.81    3.40   -5.27    5.99   35.15
A-T     0.00    0.00    0.00    0.00    0.00    0.00   -0.29    0.04    3.22   -5.27    4.40   33.45
A-T     0.00    0.00    0.00    0.00    0.00    0.00    0.10   -0.65    3.27   -0.74    8.41   31.60
C-G     0.00    0.00    0.00    0.00    0.00    0.00    0.47   -0.22    3.03    4.69    4.63   32.82
T-A     0.00    0.00    0.00    0.00    0.00    0.00    0.47   -0.03    3.56   -0.01   12.42   34.55
G-C     0.00    0.00    0.00    0.00    0.00    0.00   -0.33    0.77    3.46   -4.04    3.76   38.88
C-G     0.00    0.00    0.00    0.00    0.00    0.00   -0.65    0.07    3.29   -2.61   -5.05   38.27
T-A     0.00    0.00    0.00    0.00    0.00    0.00   -0.16    0.69    3.35    3.81   -5.64   40.66
C-G     0.00    0.00    0.00    0.00    0.00    0.00    0.46    1.50    2.96    4.79   -6.88   39.24
C-G     0.00    0.00    0.00    0.00    0.00    0.00    0.21    0.52    3.34   -4.72    3.52   36.22
A-T     0.00    0.00    0.00    0.00    0.00    0.00   -0.12    0.71    3.27   -2.89   -4.39   38.50
T-A     0.00    0.00    0.00    0.00    0.00    0.00    0.45   -0.14    3.36    4.15    1.03   33.20
C-G     0.00    0.00    0.00    0.00    0.00    0.00    0.56   -0.21    3.52    6.57   14.00   32.07
A-T     0.00    0.00    0.00    0.00    0.00    0.00    0.07    0.31    3.46    1.11   12.42   35.05
A-T     0.00    0.00    0.00    0.00    0.00    0.00   -0.29    0.53    3.62   -4.42    9.58   39.34
A-T     0.00    0.00    0.00    0.00    0.00    0.00   -0.37    0.42    3.02   -2.58   -2.16   39.66
A-T     0.00    0.00    0.00    0.00    0.00    0.00   -0.34   -0.57    3.30   -4.68   -1.32   34.67
G-C     0.00    0.00    0.00    0.00    0.00    0.00   -0.39    0.53    3.62   -4.72  -11.75   36.86
G-C     0.00    0.00    0.00    0.00    0.00    0.00   -0.28    0.35    3.66   -4.78  -23.90   35.42
C-G     0.00    0.00    0.00    0.00    0.00    0.00    0.26    0.02    3.89    1.60  -16.00   37.37
A-T     0.00    0.00    0.00    0.00    0.00    0.00    0.80    0.66    3.48    9.78   -3.18   37.31
T-A     0.00    0.00    0.00    0.00    0.00    0.00    0.34   -0.01    3.74    3.01   19.29   31.29
G-C     0.00    0.00    0.00    0.00    0.00    0.00   -0.59    0.35    3.67   -2.80   14.83   32.77
T-A     0.00    0.00    0.00    0.00    0.00    0.00   -0.42    0.02    3.38   -2.96    2.50   31.05
T-A     0.00    0.00    0.00    0.00    0.00    0.00    0.46    0.08    3.17    4.11    3.91   32.56
C-G     0.00    0.00    0.00    0.00    0.00    0.00    0.47    0.48    3.06    5.41    3.79   35.60
A-T     0.00    0.00    0.00    0.00    0.00    0.00   -0.07    1.15    3.81   -0.42    3.53   40.33
G-C     0.00    0.00    0.00    0.00    0.00    0.00   -0.15    1.87    3.52    0.03   -8.35   42.12
C-G     0.00    0.00    0.00    0.00    0.00    0.00    0.04    0.26    3.21   -2.03   -4.74   34.07
T-A     0.00    0.00    0.00    0.00    0.00    0.00    0.35    0.71    3.21    1.84    2.12   36.27
G-C     0.00    0.00    0.00    0.00    0.00    0.00    0.19    1.17    3.19    0.44    1.97   36.32
A-T     0.00    0.00    0.00    0.00    0.00    0.00   -0.25    0.27    3.58   -4.44    7.49   34.75
A-T     0.00    0.00    0.00    0.00    0.00    0.00   -0.21   -0.23    3.16   -1.13    4.08   33.73
T-A     0.00    0.00    0.00    0.00    0.00    0.00    0.03   -1.15    3.14    0.10    9.08   28.16
T-A     0.00    0.00    0.00    0.00    0.00    0.00    0.06   -0.24    3.24    4.43    9.00   32.16
C-G     0.00    0.00    0.00    0.00    0.00    0.00   -0.25    0.58    3.40    1.24    3.41   34.72
A-T     0.00    0.00    0.00    0.00    0.00    0.00   -0.07    1.35    3.55   -0.80    1.57   38.04
G-C     0.00    0.00    0.00    0.00    0.00    0.00    0.09    1.14    3.07   -1.36   -4.63   38.00
C-G     0.00    0.00    0.00    0.00    0.00    0.00   -0.09    0.57    3.49   -3.89   -4.74   38.11
T-A     0.00    0.00    0.00    0.00    0.00    0.00    0.17    1.84    3.53    3.04   -7.08   42.62
G-C     0.00    0.00    0.00    0.00    0.00    0.00   -0.03    0.79    3.30   -0.57    2.77   34.38
A-T     0.00    0.00    0.00    0.00    0.00    0.00   -0.29    0.05    3.27   -2.21   11.85   32.89
A-T     0.00    0.00    0.00    0.00    0.00    0.00   -0.20    0.13    3.12   -0.26    5.80   33.64
C-G     0.00    0.00    0.00    0.00    0.00    0.00    0.06   -0.18    3.54    0.33    6.13   31.93
A-T     0.00    0.00    0.00    0.00    0.00    0.00    0.35    0.07    3.37    3.97    6.83   32.67
T-A     0.00    0.00    0.00    0.00    0.00    0.00    0.09   -0.30    3.35   -1.81    8.70   29.41
G-C     0.00    0.00    0.00    0.00    0.00    0.00   -0.02    0.47    3.36   -0.46    1.19   35.34
C-G     0.00    0.00    0.00    0.00    0.00    0.00   -0.33    0.60    3.45   -0.63   -9.84   39.64
C-G     0.00    0.00    0.00    0.00    0.00    0.00   -0.23    1.21    3.82    0.40  -11.22   43.71
T-A     0.00    0.00    0.00    0.00    0.00    0.00    0.29    1.56    3.27    2.72   -7.24   41.50
T-A     0.00    0.00    0.00    0.00    0.00    0.00    0.03    0.06    3.18   -4.31    4.59   31.80
T-A     0.00    0.00    0.00    0.00    0.00    0.00    0.21    0.36    3.32    2.07    8.80   33.40
T-A     0.00    0.00    0.00    0.00    0.00    0.00    0.17   -0.18    3.42    3.22   14.26   29.04
G-C     0.00    0.00    0.00    0.00    0.00    0.00   -0.10   -0.77    3.56   -0.17   18.70   27.33
A-T     0.00    0.00    0.00    0.00    0.00    0.00   -0.13   -0.51    3.21   -2.91    9.95   28.85
T-A     0.00    0.00    0.00    0.00    0.00    0.00   -0.07   -0.17    3.27   -5.15    2.22   29.16
G-C     0.00    0.00    0.00    0.00    0.00    0.00    0.26    0.59    3.15    3.48   -0.31   35.33
G-C     0.00    0.00    0.00    0.00    0.00    0.00   -0.22    0.30    3.30    0.39    1.74   36.65
A-T     0.00    0.00    0.00    0.00    0.00    0.00   -0.06    1.14    3.34   -0.68   -4.45   40.74
G-C     0.00    0.00    0.00    0.00    0.00    0.00    0.41    0.68    3.06   -2.36   -8.64   36.95
C-G     0.00    0.00    0.00    0.00    0.00    0.00    0.33   -0.02    3.48   -2.55   -2.51   34.29
A-T     0.00    0.00    0.00    0.00    0.00    0.00    0.20    0.57    3.54    5.53    4.56   38.22
G-C     0.00    0.00    0.00    0.00    0.00    0.00   -0.93   -0.34    3.52   -2.34   11.63   33.31
T-A     0.00    0.00    0.00    0.00    0.00    0.00   -1.06   -0.30    3.31   -3.39    7.73   34.13
T-A     0.00    0.00    0.00    0.00    0.00    0.00   -0.15   -0.32    3.08   -0.84    5.24   31.58
T-A     0.00    0.00    0.00    0.00    0.00    0.00    0.59    0.05    3.22    2.60    7.00   31.44
C-G     0.00    0.00    0.00    0.00    0.00    0.00    0.64    0.90    3.15    4.64    4.28   36.28
C-G     0.00    0.00    0.00    0.00    0.00    0.00   -0.20    1.43    3.32   -3.31   -3.19   37.07
A-T     0.00    0.00    0.00    0.00    0.00    0.00   -0.02    1.74    3.18    1.66   -8.65   39.71
A-T     0.00    0.00    0.00    0.00    0.00    0.00   -0.18   -0.16    3.32    0.87   -0.48   35.85
A-T     0.00    0.00    0.00    0.00    0.00    0.00   -0.32   -0.36    3.58    0.18    0.89   37.69
T-A     0.00    0.00    0.00    0.00    0.00    0.00   -0.08   -0.25    3.17   -2.25   -0.74   34.85
A-T     0.00    0.00    0.00    0.00    0.00    0.00   -0.37   -1.02    3.07   -9.01    1.75   28.10
C-G     0.00    0.00    0.00    0.00    0.00    0.00    0.29   -0.46    3.20    1.98    4.39   33.76
A-T     0.00    0.00    0.00    0.00    0.00    0.00    0.44   -0.51    3.60    4.06   11.05   35.09
C-G     0.00    0.00    0.00    0.00    0.00    0.00    0.25   -0.12    3.59    2.10    8.23   36.63
T-A     0.00    0.00    0.00    0.00    0.00    0.00   -0.04   -0.38    3.25   -2.70    4.17   33.81
T-A     0.00    0.00    0.00    0.00    0.00    0.00   -0.45   -0.32    3.23   -3.92   -1.44   32.71
T-A     0.00    0.00    0.00    0.00    0.00    0.00   -0.21    0.13    3.23    4.09   -3.14   37.99
T-A     0.00    0.00    0.00    0.00    0.00    0.00   -0.64    0.48    3.48   -2.60   -1.64   38.16
G-C     0.00    0.00    0.00    0.00    0.00    0.00   -0.22    1.88    3.15   -3.43   -6.30   38.33
G-C     0.00    0.00    0.00    0.00    0.00    0.00    0.08    0.61    2.87   -4.96    2.11   30.47
T-A     0.00    0.00    0.00    0.00    0.00    0.00   -0.23   -0.33    3.24   -1.41    7.81   30.38
A-T     0.00    0.00    0.00    0.00    0.00    0.00    0.11    0.08    3.44    6.71   12.40   34.24
G-C     0.00    0.00    0.00    0.00    0.00    0.00   -0.25   -0.21    3.38   -2.42   16.27   28.35
A-T     0.00    0.00    0.00    0.00    0.00    0.00    0.05   -0.23    3.02   -4.28    8.71   28.94
A-T     0.00    0.00    0.00    0.00    0.00    0.00    0.34   -0.99    3.17   -5.11    2.38   30.77
T-A     0.00    0.00    0.00    0.00    0.00    0.00    0.27   -0.80    3.36   -0.99   -6.78   35.70
C-G     0.00    0.00    0.00    0.00    0.00    0.00   -0.07   -0.82    3.34    0.88   -2.98   36.74
T-A     0.00    0.00    0.00    0.00    0.00    0.00   -0.89    0.09    3.36   -3.57   -2.17   35.97
G-C     0.00    0.00    0.00    0.00    0.00    0.00   -0.18    1.56    3.07    3.82   -6.97   39.66
C-G     0.00    0.00    0.00    0.00    0.00    0.00    0.18    1.32    3.20    1.28   -1.92   37.96
A-T     0.00    0.00    0.00    0.00    0.00    0.00    0.37    2.03    3.17    1.09   -1.66   39.01
G-C     0.00    0.00    0.00    0.00    0.00    0.00    0.30    1.03    3.09   -1.50   10.20   33.11
G-C     0.00    0.00    0.00    0.00    0.00    0.00   -0.64   -0.45    3.30   -5.83   13.61   29.02
T-A     0.00    0.00    0.00    0.00    0.00    0.00   -0.26   -0.45    3.50    2.05    8.68   33.71
G-C     0.00    0.00    0.00    0.00    0.00    0.00    0.06   -0.12    3.54    0.34    8.52   32.70
G-C     0.00    0.00    0.00    0.00    0.00    0.00    0.27    0.37    3.04    0.12    4.36   32.91
A-T     0.00    0.00    0.00    0.00    0.00    0.00   -0.04   -0.51    3.12   -3.26    6.45   32.87
T-A     0.00    0.00    0.00    0.00    0.00    0.00   -0.49   -0.31    3.39   -2.58   -4.52   36.15
A-T     0.00    0.00    0.00    0.00    0.00    0.00   -0.08   -0.58    3.44    2.04   -5.55   36.36
T-A     0.00    0.00    0.00    0.00    0.00    0.00   -0.35   -0.64    3.50   -2.65    0.54   34.18
T-A     0.00    0.00    0.00    0.00    0.00    0.00    0.17    0.56    3.15    2.63   -1.04   37.11
G-C     0.00    0.00    0.00    0.00    0.00    0.00    0.31   -0.24    3.21    1.03    7.24   33.41
A-T     0.00    0.00    0.00    0.00    0.00    0.00   -0.09   -0.37    3.28   -0.46    1.76   33.24
T-A     0.00    0.00    0.00    0.00    0.00    0.00    0.19   -0.51    3.33    0.66    1.49   33.69
