 146 base-pairs
   0  ***local base-pair & step parameters***
       Shear  Stretch  Stagger Buckle Prop-Tw Opening   Shift  Slide    Rise    Tilt    Roll   Twist
A-T     0.00    0.00    0.00    0.00    0.00    0.00    0.00    0.00    0.00    0.00    0.00    0.00
T-A     0.00    0.00    0.00    0.00    0.00    0.00   -0.08   -0.32    3.26   -2.29    1.63   34.35
C-G     0.00    0.00    0.00    0.00    0.00    0.00    0.02   -0.13    3.14   -1.93    0.37   35.79
A-T     0.00    0.00    0.00    0.00    0.00    0.00    0.08    0.13    3.13   -0.44    1.72   35.72
A-T     0.00    0.00    0.00    0.00    0.00    0.00   -0.11    0.19    3.26    0.12    2.62   35.66
T-A     0.00    0.00    0.00    0.00    0.00    0.00   -0.18   -0.16    3.39    0.62   -0.69   37.22
A-T     0.00    0.00    0.00    0.00    0.00    0.00    0.16   -0.59    3.36    1.77   -4.72   37.96
T-A     0.00    0.00    0.00    0.00    0.00    0.00    0.50   -0.59    3.22    2.06   -3.37   35.19
C-G     0.00    0.00    0.00    0.00    0.00    0.00    0.29   -0.16    3.21    0.76    2.27   31.31
C-G     0.00    0.00    0.00    0.00    0.00    0.00   -0.25    0.15    3.35   -0.50    6.29   30.33
A-T     0.00    0.00    0.00    0.00    0.00    0.00   -0.42   -0.02    3.44   -0.64    7.58   31.44
C-G     0.00    0.00    0.00    0.00    0.00    0.00   -0.11   -0.32    3.37   -0.69    9.02   31.54
C-G     0.00    0.00    0.00    0.00    0.00    0.00    0.12   -0.24    3.31   -1.24    9.57   31.57
T-A     0.00    0.00    0.00    0.00    0.00    0.00    0.00    0.27    3.40   -1.50    5.69   34.35
G-C     0.00    0.00    0.00    0.00    0.00    0.00   -0.19    0.77    3.48   -1.32   -1.00   38.19
C-G     0.00    0.00    0.00    0.00    0.00    0.00   -0.14    0.91    3.39   -1.17   -5.41   39.22
A-T     0.00    0.00    0.00    0.00    0.00    0.00    0.08    0.74    3.25   -0.24   -6.78   38.21
G-C     0.00    0.00    0.00    0.00    0.00    0.00    0.30    0.39    3.25    2.11   -7.63   38.38
A-T     0.00    0.00    0.00    0.00    0.00    0.00    0.35   -0.15    3.26    3.85   -7.05   38.34
T-A     0.00    0.00    0.00    0.00    0.00    0.00    0.14   -0.72    3.13    3.02   -2.38   34.50
T-A     0.00    0.00    0.00    0.00    0.00    0.00   -0.20   -0.93    3.08    1.72    4.59   29.01
C-G     0.00    0.00    0.00    0.00    0.00    0.00   -0.20   -0.59    3.30    2.51    9.94   27.63
T-A     0.00    0.00    0.00    0.00    0.00    0.00    0.23   -0.08    3.55    2.99   13.35   30.30
A-T     0.00    0.00    0.00    0.00    0.00    0.00    0.53    0.18    3.41    0.00   14.98   31.65
C-G     0.00    0.00    0.00    0.00    0.00    0.00    0.30    0.29    3.03   -3.05   11.30   30.86
C-G     0.00    0.00    0.00    0.00    0.00    0.00   -0.06    0.61    2.92   -0.66    1.57   32.72
A-T     0.00    0.00    0.00    0.00    0.00    0.00    0.03    1.01    3.20    4.17   -6.44   38.04
A-T     0.00    0.00    0.00    0.00    0.00    0.00    0.39    0.93    3.41    3.45   -6.01   41.09
A-T     0.00    0.00    0.00    0.00    0.00    0.00    0.45    0.22    3.35   -2.08   -1.74   38.76
A-T     0.00    0.00    0.00    0.00    0.00    0.00    0.21   -0.54    3.27   -3.23   -1.00   34.84
G-C     0.00    0.00    0.00    0.00    0.00    0.00    0.09   -0.78    3.39    2.06   -1.12   32.86
T-A     0.00    0.00    0.00    0.00    0.00    0.00    0.08   -0.53    3.47    4.91    4.16   31.54
G-C     0.00    0.00    0.00    0.00    0.00    0.00   -0.10   -0.27    3.34    0.74   11.08   29.91
T-A     0.00    0.00    0.00    0.00    0.00    0.00   -0.25   -0.34    3.23   -3.24   11.14   30.50
A-T     0.00    0.00    0.00    0.00    0.00    0.00   -0.01   -0.65    3.36   -1.32    5.41   34.15
T-A     0.00    0.00    0.00    0.00    0.00    0.00    0.31   -0.87    3.53    1.19    1.02   37.16
T-A     0.00    0.00    0.00    0.00    0.00    0.00    0.16   -0.59    3.44   -0.88   -1.97   37.05
T-A     0.00    0.00    0.00    0.00    0.00    0.00   -0.23    0.27    3.22   -2.73   -7.14   36.35
G-C     0.00    0.00    0.00    0.00    0.00    0.00   -0.26    1.23    3.18    0.18   -9.79   37.35
G-C     0.00    0.00    0.00    0.00    0.00    0.00   -0.03    1.59    3.33    2.08   -3.43   37.86
A-T     0.00    0.00    0.00    0.00    0.00    0.00   -0.13    1.02    3.37   -2.52    5.99   35.52
A-T     0.00    0.00    0.00    0.00    0.00    0.00   -0.37    0.02    3.23   -6.85    7.63   32.32
A-T     0.00    0.00    0.00    0.00    0.00    0.00   -0.05   -0.62    3.15   -2.75    4.24   31.51
C-G     0.00    0.00    0.00    0.00    0.00    0.00    0.57   -0.52    3.27    4.05    6.31   33.12
T-A     0.00    0.00    0.00    0.00    0.00    0.00    0.48    0.07    3.43    2.85   11.16   35.29
G-C     0.00    0.00    0.00    0.00    0.00    0.00   -0.33    0.57    3.43   -3.51    6.68   37.41
C-G     0.00    0.00    0.00    0.00    0.00    0.00   -0.68    0.69    3.31   -3.65   -5.35   39.35
T-A     0.00    0.00    0.00    0.00    0.00    0.00   -0.12    0.66    3.23    2.43   -9.82   40.16
C-G     0.00    0.00    0.00    0.00    0.00    0.00    0.41    0.77    3.22    3.90   -3.31   39.36
C-G     0.00    0.00    0.00    0.00    0.00    0.00    0.22    0.89    3.22   -1.36    1.44   37.71
A-T     0.00    0.00    0.00    0.00    0.00    0.00   -0.03    0.65    3.23   -3.26   -0.80   35.77
T-A     0.00    0.00    0.00    0.00    0.00    0.00    0.28    0.10    3.34    2.26    0.25   33.83
C-G     0.00    0.00    0.00    0.00    0.00    0.00    0.59   -0.17    3.52    6.33    9.18   33.36
A-T     0.00    0.00    0.00    0.00    0.00    0.00    0.25    0.10    3.60    2.48   15.15   35.51
A-T     0.00    0.00    0.00    0.00    0.00    0.00   -0.34    0.42    3.43   -3.49   10.36   38.23
A-T     0.00    0.00    0.00    0.00    0.00    0.00   -0.50    0.31    3.20   -4.89    1.30   38.38
A-T     0.00    0.00    0.00    0.00    0.00    0.00   -0.36    0.03    3.23   -4.07   -5.84   36.51
G-C     0.00    0.00    0.00    0.00    0.00    0.00   -0.33    0.10    3.53   -4.64  -13.80   35.88
G-C     0.00    0.00    0.00    0.00    0.00    0.00   -0.18    0.35    3.77   -3.46  -20.82   36.93
C-G     0.00    0.00    0.00    0.00    0.00    0.00    0.32    0.34    3.75    2.02  -16.23   36.94
A-T     0.00    0.00    0.00    0.00    0.00    0.00    0.60    0.17    3.67    6.31    0.78   35.06
T-A     0.00    0.00    0.00    0.00    0.00    0.00    0.17    0.21    3.67    3.97   14.11   33.32
G-C     0.00    0.00    0.00    0.00    0.00    0.00   -0.36    0.35    3.60   -1.03   12.92   32.41
T-A     0.00    0.00    0.00    0.00    0.00    0.00   -0.22    0.19    3.34   -1.50    6.19   31.52
T-A     0.00    0.00    0.00    0.00    0.00    0.00    0.29    0.00    3.17    1.92    4.81   31.94
C-G     0.00    0.00    0.00    0.00    0.00    0.00    0.33    0.40    3.33    3.35    4.56   35.74
A-T     0.00    0.00    0.00    0.00    0.00    0.00   -0.05    1.17    3.58    1.53   -1.20   40.39
G-C     0.00    0.00    0.00    0.00    0.00    0.00   -0.11    1.43    3.51    0.12   -6.47   40.71
C-G     0.00    0.00    0.00    0.00    0.00    0.00    0.21    1.02    3.23    0.30   -3.63   36.93
T-A     0.00    0.00    0.00    0.00    0.00    0.00    0.30    0.69    3.18   -0.22    2.22   34.65
G-C     0.00    0.00    0.00    0.00    0.00    0.00    0.01    0.70    3.37   -1.93    3.30   35.80
A-T     0.00    0.00    0.00    0.00    0.00    0.00   -0.19    0.39    3.42   -2.43    2.89   35.87
A-T     0.00    0.00    0.00    0.00    0.00    0.00   -0.09   -0.41    3.20   -0.71    6.74   32.42
T-A     0.00    0.00    0.00    0.00    0.00    0.00    0.00   -0.80    3.10    1.49   10.49   29.63
T-A     0.00    0.00    0.00    0.00    0.00    0.00   -0.07   -0.21    3.27    2.27    7.97   31.30
C-G     0.00    0.00    0.00    0.00    0.00    0.00   -0.11    0.65    3.45    1.29    2.76   35.11
A-T     0.00    0.00    0.00    0.00    0.00    0.00   -0.06    0.95    3.39   -0.63    0.41   37.38
G-C     0.00    0.00    0.00    0.00    0.00    0.00   -0.05    0.96    3.30   -1.85   -1.79   38.43
C-G     0.00    0.00    0.00    0.00    0.00    0.00   -0.01    1.26    3.38   -1.14   -6.25   39.56
T-A     0.00    0.00    0.00    0.00    0.00    0.00    0.10    1.45    3.46    0.27   -6.33   39.27
G-C     0.00    0.00    0.00    0.00    0.00    0.00    0.07    0.93    3.35   -0.04    2.06   36.51
A-T     0.00    0.00    0.00    0.00    0.00    0.00   -0.21    0.09    3.23   -1.56   10.06   33.66
A-T     0.00    0.00    0.00    0.00    0.00    0.00   -0.35   -0.21    3.29   -1.16    9.14   32.70
C-G     0.00    0.00    0.00    0.00    0.00    0.00   -0.01    0.01    3.41    1.43    5.15   32.14
A-T     0.00    0.00    0.00    0.00    0.00    0.00    0.42    0.07    3.37    2.42    6.48   30.87
T-A     0.00    0.00    0.00    0.00    0.00    0.00    0.30   -0.07    3.29    0.22    8.06   31.36
G-C     0.00    0.00    0.00    0.00    0.00    0.00   -0.20    0.16    3.40   -1.66    1.18   35.47
C-G     0.00    0.00    0.00    0.00    0.00    0.00   -0.39    0.79    3.61   -0.58   -9.16   40.34
C-G     0.00    0.00    0.00    0.00    0.00    0.00   -0.11    1.18    3.60    0.90  -11.44   41.87
T-A     0.00    0.00    0.00    0.00    0.00    0.00    0.16    1.07    3.37    0.18   -5.29   39.73
T-A     0.00    0.00    0.00    0.00    0.00    0.00    0.19    0.72    3.19   -0.48    1.77   36.05
T-A     0.00    0.00    0.00    0.00    0.00    0.00    0.15    0.29    3.27    1.16    8.39   32.04
T-A     0.00    0.00    0.00    0.00    0.00    0.00    0.13   -0.32    3.46    2.15   16.01   28.48
G-C     0.00    0.00    0.00    0.00    0.00    0.00   -0.02   -0.83    3.51   -0.58   18.63   27.00
A-T     0.00    0.00    0.00    0.00    0.00    0.00   -0.18   -0.70    3.35   -3.56   10.91   28.31
T-A     0.00    0.00    0.00    0.00    0.00    0.00   -0.08    0.03    3.16   -2.00    0.72   31.09
G-C     0.00    0.00    0.00    0.00    0.00    0.00    0.11    0.63    3.14    1.61   -1.11   34.19
G-C     0.00    0.00    0.00    0.00    0.00    0.00    0.07    0.70    3.26    1.18    1.54   37.33
A-T     0.00    0.00    0.00    0.00    0.00    0.00   -0.06    0.54    3.34   -2.45   -1.86   39.18
G-C     0.00    0.00    0.00    0.00    0.00    0.00    0.15    0.51    3.30   -2.74   -8.23   38.10
C-G     0.00    0.00    0.00    0.00    0.00    0.00    0.43    0.52    3.30    1.10   -5.60   35.58
A-T     0.00    0.00    0.00    0.00    0.00    0.00    0.11    0.32    3.44    2.49    5.33   34.90
G-C     0.00    0.00    0.00    0.00    0.00    0.00   -0.71   -0.07    3.55   -1.19   11.61   35.64
T-A     0.00    0.00    0.00    0.00    0.00    0.00   -1.02   -0.45    3.41   -3.85    8.97   34.30
T-A     0.00    0.00    0.00    0.00    0.00    0.00   -0.34   -0.51    3.16   -0.90    5.75   31.20
T-A     0.00    0.00    0.00    0.00    0.00    0.00    0.52    0.05    3.08    3.17    5.76   31.08
C-G     0.00    0.00    0.00    0.00    0.00    0.00    0.63    1.04    3.18    2.68    3.25   35.26
C-G     0.00    0.00    0.00    0.00    0.00    0.00    0.15    1.67    3.26   -0.11   -3.04   38.98
A-T     0.00    0.00    0.00    0.00    0.00    0.00   -0.22    1.28    3.28   -0.05   -5.76   38.85
A-T     0.00    0.00    0.00    0.00    0.00    0.00   -0.26    0.24    3.36    1.39   -2.42   37.06
A-T     0.00    0.00    0.00    0.00    0.00    0.00   -0.25   -0.51    3.43   -0.62    0.40   35.89
T-A     0.00    0.00    0.00    0.00    0.00    0.00   -0.26   -0.65    3.27   -4.51   -0.30   34.00
A-T     0.00    0.00    0.00    0.00    0.00    0.00   -0.08   -0.55    3.06   -4.07    0.98   31.45
C-G     0.00    0.00    0.00    0.00    0.00    0.00    0.23   -0.50    3.17    0.74    6.51   31.72
A-T     0.00    0.00    0.00    0.00    0.00    0.00    0.37   -0.41    3.55    3.02   10.07   35.14
C-G     0.00    0.00    0.00    0.00    0.00    0.00    0.22   -0.34    3.65    0.17    7.52   36.63
T-A     0.00    0.00    0.00    0.00    0.00    0.00   -0.05   -0.45    3.34   -2.09    3.10   34.16
T-A     0.00    0.00    0.00    0.00    0.00    0.00   -0.28   -0.39    3.11   -0.04    0.74   33.01
T-A     0.00    0.00    0.00    0.00    0.00    0.00   -0.44    0.26    3.26    1.48   -1.71   36.61
T-A     0.00    0.00    0.00    0.00    0.00    0.00   -0.46    1.09    3.41   -2.06   -5.26   39.78
G-C     0.00    0.00    0.00    0.00    0.00    0.00   -0.28    1.17    3.22   -5.99   -5.19   37.06
G-C     0.00    0.00    0.00    0.00    0.00    0.00   -0.03    0.47    2.98   -3.65    1.42   31.83
T-A     0.00    0.00    0.00    0.00    0.00    0.00    0.02   -0.06    3.12    2.11    9.86   30.29
A-T     0.00    0.00    0.00    0.00    0.00    0.00   -0.15    0.04    3.41    2.96   13.85   31.51
G-C     0.00    0.00    0.00    0.00    0.00    0.00   -0.19    0.09    3.38   -1.78   12.49   30.90
A-T     0.00    0.00    0.00    0.00    0.00    0.00    0.10   -0.45    3.12   -4.84    8.27   29.24
A-T     0.00    0.00    0.00    0.00    0.00    0.00    0.42   -1.07    3.11   -3.15    2.95   30.60
T-A     0.00    0.00    0.00    0.00    0.00    0.00    0.25   -1.05    3.35   -1.29   -2.10   34.35
C-G     0.00    0.00    0.00    0.00    0.00    0.00   -0.34   -0.46    3.43   -1.83   -5.18   36.64
T-A     0.00    0.00    0.00    0.00    0.00    0.00   -0.65    0.26    3.24   -0.99   -6.00   37.36
G-C     0.00    0.00    0.00    0.00    0.00    0.00   -0.26    1.05    3.11    2.65   -5.19   38.82
C-G     0.00    0.00    0.00    0.00    0.00    0.00    0.35    1.78    3.17    3.69   -2.25   39.66
A-T     0.00    0.00    0.00    0.00    0.00    0.00    0.38    1.81    3.21   -0.72    2.94   36.93
G-C     0.00    0.00    0.00    0.00    0.00    0.00   -0.12    0.85    3.16   -4.53    7.78   32.54
G-C     0.00    0.00    0.00    0.00    0.00    0.00   -0.40   -0.24    3.23   -2.10    9.82   31.14
T-A     0.00    0.00    0.00    0.00    0.00    0.00   -0.15   -0.44    3.44    2.20   10.15   32.66
G-C     0.00    0.00    0.00    0.00    0.00    0.00    0.16    0.04    3.48    1.23   10.13   33.25
G-C     0.00    0.00    0.00    0.00    0.00    0.00    0.07    0.14    3.26   -3.13    7.61   32.40
A-T     0.00    0.00    0.00    0.00    0.00    0.00   -0.20   -0.37    3.10   -3.65    1.28   33.05
T-A     0.00    0.00    0.00    0.00    0.00    0.00   -0.27   -0.71    3.24   -0.02   -4.30   35.47
A-T     0.00    0.00    0.00    0.00    0.00    0.00   -0.17   -0.42    3.46    1.57   -4.06   36.71
T-A     0.00    0.00    0.00    0.00    0.00    0.00   -0.12    0.02    3.46   -0.50   -0.01   35.88
T-A     0.00    0.00    0.00    0.00    0.00    0.00   -0.04    0.02    3.28   -1.39    2.34   34.83
G-C     0.00    0.00    0.00    0.00    0.00    0.00    0.14   -0.29    3.18    0.88    2.34   34.24
A-T     0.00    0.00    0.00    0.00    0.00    0.00    0.21   -0.46    3.24    2.18    2.72   33.39
T-A     0.00    0.00    0.00    0.00    0.00    0.00    0.04   -0.42    3.31    0.06    3.09   33.06
