 146 base-pairs
   0  ***local base-pair & step parameters***
       Shear  Stretch  Stagger Buckle Prop-Tw Opening   Shift  Slide    Rise    Tilt    Roll   Twist
A-T     0.00    0.00    0.00    0.00    0.00    0.00    0.00    0.00    0.00    0.00    0.00    0.00
T-A     0.00    0.00    0.00    0.00    0.00    0.00   -0.03   -0.43    3.25   -1.23    0.18   35.16
C-G     0.00    0.00    0.00    0.00    0.00    0.00    0.06   -0.08    3.13   -0.55    1.19   36.30
A-T     0.00    0.00    0.00    0.00    0.00    0.00    0.05    0.26    3.13   -0.90    3.45   35.13
A-T     0.00    0.00    0.00    0.00    0.00    0.00   -0.15    0.19    3.27   -1.38    2.67   34.90
T-A     0.00    0.00    0.00    0.00    0.00    0.00   -0.17   -0.28    3.40    0.45   -2.23   37.47
A-T     0.00    0.00    0.00    0.00    0.00    0.00    0.20   -0.64    3.35    3.12   -5.51   38.81
T-A     0.00    0.00    0.00    0.00    0.00    0.00    0.50   -0.48    3.21    2.75   -2.36   35.31
C-G     0.00    0.00    0.00    0.00    0.00    0.00    0.26   -0.07    3.21   -0.25    3.46   30.53
C-G     0.00    0.00    0.00    0.00    0.00    0.00   -0.26    0.07    3.37   -1.52    5.97   29.89
A-T     0.00    0.00    0.00    0.00    0.00    0.00   -0.40   -0.13    3.45   -0.09    6.39   32.01
C-G     0.00    0.00    0.00    0.00    0.00    0.00   -0.11   -0.29    3.35    0.47    8.69   32.20
C-G     0.00    0.00    0.00    0.00    0.00    0.00    0.10   -0.12    3.29   -1.32   10.42   31.31
T-A     0.00    0.00    0.00    0.00    0.00    0.00   -0.01    0.29    3.41   -2.58    6.42   33.60
G-C     0.00    0.00    0.00    0.00    0.00    0.00   -0.16    0.66    3.50   -1.63   -1.32   38.13
C-G     0.00    0.00    0.00    0.00    0.00    0.00   -0.14    0.86    3.39   -0.29   -6.20   39.90
A-T     0.00    0.00    0.00    0.00    0.00    0.00    0.05    0.83    3.23    0.33   -6.99   38.54
G-C     0.00    0.00    0.00    0.00    0.00    0.00    0.29    0.47    3.24    1.51   -7.10   37.88
A-T     0.00    0.00    0.00    0.00    0.00    0.00    0.39   -0.21    3.27    3.14   -6.50   37.83
T-A     0.00    0.00    0.00    0.00    0.00    0.00    0.16   -0.82    3.15    3.35   -2.45   34.76
T-A     0.00    0.00    0.00    0.00    0.00    0.00   -0.23   -0.90    3.07    2.45    4.01   29.58
C-G     0.00    0.00    0.00    0.00    0.00    0.00   -0.24   -0.48    3.28    2.40    9.55   27.62
T-A     0.00    0.00    0.00    0.00    0.00    0.00    0.25   -0.07    3.54    2.30   13.65   29.78
A-T     0.00    0.00    0.00    0.00    0.00    0.00    0.60    0.08    3.43   -0.07   15.67   31.46
C-G     0.00    0.00    0.00    0.00    0.00    0.00    0.30    0.24    3.04   -2.42   11.49   31.26
C-G     0.00    0.00    0.00    0.00    0.00    0.00   -0.14    0.70    2.91   -0.46    0.89   33.04
A-T     0.00    0.00    0.00    0.00    0.00    0.00   -0.01    1.09    3.18    3.60   -7.14   37.80
A-T     0.00    0.00    0.00    0.00    0.00    0.00    0.46    0.87    3.42    3.12   -5.67   40.74
A-T     0.00    0.00    0.00    0.00    0.00    0.00    0.51    0.13    3.37   -1.56   -0.68   38.85
A-T     0.00    0.00    0.00    0.00    0.00    0.00    0.17   -0.52    3.28   -2.77   -0.75   35.16
G-C     0.00    0.00    0.00    0.00    0.00    0.00    0.00   -0.67    3.37    1.61   -2.20   32.88
T-A     0.00    0.00    0.00    0.00    0.00    0.00    0.08   -0.51    3.46    4.29    3.26   31.28
G-C     0.00    0.00    0.00    0.00    0.00    0.00    0.00   -0.38    3.35    1.05   11.80   29.83
T-A     0.00    0.00    0.00    0.00    0.00    0.00   -0.21   -0.39    3.25   -2.45   12.56   30.70
A-T     0.00    0.00    0.00    0.00    0.00    0.00   -0.10   -0.56    3.36   -1.42    5.37   34.25
T-A     0.00    0.00    0.00    0.00    0.00    0.00    0.23   -0.78    3.51    0.28   -0.58   36.99
T-A     0.00    0.00    0.00    0.00    0.00    0.00    0.22   -0.65    3.43   -1.08   -2.76   36.95
T-A     0.00    0.00    0.00    0.00    0.00    0.00   -0.12    0.16    3.23   -1.80   -5.79   36.51
G-C     0.00    0.00    0.00    0.00    0.00    0.00   -0.27    1.26    3.20    0.76   -8.24   37.47
G-C     0.00    0.00    0.00    0.00    0.00    0.00   -0.15    1.70    3.32    1.28   -4.09   37.69
A-T     0.00    0.00    0.00    0.00    0.00    0.00   -0.17    1.04    3.35   -3.46    3.99   35.35
A-T     0.00    0.00    0.00    0.00    0.00    0.00   -0.26   -0.09    3.23   -6.35    7.35   32.48
A-T     0.00    0.00    0.00    0.00    0.00    0.00    0.04   -0.68    3.17   -1.53    6.23   31.75
C-G     0.00    0.00    0.00    0.00    0.00    0.00    0.50   -0.42    3.29    4.00    7.59   32.99
T-A     0.00    0.00    0.00    0.00    0.00    0.00    0.36    0.17    3.42    1.52    9.69   34.96
G-C     0.00    0.00    0.00    0.00    0.00    0.00   -0.31    0.51    3.41   -4.00    4.63   37.44
C-G     0.00    0.00    0.00    0.00    0.00    0.00   -0.55    0.57    3.32   -2.43   -4.82   39.75
T-A     0.00    0.00    0.00    0.00    0.00    0.00   -0.08    0.68    3.25    3.46   -7.43   40.28
C-G     0.00    0.00    0.00    0.00    0.00    0.00    0.29    0.90    3.23    3.05   -2.71   38.95
C-G     0.00    0.00    0.00    0.00    0.00    0.00    0.13    0.93    3.21   -2.80   -0.73   37.40
A-T     0.00    0.00    0.00    0.00    0.00    0.00    0.05    0.53    3.22   -2.98   -2.45   36.10
T-A     0.00    0.00    0.00    0.00    0.00    0.00    0.40    0.02    3.34    3.88    1.67   34.31
C-G     0.00    0.00    0.00    0.00    0.00    0.00    0.57   -0.08    3.54    6.72   11.55   33.20
A-T     0.00    0.00    0.00    0.00    0.00    0.00    0.12    0.21    3.60    0.97   14.82   34.91
A-T     0.00    0.00    0.00    0.00    0.00    0.00   -0.38    0.37    3.41   -4.54    7.81   38.15
A-T     0.00    0.00    0.00    0.00    0.00    0.00   -0.39    0.17    3.19   -3.78    0.42   39.00
A-T     0.00    0.00    0.00    0.00    0.00    0.00   -0.28    0.03    3.24   -2.53   -3.70   36.86
G-C     0.00    0.00    0.00    0.00    0.00    0.00   -0.41    0.23    3.55   -5.13  -11.92   35.37
G-C     0.00    0.00    0.00    0.00    0.00    0.00   -0.29    0.40    3.77   -5.23  -22.07   36.33
C-G     0.00    0.00    0.00    0.00    0.00    0.00    0.35    0.23    3.74    1.76  -18.69   37.22
A-T     0.00    0.00    0.00    0.00    0.00    0.00    0.72    0.07    3.67    7.99    0.87   35.82
T-A     0.00    0.00    0.00    0.00    0.00    0.00    0.20    0.29    3.68    4.94   16.57   33.35
G-C     0.00    0.00    0.00    0.00    0.00    0.00   -0.47    0.47    3.61   -2.31   13.99   31.64
T-A     0.00    0.00    0.00    0.00    0.00    0.00   -0.29    0.16    3.34   -3.01    4.28   31.15
T-A     0.00    0.00    0.00    0.00    0.00    0.00    0.36   -0.13    3.16    2.56    2.88   32.58
C-G     0.00    0.00    0.00    0.00    0.00    0.00    0.42    0.38    3.33    5.12    5.52   36.40
A-T     0.00    0.00    0.00    0.00    0.00    0.00   -0.07    1.29    3.59    1.64    1.11   40.03
G-C     0.00    0.00    0.00    0.00    0.00    0.00   -0.21    1.50    3.52   -1.58   -6.31   39.88
C-G     0.00    0.00    0.00    0.00    0.00    0.00    0.19    0.92    3.23   -0.51   -5.78   36.93
T-A     0.00    0.00    0.00    0.00    0.00    0.00    0.38    0.58    3.17    1.11    1.07   35.51
G-C     0.00    0.00    0.00    0.00    0.00    0.00    0.05    0.75    3.36   -0.58    4.80   36.17
A-T     0.00    0.00    0.00    0.00    0.00    0.00   -0.24    0.52    3.42   -3.17    4.68   35.17
A-T     0.00    0.00    0.00    0.00    0.00    0.00   -0.15   -0.42    3.21   -2.32    6.16   31.75
T-A     0.00    0.00    0.00    0.00    0.00    0.00    0.02   -0.93    3.10    1.54    8.55   30.04
T-A     0.00    0.00    0.00    0.00    0.00    0.00    0.00   -0.25    3.26    3.85    7.60   32.15
C-G     0.00    0.00    0.00    0.00    0.00    0.00   -0.10    0.76    3.44    1.88    4.39   35.06
A-T     0.00    0.00    0.00    0.00    0.00    0.00   -0.11    1.03    3.39   -1.91    1.52   36.52
G-C     0.00    0.00    0.00    0.00    0.00    0.00   -0.06    0.88    3.31   -2.92   -2.76   38.11
C-G     0.00    0.00    0.00    0.00    0.00    0.00    0.02    1.14    3.38   -0.36   -7.71   40.27
T-A     0.00    0.00    0.00    0.00    0.00    0.00    0.12    1.49    3.44    1.58   -6.16   39.89
G-C     0.00    0.00    0.00    0.00    0.00    0.00    0.05    1.05    3.34   -0.26    3.45   36.08
A-T     0.00    0.00    0.00    0.00    0.00    0.00   -0.23    0.10    3.24   -2.88   10.58   32.87
A-T     0.00    0.00    0.00    0.00    0.00    0.00   -0.34   -0.32    3.30   -1.45    8.18   32.78
C-G     0.00    0.00    0.00    0.00    0.00    0.00    0.01   -0.04    3.40    2.54    4.21   32.93
A-T     0.00    0.00    0.00    0.00    0.00    0.00    0.40    0.17    3.35    3.11    6.83   31.12
T-A     0.00    0.00    0.00    0.00    0.00    0.00    0.29    0.02    3.29   -0.55    9.04   30.71
G-C     0.00    0.00    0.00    0.00    0.00    0.00   -0.18    0.10    3.42   -2.56    1.41   34.96
C-G     0.00    0.00    0.00    0.00    0.00    0.00   -0.37    0.68    3.62   -0.19   -9.85   40.74
C-G     0.00    0.00    0.00    0.00    0.00    0.00   -0.13    1.21    3.59    1.84  -12.04   42.52
T-A     0.00    0.00    0.00    0.00    0.00    0.00    0.13    1.18    3.35    0.14   -5.08   39.61
T-A     0.00    0.00    0.00    0.00    0.00    0.00    0.20    0.74    3.19   -1.35    2.42   35.40
T-A     0.00    0.00    0.00    0.00    0.00    0.00    0.19    0.19    3.29    0.93    8.66   31.89
T-A     0.00    0.00    0.00    0.00    0.00    0.00    0.13   -0.37    3.47    2.85   15.62   29.02
G-C     0.00    0.00    0.00    0.00    0.00    0.00   -0.07   -0.75    3.49   -0.17   18.05   27.36
A-T     0.00    0.00    0.00    0.00    0.00    0.00   -0.20   -0.62    3.33   -4.10   10.84   27.96
T-A     0.00    0.00    0.00    0.00    0.00    0.00   -0.03   -0.03    3.17   -2.50    1.31   30.64
G-C     0.00    0.00    0.00    0.00    0.00    0.00    0.16    0.53    3.16    1.99   -0.56   34.33
G-C     0.00    0.00    0.00    0.00    0.00    0.00    0.02    0.72    3.27    1.74    1.26   37.79
A-T     0.00    0.00    0.00    0.00    0.00    0.00   -0.13    0.64    3.32   -2.70   -2.72   39.22
G-C     0.00    0.00    0.00    0.00    0.00    0.00    0.17    0.52    3.29   -3.35   -8.49   37.72
C-G     0.00    0.00    0.00    0.00    0.00    0.00    0.52    0.41    3.32    1.23   -4.75   35.42
A-T     0.00    0.00    0.00    0.00    0.00    0.00    0.12    0.27    3.46    3.14    6.16   35.18
G-C     0.00    0.00    0.00    0.00    0.00    0.00   -0.80    0.01    3.54   -1.17   11.12   35.86
T-A     0.00    0.00    0.00    0.00    0.00    0.00   -1.07   -0.37    3.39   -4.55    7.71   34.13
T-A     0.00    0.00    0.00    0.00    0.00    0.00   -0.27   -0.57    3.15   -1.12    5.60   30.97
T-A     0.00    0.00    0.00    0.00    0.00    0.00    0.61   -0.05    3.10    3.89    7.10   31.18
C-G     0.00    0.00    0.00    0.00    0.00    0.00    0.60    1.07    3.20    3.14    4.14   35.47
C-G     0.00    0.00    0.00    0.00    0.00    0.00    0.03    1.78    3.25   -0.75   -4.05   38.93
A-T     0.00    0.00    0.00    0.00    0.00    0.00   -0.23    1.29    3.26   -0.79   -7.29   38.66
A-T     0.00    0.00    0.00    0.00    0.00    0.00   -0.14    0.13    3.36    1.84   -2.10   37.10
A-T     0.00    0.00    0.00    0.00    0.00    0.00   -0.18   -0.56    3.45    0.36    2.23   36.08
T-A     0.00    0.00    0.00    0.00    0.00    0.00   -0.35   -0.55    3.28   -4.64    0.29   33.97
A-T     0.00    0.00    0.00    0.00    0.00    0.00   -0.19   -0.47    3.04   -5.20   -0.70   31.22
C-G     0.00    0.00    0.00    0.00    0.00    0.00    0.27   -0.56    3.16    0.44    5.05   31.70
A-T     0.00    0.00    0.00    0.00    0.00    0.00    0.50   -0.52    3.55    4.12   11.13   35.41
C-G     0.00    0.00    0.00    0.00    0.00    0.00    0.23   -0.32    3.67    0.94    9.60   36.72
T-A     0.00    0.00    0.00    0.00    0.00    0.00   -0.18   -0.32    3.34   -2.97    3.01   33.87
T-A     0.00    0.00    0.00    0.00    0.00    0.00   -0.34   -0.37    3.09   -1.23   -1.49   32.80
T-A     0.00    0.00    0.00    0.00    0.00    0.00   -0.34    0.14    3.25    1.93   -2.70   36.88
T-A     0.00    0.00    0.00    0.00    0.00    0.00   -0.35    1.02    3.43   -0.61   -3.42   40.12
G-C     0.00    0.00    0.00    0.00    0.00    0.00   -0.33    1.27    3.23   -5.86   -3.28   36.88
G-C     0.00    0.00    0.00    0.00    0.00    0.00   -0.16    0.58    2.97   -5.12    0.44   31.36
T-A     0.00    0.00    0.00    0.00    0.00    0.00    0.01   -0.11    3.10    1.35    7.42   30.29
A-T     0.00    0.00    0.00    0.00    0.00    0.00   -0.02   -0.09    3.41    4.18   13.69   32.03
G-C     0.00    0.00    0.00    0.00    0.00    0.00   -0.13    0.10    3.39   -0.48   14.90   31.11
A-T     0.00    0.00    0.00    0.00    0.00    0.00    0.00   -0.32    3.13   -5.56    9.58   28.75
A-T     0.00    0.00    0.00    0.00    0.00    0.00    0.31   -1.03    3.10   -4.79    1.12   30.15
T-A     0.00    0.00    0.00    0.00    0.00    0.00    0.30   -1.16    3.34   -1.26   -4.27   34.69
C-G     0.00    0.00    0.00    0.00    0.00    0.00   -0.21   -0.54    3.43   -0.13   -4.37   37.27
T-A     0.00    0.00    0.00    0.00    0.00    0.00   -0.65    0.35    3.26   -0.30   -3.44   37.27
G-C     0.00    0.00    0.00    0.00    0.00    0.00   -0.38    1.17    3.12    1.20   -4.79   38.11
C-G     0.00    0.00    0.00    0.00    0.00    0.00    0.29    1.73    3.17    2.38   -4.61   39.45
A-T     0.00    0.00    0.00    0.00    0.00    0.00    0.48    1.67    3.20    0.19    1.43   37.58
G-C     0.00    0.00    0.00    0.00    0.00    0.00   -0.02    0.84    3.16   -2.82    9.41   33.05
G-C     0.00    0.00    0.00    0.00    0.00    0.00   -0.45   -0.11    3.24   -2.30   12.06   30.68
T-A     0.00    0.00    0.00    0.00    0.00    0.00   -0.26   -0.38    3.44    0.40    9.60   31.93
G-C     0.00    0.00    0.00    0.00    0.00    0.00    0.16   -0.07    3.47    0.67    7.69   33.41
G-C     0.00    0.00    0.00    0.00    0.00    0.00    0.18    0.04    3.25   -1.58    7.00   33.23
A-T     0.00    0.00    0.00    0.00    0.00    0.00   -0.16   -0.30    3.10   -2.44    3.37   33.24
T-A     0.00    0.00    0.00    0.00    0.00    0.00   -0.34   -0.58    3.25   -1.05   -2.75   34.70
A-T     0.00    0.00    0.00    0.00    0.00    0.00   -0.24   -0.44    3.47   -0.04   -5.34   36.18
T-A     0.00    0.00    0.00    0.00    0.00    0.00   -0.07   -0.12    3.46   -0.17   -2.09   36.43
T-A     0.00    0.00    0.00    0.00    0.00    0.00    0.04   -0.02    3.27    0.33    2.60   35.61
G-C     0.00    0.00    0.00    0.00    0.00    0.00    0.14   -0.17    3.18    1.26    4.43   34.03
A-T     0.00    0.00    0.00    0.00    0.00    0.00    0.14   -0.38    3.25    0.66    3.46   32.51
T-A     0.00    0.00    0.00    0.00    0.00    0.00    0.02   -0.51    3.32   -0.94    1.47   32.90
