 146 base-pairs
   0  ***local base-pair & step parameters***
       Shear  Stretch  Stagger Buckle Prop-Tw Opening   Shift  Slide    Rise    Tilt    Roll   Twist
A-T     0.00    0.00    0.00    0.00    0.00    0.00    0.00    0.00    0.00    0.00    0.00    0.00
T-A     0.00    0.00    0.00    0.00    0.00    0.00   -0.21   -0.68    3.30   -3.88    1.93   33.47
C-G     0.00    0.00    0.00    0.00    0.00    0.00    0.15    0.12    3.06    1.24   -1.03   37.26
A-T     0.00    0.00    0.00    0.00    0.00    0.00    0.01    0.09    3.24   -1.34    6.03   34.90
A-T     0.00    0.00    0.00    0.00    0.00    0.00   -0.21    0.60    3.16   -0.39   -1.05   35.89
T-A     0.00    0.00    0.00    0.00    0.00    0.00    0.06   -0.45    3.37    0.74   -0.06   36.74
A-T     0.00    0.00    0.00    0.00    0.00    0.00    0.01   -0.76    3.44    0.34   -4.68   38.33
T-A     0.00    0.00    0.00    0.00    0.00    0.00    0.56   -0.49    3.21    4.54   -3.98   36.32
C-G     0.00    0.00    0.00    0.00    0.00    0.00    0.14   -0.29    3.30   -0.76    5.77   29.66
C-G     0.00    0.00    0.00    0.00    0.00    0.00   -0.21    0.55    3.16    0.09    2.06   30.37
A-T     0.00    0.00    0.00    0.00    0.00    0.00   -0.18   -0.27    3.48   -0.63    9.60   31.43
C-G     0.00    0.00    0.00    0.00    0.00    0.00   -0.30   -0.24    3.44   -1.40    7.82   33.05
C-G     0.00    0.00    0.00    0.00    0.00    0.00    0.16   -0.30    3.31    0.26    9.72   31.68
T-A     0.00    0.00    0.00    0.00    0.00    0.00   -0.15    0.07    3.45   -3.67    8.62   32.16
G-C     0.00    0.00    0.00    0.00    0.00    0.00   -0.07    1.06    3.30   -0.03   -4.76   38.48
C-G     0.00    0.00    0.00    0.00    0.00    0.00   -0.01    0.72    3.51   -0.99   -2.76   39.83
A-T     0.00    0.00    0.00    0.00    0.00    0.00   -0.11    1.09    3.24   -0.03   -9.70   39.98
G-C     0.00    0.00    0.00    0.00    0.00    0.00    0.41    0.21    3.24    2.35   -6.37   37.26
A-T     0.00    0.00    0.00    0.00    0.00    0.00    0.25   -0.38    3.31    1.31   -4.58   36.61
T-A     0.00    0.00    0.00    0.00    0.00    0.00    0.23   -0.61    3.03    4.79   -5.23   35.31
T-A     0.00    0.00    0.00    0.00    0.00    0.00   -0.22   -1.05    3.22    2.13    7.07   29.67
C-G     0.00    0.00    0.00    0.00    0.00    0.00   -0.31   -0.07    3.15    3.32    5.62   28.74
T-A     0.00    0.00    0.00    0.00    0.00    0.00    0.44   -0.34    3.55    2.07   15.96   28.61
A-T     0.00    0.00    0.00    0.00    0.00    0.00    0.44    0.01    3.50   -2.12   16.66   31.34
C-G     0.00    0.00    0.00    0.00    0.00    0.00    0.32    0.22    3.02   -1.10    9.46   31.77
C-G     0.00    0.00    0.00    0.00    0.00    0.00   -0.20    0.56    3.02   -0.49    3.47   32.69
A-T     0.00    0.00    0.00    0.00    0.00    0.00    0.03    1.57    2.94    5.04  -11.31   38.27
A-T     0.00    0.00    0.00    0.00    0.00    0.00    0.65    0.64    3.49    2.11   -2.25   39.86
A-T     0.00    0.00    0.00    0.00    0.00    0.00    0.35    0.21    3.45   -2.91   -1.34   39.98
A-T     0.00    0.00    0.00    0.00    0.00    0.00    0.17   -0.75    3.29   -1.76   -1.74   35.00
G-C     0.00    0.00    0.00    0.00    0.00    0.00   -0.09   -0.79    3.42    1.34    0.10   32.02
T-A     0.00    0.00    0.00    0.00    0.00    0.00    0.16   -0.10    3.22    5.60   -0.43   31.43
G-C     0.00    0.00    0.00    0.00    0.00    0.00    0.13   -0.54    3.50    0.04   15.43   29.70
T-A     0.00    0.00    0.00    0.00    0.00    0.00   -0.35   -0.14    3.26   -2.53   10.10   32.38
A-T     0.00    0.00    0.00    0.00    0.00    0.00   -0.05   -0.92    3.37   -1.20    5.88   33.10
T-A     0.00    0.00    0.00    0.00    0.00    0.00    0.14   -0.86    3.54   -0.58    1.39   36.28
T-A     0.00    0.00    0.00    0.00    0.00    0.00    0.27   -0.43    3.28   -0.06   -5.74   37.13
T-A     0.00    0.00    0.00    0.00    0.00    0.00   -0.08    0.05    3.41   -2.14   -2.69   36.84
G-C     0.00    0.00    0.00    0.00    0.00    0.00   -0.33    1.64    3.07    1.76  -11.91   38.76
G-C     0.00    0.00    0.00    0.00    0.00    0.00   -0.04    1.34    3.35    0.41   -1.96   36.03
A-T     0.00    0.00    0.00    0.00    0.00    0.00   -0.27    1.04    3.40   -4.58    5.12   35.63
A-T     0.00    0.00    0.00    0.00    0.00    0.00   -0.28   -0.13    3.18   -5.57    5.14   32.54
A-T     0.00    0.00    0.00    0.00    0.00    0.00    0.02   -0.75    3.30   -1.19    8.68   31.88
C-G     0.00    0.00    0.00    0.00    0.00    0.00    0.54    0.03    3.05    5.36    3.68   33.50
T-A     0.00    0.00    0.00    0.00    0.00    0.00    0.50   -0.13    3.52   -0.11   12.94   33.71
G-C     0.00    0.00    0.00    0.00    0.00    0.00   -0.42    0.61    3.48   -4.62    4.29   38.88
C-G     0.00    0.00    0.00    0.00    0.00    0.00   -0.61    0.31    3.32   -2.04   -6.00   39.11
T-A     0.00    0.00    0.00    0.00    0.00    0.00   -0.11    0.66    3.30    3.93   -5.39   39.97
C-G     0.00    0.00    0.00    0.00    0.00    0.00    0.37    1.29    2.97    4.12   -6.14   38.97
C-G     0.00    0.00    0.00    0.00    0.00    0.00    0.23    0.73    3.38   -4.28    2.65   37.13
A-T     0.00    0.00    0.00    0.00    0.00    0.00   -0.05    0.75    3.22   -2.58   -4.42   38.03
T-A     0.00    0.00    0.00    0.00    0.00    0.00    0.37   -0.38    3.36    3.45    1.93   32.68
C-G     0.00    0.00    0.00    0.00    0.00    0.00    0.55   -0.05    3.56    6.82   13.30   32.98
A-T     0.00    0.00    0.00    0.00    0.00    0.00    0.16    0.43    3.43    1.60   12.09   34.83
A-T     0.00    0.00    0.00    0.00    0.00    0.00   -0.35    0.28    3.61   -5.08   10.54   38.62
A-T     0.00    0.00    0.00    0.00    0.00    0.00   -0.41    0.51    3.07   -2.53   -2.63   40.47
A-T     0.00    0.00    0.00    0.00    0.00    0.00   -0.25   -0.40    3.28   -4.07   -1.90   34.73
G-C     0.00    0.00    0.00    0.00    0.00    0.00   -0.43    0.30    3.59   -5.27  -10.81   36.00
G-C     0.00    0.00    0.00    0.00    0.00    0.00   -0.34    0.36    3.70   -4.94  -24.09   36.06
C-G     0.00    0.00    0.00    0.00    0.00    0.00    0.35    0.24    3.88    2.28  -16.78   37.70
A-T     0.00    0.00    0.00    0.00    0.00    0.00    0.79    0.46    3.44    9.38   -2.34   36.40
T-A     0.00    0.00    0.00    0.00    0.00    0.00    0.26   -0.07    3.78    2.65   19.38   31.71
G-C     0.00    0.00    0.00    0.00    0.00    0.00   -0.51    0.59    3.67   -2.11   13.91   33.34
T-A     0.00    0.00    0.00    0.00    0.00    0.00   -0.41   -0.12    3.33   -3.17    3.15   30.16
T-A     0.00    0.00    0.00    0.00    0.00    0.00    0.37   -0.05    3.20    3.59    4.29   32.71
C-G     0.00    0.00    0.00    0.00    0.00    0.00    0.52    0.73    3.08    6.05    2.83   36.36
A-T     0.00    0.00    0.00    0.00    0.00    0.00   -0.03    1.08    3.77   -0.42    3.95   39.55
G-C     0.00    0.00    0.00    0.00    0.00    0.00   -0.25    1.69    3.54   -0.60   -7.72   42.00
C-G     0.00    0.00    0.00    0.00    0.00    0.00    0.07    0.49    3.24   -1.51   -5.67   34.95
T-A     0.00    0.00    0.00    0.00    0.00    0.00    0.42    0.71    3.16    2.04    2.25   35.67
G-C     0.00    0.00    0.00    0.00    0.00    0.00    0.11    0.95    3.19   -0.24    2.79   35.94
A-T     0.00    0.00    0.00    0.00    0.00    0.00   -0.24    0.45    3.62   -4.08    6.69   35.67
A-T     0.00    0.00    0.00    0.00    0.00    0.00   -0.13   -0.15    3.12   -0.74    3.92   33.36
T-A     0.00    0.00    0.00    0.00    0.00    0.00   -0.04   -1.40    3.13   -0.58   10.02   27.54
T-A     0.00    0.00    0.00    0.00    0.00    0.00    0.04   -0.11    3.28    4.59    8.39   33.03
C-G     0.00    0.00    0.00    0.00    0.00    0.00   -0.16    0.72    3.37    1.78    2.97   34.62
A-T     0.00    0.00    0.00    0.00    0.00    0.00   -0.12    1.11    3.52   -1.41    2.53   37.25
G-C     0.00    0.00    0.00    0.00    0.00    0.00    0.04    1.19    3.11   -1.41   -4.99   38.75
C-G     0.00    0.00    0.00    0.00    0.00    0.00    0.00    0.76    3.47   -3.25   -5.41   38.29
T-A     0.00    0.00    0.00    0.00    0.00    0.00    0.14    1.62    3.49    2.55   -6.18   41.72
G-C     0.00    0.00    0.00    0.00    0.00    0.00   -0.10    0.77    3.34   -0.82    2.70   34.94
A-T     0.00    0.00    0.00    0.00    0.00    0.00   -0.20    0.28    3.26   -1.52   11.00   33.33
A-T     0.00    0.00    0.00    0.00    0.00    0.00   -0.20   -0.04    3.08   -0.58    6.56   32.72
C-G     0.00    0.00    0.00    0.00    0.00    0.00   -0.02   -0.27    3.57   -0.10    6.35   32.25
A-T     0.00    0.00    0.00    0.00    0.00    0.00    0.42    0.31    3.38    4.64    5.88   33.33
T-A     0.00    0.00    0.00    0.00    0.00    0.00    0.11   -0.42    3.30   -1.93    9.25   28.56
G-C     0.00    0.00    0.00    0.00    0.00    0.00   -0.11    0.32    3.39   -1.03    1.68   35.38
C-G     0.00    0.00    0.00    0.00    0.00    0.00   -0.28    0.83    3.47   -0.04  -10.79   40.46
C-G     0.00    0.00    0.00    0.00    0.00    0.00   -0.18    1.17    3.78    0.49  -10.92   43.00
T-A     0.00    0.00    0.00    0.00    0.00    0.00    0.20    1.36    3.29    2.05   -6.52   41.26
T-A     0.00    0.00    0.00    0.00    0.00    0.00    0.06    0.27    3.22   -3.85    3.70   32.71
T-A     0.00    0.00    0.00    0.00    0.00    0.00    0.28    0.39    3.28    2.36    8.81   32.89
T-A     0.00    0.00    0.00    0.00    0.00    0.00    0.09   -0.42    3.42    2.52   15.14   28.55
G-C     0.00    0.00    0.00    0.00    0.00    0.00   -0.11   -0.61    3.60    0.11   17.97   28.24
A-T     0.00    0.00    0.00    0.00    0.00    0.00   -0.05   -0.41    3.17   -2.45    9.67   28.60
T-A     0.00    0.00    0.00    0.00    0.00    0.00   -0.14   -0.42    3.25   -5.81    3.18   28.46
G-C     0.00    0.00    0.00    0.00    0.00    0.00    0.23    0.69    3.20    3.56   -0.82   36.16
G-C     0.00    0.00    0.00    0.00    0.00    0.00   -0.13    0.46    3.28    0.99    1.20   36.67
A-T     0.00    0.00    0.00    0.00    0.00    0.00   -0.10    0.91    3.32   -1.25   -3.50   39.89
G-C     0.00    0.00    0.00    0.00    0.00    0.00    0.35    0.71    3.11   -2.49   -8.88   37.62
C-G     0.00    0.00    0.00    0.00    0.00    0.00    0.42    0.19    3.47   -1.87   -3.27   34.59
A-T     0.00    0.00    0.00    0.00    0.00    0.00    0.19    0.37    3.50    5.10    5.42   37.31
G-C     0.00    0.00    0.00    0.00    0.00    0.00   -1.01   -0.39    3.56   -2.67   11.69   33.77
T-A     0.00    0.00    0.00    0.00    0.00    0.00   -0.98   -0.06    3.32   -2.70    6.83   34.67
T-A     0.00    0.00    0.00    0.00    0.00    0.00   -0.14   -0.47    3.04   -1.07    5.93   30.68
T-A     0.00    0.00    0.00    0.00    0.00    0.00    0.50   -0.07    3.26    2.10    7.34   31.64
C-G     0.00    0.00    0.00    0.00    0.00    0.00    0.70    1.15    3.17    5.28    3.32   37.02
C-G     0.00    0.00    0.00    0.00    0.00    0.00   -0.16    1.34    3.27   -3.34   -2.74   36.27
A-T     0.00    0.00    0.00    0.00    0.00    0.00   -0.11    1.57    3.20    1.04   -8.06   39.63
A-T     0.00    0.00    0.00    0.00    0.00    0.00   -0.14    0.07    3.35    1.41   -1.42   36.72
A-T     0.00    0.00    0.00    0.00    0.00    0.00   -0.26   -0.38    3.53    0.35    1.06   37.06
T-A     0.00    0.00    0.00    0.00    0.00    0.00   -0.17   -0.47    3.18   -2.93    0.06   34.50
A-T     0.00    0.00    0.00    0.00    0.00    0.00   -0.36   -0.83    3.11   -8.63    0.93   29.02
C-G     0.00    0.00    0.00    0.00    0.00    0.00    0.37   -0.39    3.16    2.35    4.27   33.36
A-T     0.00    0.00    0.00    0.00    0.00    0.00    0.37   -0.75    3.59    3.37   11.97   34.50
C-G     0.00    0.00    0.00    0.00    0.00    0.00    0.23    0.01    3.63    2.29    7.59   37.51
T-A     0.00    0.00    0.00    0.00    0.00    0.00    0.05   -0.25    3.22   -2.17    3.77   33.68
T-A     0.00    0.00    0.00    0.00    0.00    0.00   -0.50   -0.57    3.21   -4.55   -0.48   31.94
T-A     0.00    0.00    0.00    0.00    0.00    0.00   -0.25    0.20    3.28    4.08   -3.53   38.76
T-A     0.00    0.00    0.00    0.00    0.00    0.00   -0.55    0.66    3.46   -1.97   -2.28   38.30
G-C     0.00    0.00    0.00    0.00    0.00    0.00   -0.25    1.65    3.12   -3.94   -5.38   37.45
G-C     0.00    0.00    0.00    0.00    0.00    0.00    0.01    0.60    2.91   -5.18    2.00   31.05
T-A     0.00    0.00    0.00    0.00    0.00    0.00   -0.15   -0.11    3.23   -0.72    6.98   30.79
A-T     0.00    0.00    0.00    0.00    0.00    0.00    0.10   -0.10    3.40    6.36   13.19   33.32
G-C     0.00    0.00    0.00    0.00    0.00    0.00   -0.33   -0.28    3.42   -2.82   16.45   28.69
A-T     0.00    0.00    0.00    0.00    0.00    0.00    0.12    0.01    3.03   -3.60    7.78   29.57
A-T     0.00    0.00    0.00    0.00    0.00    0.00    0.36   -1.11    3.13   -5.26    2.97   29.91
T-A     0.00    0.00    0.00    0.00    0.00    0.00    0.18   -0.94    3.39   -1.54   -6.32   35.78
C-G     0.00    0.00    0.00    0.00    0.00    0.00   -0.02   -0.58    3.36    1.49   -3.95   37.54
T-A     0.00    0.00    0.00    0.00    0.00    0.00   -0.84    0.03    3.31   -3.51   -1.84   35.23
G-C     0.00    0.00    0.00    0.00    0.00    0.00   -0.27    1.36    3.09    3.17   -6.28   39.46
C-G     0.00    0.00    0.00    0.00    0.00    0.00    0.20    1.53    3.24    1.76   -2.82   38.86
A-T     0.00    0.00    0.00    0.00    0.00    0.00    0.44    2.05    3.12    1.35   -1.61   38.47
G-C     0.00    0.00    0.00    0.00    0.00    0.00    0.22    0.80    3.09   -2.19   11.06   32.65
G-C     0.00    0.00    0.00    0.00    0.00    0.00   -0.64   -0.27    3.35   -5.52   12.86   29.93
T-A     0.00    0.00    0.00    0.00    0.00    0.00   -0.17   -0.36    3.46    2.49    8.44   33.42
G-C     0.00    0.00    0.00    0.00    0.00    0.00   -0.01   -0.37    3.53   -0.33    9.47   32.02
G-C     0.00    0.00    0.00    0.00    0.00    0.00    0.24    0.48    3.09    0.23    3.82   33.76
A-T     0.00    0.00    0.00    0.00    0.00    0.00    0.05   -0.36    3.09   -2.68    5.94   32.85
T-A     0.00    0.00    0.00    0.00    0.00    0.00   -0.53   -0.55    3.36   -3.17   -3.56   35.32
A-T     0.00    0.00    0.00    0.00    0.00    0.00   -0.14   -0.54    3.48    1.94   -5.83   37.06
T-A     0.00    0.00    0.00    0.00    0.00    0.00   -0.26   -0.43    3.49   -1.98   -0.20   34.44
T-A     0.00    0.00    0.00    0.00    0.00    0.00    0.15    0.36    3.11    2.18   -0.17   36.20
G-C     0.00    0.00    0.00    0.00    0.00    0.00    0.23   -0.27    3.25    0.73    7.25   33.90
A-T     0.00    0.00    0.00    0.00    0.00    0.00   -0.01   -0.13    3.28    0.24    0.87   33.75
T-A     0.00    0.00    0.00    0.00    0.00    0.00    0.19   -0.67    3.29    0.39    2.20   32.78
