 146 base-pairs
   0  ***local base-pair & step parameters***
       Shear  Stretch  Stagger Buckle Prop-Tw Opening   Shift  Slide    Rise    Tilt    Roll   Twist
A-T     0.00    0.00    0.00    0.00    0.00    0.00    0.00    0.00    0.00    0.00    0.00    0.00
T-A     0.00    0.00    0.00    0.00    0.00    0.00   -0.07   -0.53    3.30   -2.90    2.12   34.04
C-G     0.00    0.00    0.00    0.00    0.00    0.00    0.15    0.18    3.05    0.66   -0.70   37.56
A-T     0.00    0.00    0.00    0.00    0.00    0.00   -0.04   -0.06    3.28   -2.26    5.48   34.50
A-T     0.00    0.00    0.00    0.00    0.00    0.00   -0.19    0.45    3.22    0.05    0.59   36.00
T-A     0.00    0.00    0.00    0.00    0.00    0.00   -0.07   -0.43    3.31    0.39   -1.54   36.05
A-T     0.00    0.00    0.00    0.00    0.00    0.00    0.14   -0.62    3.44    1.70   -4.30   38.83
T-A     0.00    0.00    0.00    0.00    0.00    0.00    0.56   -0.34    3.17    4.21   -4.23   36.61
C-G     0.00    0.00    0.00    0.00    0.00    0.00    0.15   -0.35    3.33   -1.43    5.31   29.58
C-G     0.00    0.00    0.00    0.00    0.00    0.00   -0.20    0.39    3.22    0.06    3.75   30.55
A-T     0.00    0.00    0.00    0.00    0.00    0.00   -0.32   -0.37    3.45   -1.32    8.32   30.59
C-G     0.00    0.00    0.00    0.00    0.00    0.00   -0.20   -0.16    3.45    0.03    8.52   33.40
C-G     0.00    0.00    0.00    0.00    0.00    0.00    0.14   -0.11    3.24    0.17    8.99   31.80
T-A     0.00    0.00    0.00    0.00    0.00    0.00   -0.09    0.11    3.47   -3.83    8.17   32.36
G-C     0.00    0.00    0.00    0.00    0.00    0.00   -0.05    0.96    3.35   -0.33   -3.26   38.80
C-G     0.00    0.00    0.00    0.00    0.00    0.00   -0.15    0.56    3.50   -2.03   -3.82   39.00
A-T     0.00    0.00    0.00    0.00    0.00    0.00   -0.04    1.05    3.28    1.19   -8.60   40.18
G-C     0.00    0.00    0.00    0.00    0.00    0.00    0.35    0.36    3.15    2.35   -7.43   37.11
A-T     0.00    0.00    0.00    0.00    0.00    0.00    0.34   -0.25    3.31    1.75   -5.00   36.96
T-A     0.00    0.00    0.00    0.00    0.00    0.00    0.27   -0.61    3.06    4.48   -4.13   35.77
T-A     0.00    0.00    0.00    0.00    0.00    0.00   -0.33   -1.21    3.24    0.91    6.16   29.02
C-G     0.00    0.00    0.00    0.00    0.00    0.00   -0.27   -0.20    3.21    4.13    7.12   28.87
T-A     0.00    0.00    0.00    0.00    0.00    0.00    0.33   -0.27    3.47    1.92   14.79   28.14
A-T     0.00    0.00    0.00    0.00    0.00    0.00    0.55    0.16    3.49   -1.16   16.38   31.70
C-G     0.00    0.00    0.00    0.00    0.00    0.00    0.37    0.32    3.01   -1.21   10.03   32.28
C-G     0.00    0.00    0.00    0.00    0.00    0.00   -0.26    0.46    3.04   -1.63    2.60   32.32
A-T     0.00    0.00    0.00    0.00    0.00    0.00    0.06    1.40    3.02    5.40   -9.54   38.46
A-T     0.00    0.00    0.00    0.00    0.00    0.00    0.51    0.60    3.44    1.59   -3.38   39.14
A-T     0.00    0.00    0.00    0.00    0.00    0.00    0.45    0.31    3.44   -1.67   -1.31   40.24
A-T     0.00    0.00    0.00    0.00    0.00    0.00    0.20   -0.58    3.25   -1.63   -1.68   35.42
G-C     0.00    0.00    0.00    0.00    0.00    0.00   -0.09   -0.79    3.43    0.58   -0.82   31.93
T-A     0.00    0.00    0.00    0.00    0.00    0.00    0.21   -0.25    3.29    5.65    1.38   31.77
G-C     0.00    0.00    0.00    0.00    0.00    0.00   -0.03   -0.68    3.48   -0.91   14.41   28.88
T-A     0.00    0.00    0.00    0.00    0.00    0.00   -0.28   -0.13    3.27   -1.30   10.59   32.51
A-T     0.00    0.00    0.00    0.00    0.00    0.00   -0.06   -0.74    3.31   -0.93    5.52   33.29
T-A     0.00    0.00    0.00    0.00    0.00    0.00    0.18   -0.76    3.53   -0.76    0.42   36.39
T-A     0.00    0.00    0.00    0.00    0.00    0.00    0.34   -0.49    3.34   -0.10   -4.13   37.67
T-A     0.00    0.00    0.00    0.00    0.00    0.00   -0.23   -0.12    3.41   -3.45   -3.63   36.07
G-C     0.00    0.00    0.00    0.00    0.00    0.00   -0.27    1.55    3.12    2.73  -10.91   38.81
G-C     0.00    0.00    0.00    0.00    0.00    0.00   -0.09    1.46    3.28    0.59   -2.56   35.89
A-T     0.00    0.00    0.00    0.00    0.00    0.00   -0.20    1.19    3.38   -4.17    4.19   35.80
A-T     0.00    0.00    0.00    0.00    0.00    0.00   -0.19   -0.08    3.20   -5.46    6.38   33.21
A-T     0.00    0.00    0.00    0.00    0.00    0.00   -0.10   -0.88    3.31   -2.62    7.69   31.31
C-G     0.00    0.00    0.00    0.00    0.00    0.00    0.58   -0.13    3.12    5.94    5.12   33.59
T-A     0.00    0.00    0.00    0.00    0.00    0.00    0.39   -0.12    3.46   -0.25   12.26   33.25
G-C     0.00    0.00    0.00    0.00    0.00    0.00   -0.36    0.74    3.46   -3.79    3.58   38.99
C-G     0.00    0.00    0.00    0.00    0.00    0.00   -0.52    0.45    3.31   -1.68   -5.22   39.78
T-A     0.00    0.00    0.00    0.00    0.00    0.00   -0.17    0.62    3.30    2.70   -6.50   39.65
C-G     0.00    0.00    0.00    0.00    0.00    0.00    0.43    1.12    3.06    4.38   -4.42   39.21
C-G     0.00    0.00    0.00    0.00    0.00    0.00    0.08    0.64    3.34   -4.93    1.98   36.46
A-T     0.00    0.00    0.00    0.00    0.00    0.00    0.00    0.81    3.22   -1.57   -4.73   38.02
T-A     0.00    0.00    0.00    0.00    0.00    0.00    0.43   -0.20    3.31    4.03    2.28   33.19
C-G     0.00    0.00    0.00    0.00    0.00    0.00    0.54    0.01    3.54    6.05   12.01   32.86
A-T     0.00    0.00    0.00    0.00    0.00    0.00    0.24    0.31    3.51    1.73   13.85   35.31
A-T     0.00    0.00    0.00    0.00    0.00    0.00   -0.51    0.13    3.59   -6.21    9.87   37.89
A-T     0.00    0.00    0.00    0.00    0.00    0.00   -0.38    0.46    3.09   -1.63   -2.39   40.37
A-T     0.00    0.00    0.00    0.00    0.00    0.00   -0.24   -0.24    3.22   -3.48   -1.83   34.95
G-C     0.00    0.00    0.00    0.00    0.00    0.00   -0.42    0.44    3.55   -5.46  -12.21   35.99
G-C     0.00    0.00    0.00    0.00    0.00    0.00   -0.23    0.36    3.76   -4.71  -22.52   36.76
C-G     0.00    0.00    0.00    0.00    0.00    0.00    0.20    0.09    3.87    0.83  -17.55   37.07
A-T     0.00    0.00    0.00    0.00    0.00    0.00    0.81    0.32    3.49    9.99   -1.55   36.30
T-A     0.00    0.00    0.00    0.00    0.00    0.00    0.21    0.00    3.73    2.99   19.30   31.60
G-C     0.00    0.00    0.00    0.00    0.00    0.00   -0.49    0.75    3.63   -1.79   12.57   33.30
T-A     0.00    0.00    0.00    0.00    0.00    0.00   -0.28   -0.02    3.36   -2.66    4.41   30.96
T-A     0.00    0.00    0.00    0.00    0.00    0.00    0.26   -0.13    3.20    2.12    3.31   32.28
C-G     0.00    0.00    0.00    0.00    0.00    0.00    0.57    0.54    3.16    6.35    4.07   36.41
A-T     0.00    0.00    0.00    0.00    0.00    0.00   -0.13    1.04    3.73   -0.57    3.82   39.15
G-C     0.00    0.00    0.00    0.00    0.00    0.00   -0.23    1.79    3.50    0.02   -8.79   41.85
C-G     0.00    0.00    0.00    0.00    0.00    0.00    0.19    0.66    3.23   -0.71   -4.76   35.70
T-A     0.00    0.00    0.00    0.00    0.00    0.00    0.35    0.73    3.14    0.85    0.98   35.43
G-C     0.00    0.00    0.00    0.00    0.00    0.00    0.18    0.79    3.28   -0.09    4.29   36.23
A-T     0.00    0.00    0.00    0.00    0.00    0.00   -0.37    0.33    3.60   -4.79    6.53   35.12
A-T     0.00    0.00    0.00    0.00    0.00    0.00   -0.13   -0.15    3.11   -0.09    3.31   33.09
T-A     0.00    0.00    0.00    0.00    0.00    0.00    0.04   -1.22    3.10    0.37   10.65   28.08
T-A     0.00    0.00    0.00    0.00    0.00    0.00    0.01    0.00    3.24    3.89    6.84   32.91
C-G     0.00    0.00    0.00    0.00    0.00    0.00   -0.05    0.65    3.45    2.00    4.50   35.19
A-T     0.00    0.00    0.00    0.00    0.00    0.00   -0.26    0.95    3.52   -2.61    2.26   36.70
G-C     0.00    0.00    0.00    0.00    0.00    0.00    0.04    1.09    3.14   -0.94   -5.03   38.44
C-G     0.00    0.00    0.00    0.00    0.00    0.00    0.02    0.87    3.44   -2.42   -4.92   38.53
T-A     0.00    0.00    0.00    0.00    0.00    0.00    0.13    1.78    3.43    2.36   -7.87   41.59
G-C     0.00    0.00    0.00    0.00    0.00    0.00    0.04    0.82    3.39   -0.31    4.09   35.72
A-T     0.00    0.00    0.00    0.00    0.00    0.00   -0.32    0.17    3.26   -2.95   10.48   32.90
A-T     0.00    0.00    0.00    0.00    0.00    0.00   -0.19   -0.22    3.14   -0.38    7.07   32.50
C-G     0.00    0.00    0.00    0.00    0.00    0.00   -0.06   -0.26    3.55    0.34    6.80   32.17
A-T     0.00    0.00    0.00    0.00    0.00    0.00    0.40    0.45    3.32    4.84    4.26   33.08
T-A     0.00    0.00    0.00    0.00    0.00    0.00    0.26   -0.28    3.32   -1.06   10.42   29.41
G-C     0.00    0.00    0.00    0.00    0.00    0.00   -0.19    0.30    3.37   -2.40    0.78   35.11
C-G     0.00    0.00    0.00    0.00    0.00    0.00   -0.25    0.65    3.55   -0.02   -9.87   40.46
C-G     0.00    0.00    0.00    0.00    0.00    0.00   -0.26    1.08    3.77    0.35  -10.48   42.70
T-A     0.00    0.00    0.00    0.00    0.00    0.00    0.17    1.41    3.24    2.38   -7.84   40.86
T-A     0.00    0.00    0.00    0.00    0.00    0.00    0.19    0.44    3.21   -2.69    4.67   33.46
T-A     0.00    0.00    0.00    0.00    0.00    0.00    0.23    0.48    3.23    1.32    7.49   32.75
T-A     0.00    0.00    0.00    0.00    0.00    0.00    0.17   -0.54    3.50    2.57   16.28   28.86
G-C     0.00    0.00    0.00    0.00    0.00    0.00   -0.21   -0.76    3.60   -0.61   18.34   27.87
A-T     0.00    0.00    0.00    0.00    0.00    0.00   -0.09   -0.47    3.16   -2.22    8.83   28.09
T-A     0.00    0.00    0.00    0.00    0.00    0.00   -0.05   -0.28    3.24   -4.59    4.05   28.98
G-C     0.00    0.00    0.00    0.00    0.00    0.00    0.19    0.84    3.13    2.98   -2.47   36.02
G-C     0.00    0.00    0.00    0.00    0.00    0.00    0.00    0.45    3.34    1.30    2.36   37.28
A-T     0.00    0.00    0.00    0.00    0.00    0.00   -0.21    0.77    3.32   -2.39   -3.36   39.57
G-C     0.00    0.00    0.00    0.00    0.00    0.00    0.31    0.56    3.14   -2.50   -9.19   37.13
C-G     0.00    0.00    0.00    0.00    0.00    0.00    0.45    0.24    3.45   -0.89   -2.38   34.82
A-T     0.00    0.00    0.00    0.00    0.00    0.00    0.14    0.54    3.42    4.93    3.60   37.05
G-C     0.00    0.00    0.00    0.00    0.00    0.00   -0.85   -0.30    3.60   -1.94   12.76   34.56
T-A     0.00    0.00    0.00    0.00    0.00    0.00   -1.07   -0.12    3.31   -3.98    6.58   34.48
T-A     0.00    0.00    0.00    0.00    0.00    0.00   -0.15   -0.66    3.10   -1.30    6.10   30.36
T-A     0.00    0.00    0.00    0.00    0.00    0.00    0.48   -0.12    3.26    2.59    8.29   31.62
C-G     0.00    0.00    0.00    0.00    0.00    0.00    0.64    1.26    3.10    5.31    1.58   36.58
C-G     0.00    0.00    0.00    0.00    0.00    0.00    0.00    1.50    3.29   -2.18   -1.77   37.08
A-T     0.00    0.00    0.00    0.00    0.00    0.00   -0.17    1.61    3.17   -0.08   -8.80   39.55
A-T     0.00    0.00    0.00    0.00    0.00    0.00   -0.11   -0.08    3.42    1.15   -0.92   36.69
A-T     0.00    0.00    0.00    0.00    0.00    0.00   -0.32   -0.51    3.55    0.23    2.03   36.91
T-A     0.00    0.00    0.00    0.00    0.00    0.00   -0.25   -0.46    3.13   -2.94   -1.38   33.89
A-T     0.00    0.00    0.00    0.00    0.00    0.00   -0.22   -0.68    3.11   -7.22    1.88   29.70
C-G     0.00    0.00    0.00    0.00    0.00    0.00    0.33   -0.26    3.10    1.57    3.04   33.31
A-T     0.00    0.00    0.00    0.00    0.00    0.00    0.45   -0.82    3.66    3.32   12.63   34.81
C-G     0.00    0.00    0.00    0.00    0.00    0.00    0.16   -0.14    3.66    1.64    8.44   37.36
T-A     0.00    0.00    0.00    0.00    0.00    0.00   -0.04   -0.35    3.21   -2.40    2.76   32.99
T-A     0.00    0.00    0.00    0.00    0.00    0.00   -0.41   -0.48    3.21   -3.18    0.56   32.39
T-A     0.00    0.00    0.00    0.00    0.00    0.00   -0.30    0.38    3.20    3.68   -5.13   38.61
T-A     0.00    0.00    0.00    0.00    0.00    0.00   -0.42    0.70    3.51   -1.58   -1.60   38.88
G-C     0.00    0.00    0.00    0.00    0.00    0.00   -0.31    1.55    3.13   -4.90   -4.86   37.39
G-C     0.00    0.00    0.00    0.00    0.00    0.00   -0.06    0.43    2.94   -5.66    1.45   30.44
T-A     0.00    0.00    0.00    0.00    0.00    0.00   -0.11   -0.12    3.25    0.30    8.19   31.00
A-T     0.00    0.00    0.00    0.00    0.00    0.00    0.03    0.05    3.32    6.19   11.43   32.97
G-C     0.00    0.00    0.00    0.00    0.00    0.00   -0.18   -0.16    3.44   -1.92   17.12   29.41
A-T     0.00    0.00    0.00    0.00    0.00    0.00    0.08    0.01    3.02   -4.58    7.82   29.63
A-T     0.00    0.00    0.00    0.00    0.00    0.00    0.33   -1.29    3.18   -5.87    2.78   29.53
T-A     0.00    0.00    0.00    0.00    0.00    0.00    0.18   -1.05    3.42   -1.06   -4.96   35.82
C-G     0.00    0.00    0.00    0.00    0.00    0.00   -0.12   -0.52    3.29    1.33   -5.64   36.95
T-A     0.00    0.00    0.00    0.00    0.00    0.00   -0.69    0.19    3.32   -2.19   -1.13   35.93
G-C     0.00    0.00    0.00    0.00    0.00    0.00   -0.30    1.46    3.05    2.41   -6.80   39.58
C-G     0.00    0.00    0.00    0.00    0.00    0.00    0.22    1.42    3.29    1.27   -2.79   38.81
A-T     0.00    0.00    0.00    0.00    0.00    0.00    0.42    1.90    3.17    1.27   -0.22   38.47
G-C     0.00    0.00    0.00    0.00    0.00    0.00    0.10    0.75    3.05   -2.56    9.63   31.89
G-C     0.00    0.00    0.00    0.00    0.00    0.00   -0.52   -0.15    3.35   -4.02   13.72   30.47
T-A     0.00    0.00    0.00    0.00    0.00    0.00   -0.21   -0.18    3.39    2.05    7.40   33.46
G-C     0.00    0.00    0.00    0.00    0.00    0.00    0.07   -0.38    3.58   -0.44    9.58   32.29
G-C     0.00    0.00    0.00    0.00    0.00    0.00    0.22    0.34    3.13   -0.28    5.05   33.84
A-T     0.00    0.00    0.00    0.00    0.00    0.00   -0.07   -0.50    3.09   -3.34    4.86   32.05
T-A     0.00    0.00    0.00    0.00    0.00    0.00   -0.45   -0.52    3.38   -1.80   -2.44   35.66
A-T     0.00    0.00    0.00    0.00    0.00    0.00   -0.19   -0.37    3.39    1.74   -7.23   36.90
T-A     0.00    0.00    0.00    0.00    0.00    0.00   -0.14   -0.34    3.51   -1.55   -0.06   34.93
T-A     0.00    0.00    0.00    0.00    0.00    0.00    0.14    0.30    3.14    1.51    0.69   36.42
G-C     0.00    0.00    0.00    0.00    0.00    0.00    0.13   -0.45    3.27   -0.17    6.50   33.24
A-T     0.00    0.00    0.00    0.00    0.00    0.00    0.03   -0.21    3.31    1.20    2.29   33.92
T-A     0.00    0.00    0.00    0.00    0.00    0.00    0.10   -0.55    3.21    0.23    0.66   32.35
