 146 base-pairs
   0  ***local base-pair & step parameters***
       Shear  Stretch  Stagger Buckle Prop-Tw Opening   Shift  Slide    Rise    Tilt    Roll   Twist
A-T     0.00    0.00    0.00    0.00    0.00    0.00    0.00    0.00    0.00    0.00    0.00    0.00
T-A     0.00    0.00    0.00    0.00    0.00    0.00   -0.13   -0.70    3.33   -3.26    2.48   33.71
C-G     0.00    0.00    0.00    0.00    0.00    0.00    0.12    0.14    3.04    1.02   -0.78   37.29
A-T     0.00    0.00    0.00    0.00    0.00    0.00   -0.02    0.08    3.23   -1.60    5.07   34.60
A-T     0.00    0.00    0.00    0.00    0.00    0.00   -0.13    0.60    3.19    0.26    0.31   36.35
T-A     0.00    0.00    0.00    0.00    0.00    0.00   -0.04   -0.44    3.33   -0.09   -1.36   36.26
A-T     0.00    0.00    0.00    0.00    0.00    0.00    0.10   -0.77    3.48    1.07   -3.87   38.66
T-A     0.00    0.00    0.00    0.00    0.00    0.00    0.50   -0.47    3.18    4.15   -4.03   36.25
C-G     0.00    0.00    0.00    0.00    0.00    0.00    0.13   -0.31    3.30   -0.85    5.04   29.45
C-G     0.00    0.00    0.00    0.00    0.00    0.00   -0.15    0.55    3.18    0.61    3.33   30.79
A-T     0.00    0.00    0.00    0.00    0.00    0.00   -0.27   -0.27    3.44   -1.43    8.22   30.93
C-G     0.00    0.00    0.00    0.00    0.00    0.00   -0.20   -0.25    3.49   -0.61    8.86   33.45
C-G     0.00    0.00    0.00    0.00    0.00    0.00    0.09   -0.28    3.27   -0.28    9.38   31.50
T-A     0.00    0.00    0.00    0.00    0.00    0.00   -0.13    0.05    3.46   -3.57    8.17   32.05
G-C     0.00    0.00    0.00    0.00    0.00    0.00   -0.03    1.07    3.31    0.34   -3.65   38.83
C-G     0.00    0.00    0.00    0.00    0.00    0.00   -0.10    0.72    3.47   -1.71   -4.15   39.34
A-T     0.00    0.00    0.00    0.00    0.00    0.00    0.00    1.08    3.29    0.80   -8.49   40.43
G-C     0.00    0.00    0.00    0.00    0.00    0.00    0.32    0.22    3.19    1.69   -7.01   36.99
A-T     0.00    0.00    0.00    0.00    0.00    0.00    0.29   -0.39    3.33    1.58   -4.74   36.60
T-A     0.00    0.00    0.00    0.00    0.00    0.00    0.25   -0.59    3.04    4.99   -4.33   35.58
T-A     0.00    0.00    0.00    0.00    0.00    0.00   -0.29   -1.05    3.20    1.52    5.73   29.22
C-G     0.00    0.00    0.00    0.00    0.00    0.00   -0.21   -0.08    3.20    4.14    6.95   29.23
T-A     0.00    0.00    0.00    0.00    0.00    0.00    0.34   -0.33    3.50    1.32   15.07   28.26
A-T     0.00    0.00    0.00    0.00    0.00    0.00    0.50    0.00    3.53   -1.69   16.80   31.44
C-G     0.00    0.00    0.00    0.00    0.00    0.00    0.32    0.24    3.01   -1.07   10.11   31.95
C-G     0.00    0.00    0.00    0.00    0.00    0.00   -0.26    0.55    3.00   -0.97    2.24   32.29
A-T     0.00    0.00    0.00    0.00    0.00    0.00    0.12    1.56    2.98    5.81   -9.92   38.77
A-T     0.00    0.00    0.00    0.00    0.00    0.00    0.55    0.66    3.44    1.30   -3.35   39.44
A-T     0.00    0.00    0.00    0.00    0.00    0.00    0.43    0.19    3.48   -2.34   -0.91   40.19
A-T     0.00    0.00    0.00    0.00    0.00    0.00    0.14   -0.73    3.28   -1.91   -1.37   35.07
G-C     0.00    0.00    0.00    0.00    0.00    0.00   -0.12   -0.80    3.41    1.01   -0.95   31.69
T-A     0.00    0.00    0.00    0.00    0.00    0.00    0.25   -0.10    3.25    6.30    0.95   31.91
G-C     0.00    0.00    0.00    0.00    0.00    0.00    0.02   -0.54    3.46   -0.79   14.17   29.24
T-A     0.00    0.00    0.00    0.00    0.00    0.00   -0.26   -0.16    3.30   -1.84   10.81   32.68
A-T     0.00    0.00    0.00    0.00    0.00    0.00   -0.10   -0.90    3.35   -1.52    5.95   33.07
T-A     0.00    0.00    0.00    0.00    0.00    0.00    0.13   -0.87    3.54   -0.73    0.56   36.03
T-A     0.00    0.00    0.00    0.00    0.00    0.00    0.34   -0.42    3.30    0.52   -4.43   37.58
T-A     0.00    0.00    0.00    0.00    0.00    0.00   -0.18    0.05    3.37   -2.95   -4.04   36.35
G-C     0.00    0.00    0.00    0.00    0.00    0.00   -0.23    1.63    3.11    2.54  -10.96   39.13
G-C     0.00    0.00    0.00    0.00    0.00    0.00   -0.10    1.36    3.32   -0.07   -2.19   35.90
A-T     0.00    0.00    0.00    0.00    0.00    0.00   -0.26    1.03    3.41   -4.55    4.56   35.48
A-T     0.00    0.00    0.00    0.00    0.00    0.00   -0.23   -0.12    3.19   -5.13    6.32   32.93
A-T     0.00    0.00    0.00    0.00    0.00    0.00   -0.07   -0.75    3.26   -1.95    7.28   31.39
C-G     0.00    0.00    0.00    0.00    0.00    0.00    0.64    0.02    3.09    6.18    4.83   33.94
T-A     0.00    0.00    0.00    0.00    0.00    0.00    0.42   -0.11    3.48   -0.72   12.42   33.48
G-C     0.00    0.00    0.00    0.00    0.00    0.00   -0.39    0.59    3.50   -4.42    4.01   38.83
C-G     0.00    0.00    0.00    0.00    0.00    0.00   -0.58    0.32    3.33   -1.76   -5.01   39.42
T-A     0.00    0.00    0.00    0.00    0.00    0.00   -0.19    0.66    3.27    3.27   -6.75   39.50
C-G     0.00    0.00    0.00    0.00    0.00    0.00    0.48    1.29    3.02    4.95   -4.85   39.44
C-G     0.00    0.00    0.00    0.00    0.00    0.00    0.14    0.74    3.34   -5.00    1.86   36.81
A-T     0.00    0.00    0.00    0.00    0.00    0.00    0.00    0.73    3.25   -2.21   -4.40   38.09
T-A     0.00    0.00    0.00    0.00    0.00    0.00    0.37   -0.37    3.35    3.56    2.68   32.90
C-G     0.00    0.00    0.00    0.00    0.00    0.00    0.49   -0.06    3.54    6.28   12.02   32.55
A-T     0.00    0.00    0.00    0.00    0.00    0.00    0.26    0.42    3.47    2.40   13.47   35.33
A-T     0.00    0.00    0.00    0.00    0.00    0.00   -0.45    0.29    3.56   -5.87    9.52   38.22
A-T     0.00    0.00    0.00    0.00    0.00    0.00   -0.34    0.49    3.11   -2.01   -2.31   40.63
A-T     0.00    0.00    0.00    0.00    0.00    0.00   -0.27   -0.38    3.27   -4.15   -1.41   34.85
G-C     0.00    0.00    0.00    0.00    0.00    0.00   -0.48    0.29    3.57   -5.66  -11.94   35.63
G-C     0.00    0.00    0.00    0.00    0.00    0.00   -0.25    0.36    3.74   -4.21  -22.70   36.55
C-G     0.00    0.00    0.00    0.00    0.00    0.00    0.24    0.25    3.83    1.45  -17.98   37.25
A-T     0.00    0.00    0.00    0.00    0.00    0.00    0.87    0.45    3.48   10.03   -1.74   36.66
T-A     0.00    0.00    0.00    0.00    0.00    0.00    0.23   -0.05    3.76    2.40   19.57   31.73
G-C     0.00    0.00    0.00    0.00    0.00    0.00   -0.53    0.58    3.67   -2.33   12.99   33.05
T-A     0.00    0.00    0.00    0.00    0.00    0.00   -0.33   -0.11    3.36   -2.54    4.50   30.62
T-A     0.00    0.00    0.00    0.00    0.00    0.00    0.27   -0.04    3.16    2.77    2.97   32.23
C-G     0.00    0.00    0.00    0.00    0.00    0.00    0.62    0.71    3.13    6.79    3.69   36.71
A-T     0.00    0.00    0.00    0.00    0.00    0.00   -0.09    1.09    3.74   -0.84    3.83   39.45
G-C     0.00    0.00    0.00    0.00    0.00    0.00   -0.24    1.67    3.54   -0.65   -8.39   41.81
C-G     0.00    0.00    0.00    0.00    0.00    0.00    0.13    0.50    3.26   -1.02   -4.43   35.36
T-A     0.00    0.00    0.00    0.00    0.00    0.00    0.32    0.71    3.12    1.26    0.87   35.18
G-C     0.00    0.00    0.00    0.00    0.00    0.00    0.21    0.93    3.24    0.56    3.86   36.35
A-T     0.00    0.00    0.00    0.00    0.00    0.00   -0.32    0.47    3.58   -4.64    6.28   35.47
A-T     0.00    0.00    0.00    0.00    0.00    0.00   -0.11   -0.17    3.14   -0.61    3.52   33.27
T-A     0.00    0.00    0.00    0.00    0.00    0.00    0.00   -1.39    3.14   -0.24   11.08   27.89
T-A     0.00    0.00    0.00    0.00    0.00    0.00   -0.05   -0.11    3.25    3.89    7.00   32.55
C-G     0.00    0.00    0.00    0.00    0.00    0.00   -0.06    0.71    3.42    2.61    4.21   35.08
A-T     0.00    0.00    0.00    0.00    0.00    0.00   -0.21    1.12    3.48   -2.09    1.85   36.96
G-C     0.00    0.00    0.00    0.00    0.00    0.00    0.09    1.18    3.14   -1.10   -5.09   38.77
C-G     0.00    0.00    0.00    0.00    0.00    0.00    0.01    0.78    3.48   -3.07   -4.56   38.55
T-A     0.00    0.00    0.00    0.00    0.00    0.00    0.07    1.62    3.47    1.96   -7.50   41.28
G-C     0.00    0.00    0.00    0.00    0.00    0.00    0.00    0.77    3.38   -0.01    4.04   35.42
A-T     0.00    0.00    0.00    0.00    0.00    0.00   -0.30    0.29    3.22   -2.28   10.08   32.97
A-T     0.00    0.00    0.00    0.00    0.00    0.00   -0.13   -0.06    3.12   -0.12    6.76   32.84
C-G     0.00    0.00    0.00    0.00    0.00    0.00   -0.03   -0.25    3.56   -0.11    6.94   32.41
A-T     0.00    0.00    0.00    0.00    0.00    0.00    0.37    0.30    3.36    4.19    4.69   32.93
T-A     0.00    0.00    0.00    0.00    0.00    0.00    0.20   -0.42    3.34   -1.17   10.65   29.05
G-C     0.00    0.00    0.00    0.00    0.00    0.00   -0.21    0.33    3.34   -1.85    0.55   34.95
C-G     0.00    0.00    0.00    0.00    0.00    0.00   -0.20    0.82    3.51    0.56  -10.30   40.68
C-G     0.00    0.00    0.00    0.00    0.00    0.00   -0.21    1.19    3.76    0.30  -10.61   43.05
T-A     0.00    0.00    0.00    0.00    0.00    0.00    0.17    1.34    3.28    1.76   -7.53   40.94
T-A     0.00    0.00    0.00    0.00    0.00    0.00    0.14    0.27    3.25   -3.18    5.08   33.18
T-A     0.00    0.00    0.00    0.00    0.00    0.00    0.18    0.40    3.23    1.53    7.53   32.42
T-A     0.00    0.00    0.00    0.00    0.00    0.00    0.18   -0.43    3.46    3.23   15.90   28.86
G-C     0.00    0.00    0.00    0.00    0.00    0.00   -0.16   -0.59    3.57   -0.24   17.98   28.19
A-T     0.00    0.00    0.00    0.00    0.00    0.00   -0.06   -0.43    3.17   -2.57    8.89   28.37
T-A     0.00    0.00    0.00    0.00    0.00    0.00   -0.07   -0.41    3.28   -5.25    4.47   28.89
G-C     0.00    0.00    0.00    0.00    0.00    0.00    0.13    0.69    3.16    2.76   -2.19   35.67
G-C     0.00    0.00    0.00    0.00    0.00    0.00   -0.03    0.45    3.32    1.77    2.19   37.06
A-T     0.00    0.00    0.00    0.00    0.00    0.00   -0.17    0.93    3.28   -1.76   -3.79   39.73
G-C     0.00    0.00    0.00    0.00    0.00    0.00    0.37    0.69    3.12   -2.43   -9.39   37.49
C-G     0.00    0.00    0.00    0.00    0.00    0.00    0.46    0.20    3.48   -1.46   -2.12   34.96
A-T     0.00    0.00    0.00    0.00    0.00    0.00    0.10    0.37    3.46    4.36    4.03   36.82
G-C     0.00    0.00    0.00    0.00    0.00    0.00   -0.90   -0.40    3.61   -1.85   12.87   34.21
T-A     0.00    0.00    0.00    0.00    0.00    0.00   -1.07   -0.04    3.28   -3.34    6.25   34.42
T-A     0.00    0.00    0.00    0.00    0.00    0.00   -0.10   -0.49    3.06   -0.84    5.71   30.65
T-A     0.00    0.00    0.00    0.00    0.00    0.00    0.53   -0.05    3.26    2.34    8.29   31.93
C-G     0.00    0.00    0.00    0.00    0.00    0.00    0.63    1.15    3.14    4.64    1.96   36.56
C-G     0.00    0.00    0.00    0.00    0.00    0.00   -0.06    1.34    3.32   -2.51   -1.43   36.75
A-T     0.00    0.00    0.00    0.00    0.00    0.00   -0.21    1.58    3.16    0.31   -8.89   39.29
A-T     0.00    0.00    0.00    0.00    0.00    0.00   -0.09    0.06    3.37    1.81   -1.34   36.80
A-T     0.00    0.00    0.00    0.00    0.00    0.00   -0.26   -0.36    3.53    0.42    1.76   37.26
T-A     0.00    0.00    0.00    0.00    0.00    0.00   -0.22   -0.48    3.15   -3.44   -1.19   34.08
A-T     0.00    0.00    0.00    0.00    0.00    0.00   -0.26   -0.83    3.15   -7.84    2.31   29.51
C-G     0.00    0.00    0.00    0.00    0.00    0.00    0.27   -0.38    3.12    1.55    3.21   32.95
A-T     0.00    0.00    0.00    0.00    0.00    0.00    0.44   -0.77    3.63    3.92   12.35   34.69
C-G     0.00    0.00    0.00    0.00    0.00    0.00    0.21    0.03    3.62    2.18    8.02   37.61
T-A     0.00    0.00    0.00    0.00    0.00    0.00    0.01   -0.26    3.20   -2.53    2.68   33.33
T-A     0.00    0.00    0.00    0.00    0.00    0.00   -0.42   -0.57    3.25   -3.83    0.91   32.42
T-A     0.00    0.00    0.00    0.00    0.00    0.00   -0.36    0.21    3.23    3.25   -4.75   38.30
T-A     0.00    0.00    0.00    0.00    0.00    0.00   -0.46    0.65    3.50   -1.30   -1.62   38.58
G-C     0.00    0.00    0.00    0.00    0.00    0.00   -0.29    1.67    3.09   -4.23   -5.25   37.44
G-C     0.00    0.00    0.00    0.00    0.00    0.00    0.00    0.59    2.91   -5.37    1.13   30.78
T-A     0.00    0.00    0.00    0.00    0.00    0.00   -0.08   -0.10    3.26   -0.12    8.31   31.24
A-T     0.00    0.00    0.00    0.00    0.00    0.00    0.00   -0.10    3.36    5.54   11.85   32.83
G-C     0.00    0.00    0.00    0.00    0.00    0.00   -0.24   -0.30    3.46   -2.06   17.36   29.05
A-T     0.00    0.00    0.00    0.00    0.00    0.00    0.06    0.03    3.00   -4.05    7.60   29.46
A-T     0.00    0.00    0.00    0.00    0.00    0.00    0.37   -1.13    3.14   -5.28    2.35   29.74
T-A     0.00    0.00    0.00    0.00    0.00    0.00    0.23   -0.93    3.41   -1.07   -5.11   36.18
C-G     0.00    0.00    0.00    0.00    0.00    0.00   -0.11   -0.58    3.33    0.72   -5.34   37.05
T-A     0.00    0.00    0.00    0.00    0.00    0.00   -0.74    0.02    3.36   -2.70   -0.72   35.66
G-C     0.00    0.00    0.00    0.00    0.00    0.00   -0.35    1.38    3.05    2.58   -6.74   39.25
C-G     0.00    0.00    0.00    0.00    0.00    0.00    0.23    1.51    3.26    1.93   -3.16   38.79
A-T     0.00    0.00    0.00    0.00    0.00    0.00    0.48    2.06    3.13    1.67   -0.58   38.79
G-C     0.00    0.00    0.00    0.00    0.00    0.00    0.14    0.79    3.06   -2.88    9.68   32.18
G-C     0.00    0.00    0.00    0.00    0.00    0.00   -0.54   -0.28    3.39   -4.69   14.13   30.40
T-A     0.00    0.00    0.00    0.00    0.00    0.00   -0.27   -0.34    3.42    1.79    7.70   33.11
G-C     0.00    0.00    0.00    0.00    0.00    0.00    0.04   -0.38    3.56    0.01    9.43   32.06
G-C     0.00    0.00    0.00    0.00    0.00    0.00    0.25    0.50    3.09    0.36    4.62   33.99
A-T     0.00    0.00    0.00    0.00    0.00    0.00   -0.01   -0.36    3.07   -3.24    4.64   32.41
T-A     0.00    0.00    0.00    0.00    0.00    0.00   -0.43   -0.55    3.40   -2.36   -2.20   35.82
A-T     0.00    0.00    0.00    0.00    0.00    0.00   -0.24   -0.53    3.44    1.16   -6.80   36.68
T-A     0.00    0.00    0.00    0.00    0.00    0.00   -0.20   -0.45    3.52   -1.49    0.07   34.58
T-A     0.00    0.00    0.00    0.00    0.00    0.00    0.14    0.37    3.10    2.14    0.37   36.34
G-C     0.00    0.00    0.00    0.00    0.00    0.00    0.19   -0.28    3.24    0.31    6.10   33.52
A-T     0.00    0.00    0.00    0.00    0.00    0.00    0.08   -0.13    3.31    0.98    2.27   34.24
T-A     0.00    0.00    0.00    0.00    0.00    0.00    0.09   -0.66    3.25   -0.43    1.04   32.34
