 146 base-pairs
   0  ***local base-pair & step parameters***
       Shear  Stretch  Stagger Buckle Prop-Tw Opening   Shift  Slide    Rise    Tilt    Roll   Twist
A-T     0.00    0.00    0.00    0.00    0.00    0.00    0.00    0.00    0.00    0.00    0.00    0.00
T-A     0.00    0.00    0.00    0.00    0.00    0.00   -0.23   -0.71    3.22   -3.05    2.24   32.66
C-G     0.00    0.00    0.00    0.00    0.00    0.00   -0.04   -0.01    3.10    1.03    0.33   37.34
A-T     0.00    0.00    0.00    0.00    0.00    0.00    0.09    0.32    3.33   -1.66    4.91   36.24
A-T     0.00    0.00    0.00    0.00    0.00    0.00    0.00    0.64    3.08   -0.21   -1.96   35.09
T-A     0.00    0.00    0.00    0.00    0.00    0.00   -0.10   -0.80    3.31    0.59    1.55   35.42
A-T     0.00    0.00    0.00    0.00    0.00    0.00   -0.16   -0.60    3.54    0.60   -4.59   39.85
T-A     0.00    0.00    0.00    0.00    0.00    0.00    0.78   -0.16    3.23    4.78   -5.43   37.04
C-G     0.00    0.00    0.00    0.00    0.00    0.00    0.22   -0.63    3.19   -1.54    6.35   27.86
C-G     0.00    0.00    0.00    0.00    0.00    0.00   -0.43    0.39    3.17    0.21    2.84   30.46
A-T     0.00    0.00    0.00    0.00    0.00    0.00   -0.19    0.12    3.55    0.40    8.90   32.90
C-G     0.00    0.00    0.00    0.00    0.00    0.00   -0.15   -0.28    3.42   -2.11    7.78   32.45
C-G     0.00    0.00    0.00    0.00    0.00    0.00    0.15   -0.58    3.27   -0.56    9.91   30.92
T-A     0.00    0.00    0.00    0.00    0.00    0.00   -0.24    0.22    3.44   -2.52    8.38   32.68
G-C     0.00    0.00    0.00    0.00    0.00    0.00   -0.11    1.14    3.32    0.22   -4.20   38.63
C-G     0.00    0.00    0.00    0.00    0.00    0.00    0.05    0.61    3.55   -2.13   -2.88   39.90
A-T     0.00    0.00    0.00    0.00    0.00    0.00   -0.01    1.15    3.21    0.26  -10.71   39.89
G-C     0.00    0.00    0.00    0.00    0.00    0.00    0.32    0.13    3.18    3.08   -5.49   36.54
A-T     0.00    0.00    0.00    0.00    0.00    0.00    0.10   -0.43    3.38    0.83   -3.75   37.20
T-A     0.00    0.00    0.00    0.00    0.00    0.00    0.40   -0.36    3.08    4.61   -6.78   36.27
T-A     0.00    0.00    0.00    0.00    0.00    0.00   -0.10   -1.15    3.11    2.35    6.95   28.32
C-G     0.00    0.00    0.00    0.00    0.00    0.00   -0.55   -0.36    3.14    3.20    7.29   28.15
T-A     0.00    0.00    0.00    0.00    0.00    0.00    0.39   -0.03    3.66    2.39   15.27   30.45
A-T     0.00    0.00    0.00    0.00    0.00    0.00    0.70    0.18    3.47   -2.15   15.51   31.14
C-G     0.00    0.00    0.00    0.00    0.00    0.00    0.29   -0.20    2.93   -1.82   10.54   30.02
C-G     0.00    0.00    0.00    0.00    0.00    0.00   -0.41    0.60    3.08    0.06    3.82   33.59
A-T     0.00    0.00    0.00    0.00    0.00    0.00    0.11    1.94    3.00    5.74  -12.13   39.38
A-T     0.00    0.00    0.00    0.00    0.00    0.00    0.79    0.43    3.45    1.03   -2.05   38.76
A-T     0.00    0.00    0.00    0.00    0.00    0.00    0.28    0.02    3.42   -3.17   -1.23   39.62
A-T     0.00    0.00    0.00    0.00    0.00    0.00    0.09   -0.52    3.31   -0.49   -1.88   35.68
G-C     0.00    0.00    0.00    0.00    0.00    0.00   -0.08   -0.79    3.45    0.98    0.62   32.03
T-A     0.00    0.00    0.00    0.00    0.00    0.00    0.25   -0.20    3.23    4.60   -0.92   31.43
G-C     0.00    0.00    0.00    0.00    0.00    0.00    0.18   -0.48    3.45    0.77   14.78   29.45
T-A     0.00    0.00    0.00    0.00    0.00    0.00   -0.49   -0.24    3.23   -2.09   11.34   31.91
A-T     0.00    0.00    0.00    0.00    0.00    0.00   -0.11   -0.89    3.47   -1.86    6.01   34.04
T-A     0.00    0.00    0.00    0.00    0.00    0.00    0.35   -0.65    3.53   -0.55   -0.21   36.65
T-A     0.00    0.00    0.00    0.00    0.00    0.00    0.28   -0.65    3.17    0.14   -5.04   35.56
T-A     0.00    0.00    0.00    0.00    0.00    0.00   -0.33   -0.11    3.46   -2.23   -1.37   37.11
G-C     0.00    0.00    0.00    0.00    0.00    0.00   -0.25    2.03    3.17    2.07  -13.22   40.47
G-C     0.00    0.00    0.00    0.00    0.00    0.00    0.19    1.31    3.27    0.13   -2.52   34.96
A-T     0.00    0.00    0.00    0.00    0.00    0.00   -0.41    0.64    3.34   -5.07    6.45   34.37
A-T     0.00    0.00    0.00    0.00    0.00    0.00   -0.44    0.11    3.26   -4.73    4.96   34.05
A-T     0.00    0.00    0.00    0.00    0.00    0.00    0.18   -0.49    3.32   -0.98    7.92   32.34
C-G     0.00    0.00    0.00    0.00    0.00    0.00    0.62   -0.30    2.99    4.17    4.10   32.17
T-A     0.00    0.00    0.00    0.00    0.00    0.00    0.38   -0.19    3.51    0.26   12.95   33.85
G-C     0.00    0.00    0.00    0.00    0.00    0.00   -0.47    0.86    3.51   -3.53    4.26   39.57
C-G     0.00    0.00    0.00    0.00    0.00    0.00   -0.56    0.22    3.34   -2.92   -5.61   38.93
T-A     0.00    0.00    0.00    0.00    0.00    0.00   -0.03    0.59    3.29    3.33   -6.10   39.92
C-G     0.00    0.00    0.00    0.00    0.00    0.00    0.36    1.36    2.92    5.13   -6.29   38.64
C-G     0.00    0.00    0.00    0.00    0.00    0.00    0.08    0.63    3.40   -4.25    3.93   36.99
A-T     0.00    0.00    0.00    0.00    0.00    0.00   -0.02    0.85    3.31   -3.26   -5.01   39.05
T-A     0.00    0.00    0.00    0.00    0.00    0.00    0.57   -0.27    3.30    3.71    0.65   32.39
C-G     0.00    0.00    0.00    0.00    0.00    0.00    0.45   -0.34    3.48    6.97   14.64   31.57
A-T     0.00    0.00    0.00    0.00    0.00    0.00   -0.05    0.44    3.52    1.53   12.75   35.89
A-T     0.00    0.00    0.00    0.00    0.00    0.00   -0.16    0.65    3.66   -4.85    8.91   39.79
A-T     0.00    0.00    0.00    0.00    0.00    0.00   -0.27    0.28    2.96   -2.96   -2.45   38.79
A-T     0.00    0.00    0.00    0.00    0.00    0.00   -0.48   -0.68    3.27   -4.24   -0.63   34.28
G-C     0.00    0.00    0.00    0.00    0.00    0.00   -0.49    0.67    3.68   -4.36  -11.51   37.76
G-C     0.00    0.00    0.00    0.00    0.00    0.00   -0.14    0.45    3.68   -5.25  -24.60   35.75
C-G     0.00    0.00    0.00    0.00    0.00    0.00    0.35   -0.13    3.82    1.27  -16.20   36.45
A-T     0.00    0.00    0.00    0.00    0.00    0.00    0.66    0.56    3.45   10.27   -2.46   37.04
T-A     0.00    0.00    0.00    0.00    0.00    0.00    0.26    0.15    3.81    3.30   19.44   32.23
G-C     0.00    0.00    0.00    0.00    0.00    0.00   -0.44    0.44    3.68   -3.31   14.10   32.98
T-A     0.00    0.00    0.00    0.00    0.00    0.00   -0.35   -0.14    3.31   -3.22    2.39   30.10
T-A     0.00    0.00    0.00    0.00    0.00    0.00    0.30    0.00    3.16    4.64    4.64   32.41
C-G     0.00    0.00    0.00    0.00    0.00    0.00    0.41    0.65    3.13    5.64    3.85   36.56
A-T     0.00    0.00    0.00    0.00    0.00    0.00    0.09    1.21    3.82   -0.96    2.80   40.42
G-C     0.00    0.00    0.00    0.00    0.00    0.00   -0.10    1.70    3.45   -0.17   -8.36   41.15
C-G     0.00    0.00    0.00    0.00    0.00    0.00   -0.12    0.21    3.20   -1.48   -4.00   34.04
T-A     0.00    0.00    0.00    0.00    0.00    0.00    0.31    0.89    3.28    2.00    2.08   37.24
G-C     0.00    0.00    0.00    0.00    0.00    0.00    0.36    1.21    3.19   -0.12    1.24   36.29
A-T     0.00    0.00    0.00    0.00    0.00    0.00   -0.22    0.09    3.51   -4.56    7.57   33.78
A-T     0.00    0.00    0.00    0.00    0.00    0.00   -0.38   -0.26    3.16   -0.56    4.81   33.83
T-A     0.00    0.00    0.00    0.00    0.00    0.00    0.01   -0.97    3.21    0.18    8.95   29.12
T-A     0.00    0.00    0.00    0.00    0.00    0.00    0.22   -0.22    3.23    3.85    8.27   32.00
C-G     0.00    0.00    0.00    0.00    0.00    0.00   -0.24    0.40    3.33    1.19    3.58   33.77
A-T     0.00    0.00    0.00    0.00    0.00    0.00   -0.23    1.34    3.56   -0.22    2.28   38.27
G-C     0.00    0.00    0.00    0.00    0.00    0.00    0.09    1.32    3.14   -1.36   -4.86   38.94
C-G     0.00    0.00    0.00    0.00    0.00    0.00    0.07    0.56    3.47   -4.48   -5.43   37.83
T-A     0.00    0.00    0.00    0.00    0.00    0.00    0.16    1.66    3.46    3.07   -6.81   41.70
G-C     0.00    0.00    0.00    0.00    0.00    0.00   -0.20    0.81    3.32    0.01    3.44   34.73
A-T     0.00    0.00    0.00    0.00    0.00    0.00   -0.26    0.23    3.33   -2.28   11.54   33.79
A-T     0.00    0.00    0.00    0.00    0.00    0.00   -0.03    0.10    3.10   -0.83    5.14   33.23
C-G     0.00    0.00    0.00    0.00    0.00    0.00    0.03   -0.36    3.47    0.43    6.48   31.07
A-T     0.00    0.00    0.00    0.00    0.00    0.00    0.19    0.11    3.40    4.54    7.46   33.12
T-A     0.00    0.00    0.00    0.00    0.00    0.00    0.13   -0.13    3.41   -1.95    8.30   30.25
G-C     0.00    0.00    0.00    0.00    0.00    0.00    0.14    0.42    3.33   -1.02    0.58   34.83
C-G     0.00    0.00    0.00    0.00    0.00    0.00   -0.39    0.42    3.39   -0.45   -9.40   38.83
C-G     0.00    0.00    0.00    0.00    0.00    0.00   -0.38    1.28    3.86    0.95  -10.64   44.28
T-A     0.00    0.00    0.00    0.00    0.00    0.00    0.36    1.73    3.33    2.50   -7.71   42.27
T-A     0.00    0.00    0.00    0.00    0.00    0.00    0.19   -0.02    3.14   -4.84    4.04   31.19
T-A     0.00    0.00    0.00    0.00    0.00    0.00    0.14    0.20    3.26    2.32    9.31   32.67
T-A     0.00    0.00    0.00    0.00    0.00    0.00    0.03   -0.10    3.47    3.74   14.78   29.71
G-C     0.00    0.00    0.00    0.00    0.00    0.00   -0.02   -0.62    3.61   -0.45   18.16   28.02
A-T     0.00    0.00    0.00    0.00    0.00    0.00    0.01   -0.61    3.16   -3.41    9.47   28.14
T-A     0.00    0.00    0.00    0.00    0.00    0.00   -0.17   -0.32    3.22   -4.83    2.80   28.52
G-C     0.00    0.00    0.00    0.00    0.00    0.00    0.13    0.69    3.20    3.96    0.13   36.08
G-C     0.00    0.00    0.00    0.00    0.00    0.00   -0.12    0.44    3.35    0.04    1.14   37.24
A-T     0.00    0.00    0.00    0.00    0.00    0.00    0.07    1.03    3.29   -1.14   -4.85   39.95
G-C     0.00    0.00    0.00    0.00    0.00    0.00    0.30    0.55    3.02   -1.99   -8.02   36.41
C-G     0.00    0.00    0.00    0.00    0.00    0.00    0.21    0.10    3.53   -2.11   -2.15   35.11
A-T     0.00    0.00    0.00    0.00    0.00    0.00    0.32    0.70    3.58    5.12    3.91   38.71
G-C     0.00    0.00    0.00    0.00    0.00    0.00   -0.82   -0.48    3.46   -2.75   11.31   32.46
T-A     0.00    0.00    0.00    0.00    0.00    0.00   -1.19   -0.42    3.28   -2.96    8.40   33.70
T-A     0.00    0.00    0.00    0.00    0.00    0.00   -0.25   -0.18    3.14   -0.46    5.52   32.46
T-A     0.00    0.00    0.00    0.00    0.00    0.00    0.72    0.16    3.25    2.14    6.31   31.81
C-G     0.00    0.00    0.00    0.00    0.00    0.00    0.74    0.76    3.09    4.29    4.05   35.38
C-G     0.00    0.00    0.00    0.00    0.00    0.00   -0.34    1.33    3.29   -2.83   -2.48   36.75
A-T     0.00    0.00    0.00    0.00    0.00    0.00   -0.11    1.90    3.25    1.98   -8.47   40.64
A-T     0.00    0.00    0.00    0.00    0.00    0.00   -0.03   -0.07    3.34    0.37   -1.20   36.10
A-T     0.00    0.00    0.00    0.00    0.00    0.00   -0.25   -0.52    3.51   -0.11    0.75   36.75
T-A     0.00    0.00    0.00    0.00    0.00    0.00   -0.23   -0.33    3.15   -1.73   -0.01   34.66
A-T     0.00    0.00    0.00    0.00    0.00    0.00   -0.43   -0.86    3.14   -8.76    1.84   29.05
C-G     0.00    0.00    0.00    0.00    0.00    0.00    0.45   -0.39    3.21    1.45    3.65   33.89
A-T     0.00    0.00    0.00    0.00    0.00    0.00    0.50   -0.68    3.53    3.84   11.00   34.12
C-G     0.00    0.00    0.00    0.00    0.00    0.00    0.09   -0.18    3.58    2.64    8.97   36.56
T-A     0.00    0.00    0.00    0.00    0.00    0.00   -0.09   -0.20    3.32   -2.52    4.17   34.78
T-A     0.00    0.00    0.00    0.00    0.00    0.00   -0.29   -0.28    3.24   -4.48   -2.18   32.71
T-A     0.00    0.00    0.00    0.00    0.00    0.00   -0.17   -0.04    3.16    3.95   -3.09   37.02
T-A     0.00    0.00    0.00    0.00    0.00    0.00   -0.81    0.44    3.48   -2.03   -0.91   38.22
G-C     0.00    0.00    0.00    0.00    0.00    0.00   -0.24    2.05    3.22   -3.32   -6.40   39.30
G-C     0.00    0.00    0.00    0.00    0.00    0.00    0.24    0.63    2.86   -5.54    1.39   30.34
T-A     0.00    0.00    0.00    0.00    0.00    0.00   -0.22   -0.51    3.17   -1.48    7.96   29.43
A-T     0.00    0.00    0.00    0.00    0.00    0.00   -0.06    0.07    3.45    7.29   13.12   34.42
G-C     0.00    0.00    0.00    0.00    0.00    0.00   -0.26   -0.03    3.45   -2.39   16.08   29.29
A-T     0.00    0.00    0.00    0.00    0.00    0.00    0.22   -0.23    3.00   -4.86    8.01   28.69
A-T     0.00    0.00    0.00    0.00    0.00    0.00    0.33   -1.17    3.10   -5.11    2.62   29.84
T-A     0.00    0.00    0.00    0.00    0.00    0.00    0.11   -0.79    3.38   -0.41   -6.09   36.01
C-G     0.00    0.00    0.00    0.00    0.00    0.00   -0.05   -0.64    3.41    0.84   -3.27   37.65
T-A     0.00    0.00    0.00    0.00    0.00    0.00   -0.72    0.06    3.33   -4.15   -2.84   35.60
G-C     0.00    0.00    0.00    0.00    0.00    0.00   -0.21    1.38    3.01    3.90   -6.64   38.77
C-G     0.00    0.00    0.00    0.00    0.00    0.00    0.01    1.35    3.23    1.86   -1.27   38.38
A-T     0.00    0.00    0.00    0.00    0.00    0.00    0.41    2.21    3.23    0.98   -2.03   39.86
G-C     0.00    0.00    0.00    0.00    0.00    0.00    0.47    0.98    3.05   -2.07    9.57   32.63
G-C     0.00    0.00    0.00    0.00    0.00    0.00   -0.69   -0.62    3.24   -5.67   14.02   28.19
T-A     0.00    0.00    0.00    0.00    0.00    0.00   -0.42   -0.39    3.54    2.61    9.28   34.24
G-C     0.00    0.00    0.00    0.00    0.00    0.00    0.12    0.05    3.60    0.15    8.07   33.49
G-C     0.00    0.00    0.00    0.00    0.00    0.00    0.42    0.30    3.00   -0.43    3.79   32.33
A-T     0.00    0.00    0.00    0.00    0.00    0.00   -0.11   -0.68    3.06   -3.03    6.93   32.11
T-A     0.00    0.00    0.00    0.00    0.00    0.00   -0.64   -0.23    3.43   -2.05   -3.98   36.79
A-T     0.00    0.00    0.00    0.00    0.00    0.00    0.00   -0.42    3.49    1.78   -6.07   37.07
T-A     0.00    0.00    0.00    0.00    0.00    0.00   -0.21   -0.73    3.46   -3.16    0.03   33.50
T-A     0.00    0.00    0.00    0.00    0.00    0.00    0.08    0.41    3.10    2.92   -0.49   36.44
G-C     0.00    0.00    0.00    0.00    0.00    0.00    0.17   -0.14    3.26    1.52    7.71   34.13
A-T     0.00    0.00    0.00    0.00    0.00    0.00    0.00   -0.22    3.32   -0.78    1.18   33.86
T-A     0.00    0.00    0.00    0.00    0.00    0.00    0.32   -0.62    3.28    0.19    1.06   32.93
