 146 base-pairs
   0  ***local base-pair & step parameters***
       Shear  Stretch  Stagger Buckle Prop-Tw Opening   Shift  Slide    Rise    Tilt    Roll   Twist
A-T     0.00    0.00    0.00    0.00    0.00    0.00    0.00    0.00    0.00    0.00    0.00    0.00
T-A     0.00    0.00    0.00    0.00    0.00    0.00   -0.04   -0.15    3.28   -2.43    1.14   34.72
C-G     0.00    0.00    0.00    0.00    0.00    0.00    0.11   -0.08    3.15   -1.95    0.07   36.36
A-T     0.00    0.00    0.00    0.00    0.00    0.00    0.13    0.02    3.12   -0.32    1.92   35.92
A-T     0.00    0.00    0.00    0.00    0.00    0.00   -0.15    0.03    3.24    0.27    3.11   35.29
T-A     0.00    0.00    0.00    0.00    0.00    0.00   -0.27   -0.21    3.38    0.64   -0.38   36.64
A-T     0.00    0.00    0.00    0.00    0.00    0.00    0.11   -0.47    3.37    1.64   -4.91   37.75
T-A     0.00    0.00    0.00    0.00    0.00    0.00    0.54   -0.42    3.24    1.91   -3.86   35.55
C-G     0.00    0.00    0.00    0.00    0.00    0.00    0.38   -0.11    3.22    0.73    1.95   31.89
C-G     0.00    0.00    0.00    0.00    0.00    0.00   -0.20    0.03    3.34   -0.37    6.46   30.56
A-T     0.00    0.00    0.00    0.00    0.00    0.00   -0.45   -0.18    3.42   -0.49    8.07   31.10
C-G     0.00    0.00    0.00    0.00    0.00    0.00   -0.20   -0.38    3.36   -0.66    9.34   30.96
C-G     0.00    0.00    0.00    0.00    0.00    0.00    0.06   -0.13    3.31   -1.36    9.40   31.33
T-A     0.00    0.00    0.00    0.00    0.00    0.00    0.03    0.44    3.42   -1.65    5.20   34.69
G-C     0.00    0.00    0.00    0.00    0.00    0.00   -0.10    0.82    3.49   -1.35   -1.33   38.77
C-G     0.00    0.00    0.00    0.00    0.00    0.00   -0.08    0.80    3.38   -1.05   -5.25   39.47
A-T     0.00    0.00    0.00    0.00    0.00    0.00    0.05    0.58    3.23   -0.09   -6.29   37.88
G-C     0.00    0.00    0.00    0.00    0.00    0.00    0.21    0.33    3.24    2.14   -7.29   37.80
A-T     0.00    0.00    0.00    0.00    0.00    0.00    0.30   -0.04    3.26    3.73   -7.19   38.08
T-A     0.00    0.00    0.00    0.00    0.00    0.00    0.17   -0.55    3.15    2.87   -2.86   34.82
T-A     0.00    0.00    0.00    0.00    0.00    0.00   -0.11   -0.86    3.09    1.68    4.24   29.59
C-G     0.00    0.00    0.00    0.00    0.00    0.00   -0.14   -0.70    3.29    2.62   10.08   27.90
T-A     0.00    0.00    0.00    0.00    0.00    0.00    0.20   -0.25    3.53    3.15   13.83   30.00
A-T     0.00    0.00    0.00    0.00    0.00    0.00    0.45    0.11    3.40    0.04   15.33   31.07
C-G     0.00    0.00    0.00    0.00    0.00    0.00    0.24    0.39    3.04   -3.16   11.17   30.58
C-G     0.00    0.00    0.00    0.00    0.00    0.00   -0.04    0.78    2.94   -0.82    1.09   33.02
A-T     0.00    0.00    0.00    0.00    0.00    0.00    0.11    1.08    3.21    4.12   -6.80   38.62
A-T     0.00    0.00    0.00    0.00    0.00    0.00    0.45    0.84    3.41    3.56   -5.90   41.38
A-T     0.00    0.00    0.00    0.00    0.00    0.00    0.42    0.06    3.33   -1.93   -1.26   38.48
A-T     0.00    0.00    0.00    0.00    0.00    0.00    0.12   -0.62    3.26   -3.18   -0.63   34.25
G-C     0.00    0.00    0.00    0.00    0.00    0.00    0.03   -0.69    3.40    1.95   -1.22   32.56
T-A     0.00    0.00    0.00    0.00    0.00    0.00    0.10   -0.36    3.49    4.75    3.69   31.82
G-C     0.00    0.00    0.00    0.00    0.00    0.00   -0.02   -0.19    3.36    0.69   10.70   30.49
T-A     0.00    0.00    0.00    0.00    0.00    0.00   -0.19   -0.43    3.22   -3.13   11.23   30.81
A-T     0.00    0.00    0.00    0.00    0.00    0.00   -0.03   -0.82    3.34   -1.17    5.88   33.89
T-A     0.00    0.00    0.00    0.00    0.00    0.00    0.22   -0.95    3.52    1.24    1.41   36.57
T-A     0.00    0.00    0.00    0.00    0.00    0.00    0.09   -0.50    3.45   -0.98   -2.05   36.72
T-A     0.00    0.00    0.00    0.00    0.00    0.00   -0.21    0.44    3.23   -2.89   -7.60   36.60
G-C     0.00    0.00    0.00    0.00    0.00    0.00   -0.17    1.32    3.19    0.12  -10.18   37.93
G-C     0.00    0.00    0.00    0.00    0.00    0.00    0.04    1.50    3.32    2.18   -3.36   38.20
A-T     0.00    0.00    0.00    0.00    0.00    0.00   -0.15    0.86    3.35   -2.36    6.45   35.28
A-T     0.00    0.00    0.00    0.00    0.00    0.00   -0.45   -0.06    3.22   -6.79    8.03   31.74
A-T     0.00    0.00    0.00    0.00    0.00    0.00   -0.12   -0.54    3.16   -2.85    4.18   31.17
C-G     0.00    0.00    0.00    0.00    0.00    0.00    0.59   -0.35    3.29    3.89    5.85   33.34
T-A     0.00    0.00    0.00    0.00    0.00    0.00    0.57    0.16    3.45    2.79   10.75   35.87
G-C     0.00    0.00    0.00    0.00    0.00    0.00   -0.26    0.49    3.43   -3.41    6.73   37.77
C-G     0.00    0.00    0.00    0.00    0.00    0.00   -0.70    0.53    3.30   -3.49   -4.90   39.14
T-A     0.00    0.00    0.00    0.00    0.00    0.00   -0.20    0.57    3.21    2.50   -9.41   39.58
C-G     0.00    0.00    0.00    0.00    0.00    0.00    0.34    0.84    3.22    3.80   -3.35   38.99
C-G     0.00    0.00    0.00    0.00    0.00    0.00    0.23    1.06    3.24   -1.51    0.99   37.91
A-T     0.00    0.00    0.00    0.00    0.00    0.00    0.05    0.75    3.25   -3.33   -1.21   36.34
T-A     0.00    0.00    0.00    0.00    0.00    0.00    0.35    0.03    3.33    2.35    0.27   34.20
C-G     0.00    0.00    0.00    0.00    0.00    0.00    0.58   -0.34    3.51    6.49    9.63   33.17
A-T     0.00    0.00    0.00    0.00    0.00    0.00    0.17    0.00    3.58    2.56   15.57   34.94
A-T     0.00    0.00    0.00    0.00    0.00    0.00   -0.42    0.49    3.43   -3.58   10.34   37.85
A-T     0.00    0.00    0.00    0.00    0.00    0.00   -0.49    0.47    3.22   -5.05    0.86   38.56
A-T     0.00    0.00    0.00    0.00    0.00    0.00   -0.28    0.13    3.25   -4.15   -6.27   37.07
G-C     0.00    0.00    0.00    0.00    0.00    0.00   -0.26    0.03    3.53   -4.56  -13.79   36.27
G-C     0.00    0.00    0.00    0.00    0.00    0.00   -0.18    0.19    3.75   -3.30  -20.39   36.76
C-G     0.00    0.00    0.00    0.00    0.00    0.00    0.24    0.24    3.74    2.09  -15.80   36.37
A-T     0.00    0.00    0.00    0.00    0.00    0.00    0.52    0.23    3.67    6.23    0.79   34.66
T-A     0.00    0.00    0.00    0.00    0.00    0.00    0.18    0.37    3.69    3.81   13.68   33.47
G-C     0.00    0.00    0.00    0.00    0.00    0.00   -0.28    0.45    3.61   -1.11   12.48   32.98
T-A     0.00    0.00    0.00    0.00    0.00    0.00   -0.14    0.13    3.34   -1.43    6.18   31.93
T-A     0.00    0.00    0.00    0.00    0.00    0.00    0.29   -0.16    3.15    2.08    5.23   31.80
C-G     0.00    0.00    0.00    0.00    0.00    0.00    0.25    0.29    3.32    3.43    5.01   35.18
A-T     0.00    0.00    0.00    0.00    0.00    0.00   -0.13    1.22    3.58    1.46   -1.17   39.97
G-C     0.00    0.00    0.00    0.00    0.00    0.00   -0.11    1.59    3.53   -0.04   -6.88   40.85
C-G     0.00    0.00    0.00    0.00    0.00    0.00    0.28    1.13    3.25    0.21   -4.08   37.48
T-A     0.00    0.00    0.00    0.00    0.00    0.00    0.38    0.64    3.17   -0.15    2.18   35.08
G-C     0.00    0.00    0.00    0.00    0.00    0.00    0.01    0.53    3.35   -1.77    3.71   35.68
A-T     0.00    0.00    0.00    0.00    0.00    0.00   -0.27    0.27    3.40   -2.34    3.35   35.32
A-T     0.00    0.00    0.00    0.00    0.00    0.00   -0.17   -0.36    3.20   -0.77    6.79   31.98
T-A     0.00    0.00    0.00    0.00    0.00    0.00   -0.01   -0.64    3.11    1.33   10.09   29.73
T-A     0.00    0.00    0.00    0.00    0.00    0.00    0.01   -0.09    3.29    2.18    7.51   31.85
C-G     0.00    0.00    0.00    0.00    0.00    0.00   -0.03    0.60    3.45    1.36    2.71   35.56
A-T     0.00    0.00    0.00    0.00    0.00    0.00   -0.06    0.78    3.37   -0.48    0.81   37.29
G-C     0.00    0.00    0.00    0.00    0.00    0.00   -0.12    0.84    3.28   -1.76   -1.33   37.89
C-G     0.00    0.00    0.00    0.00    0.00    0.00   -0.09    1.30    3.38   -1.20   -6.18   39.10
T-A     0.00    0.00    0.00    0.00    0.00    0.00    0.09    1.61    3.47    0.11   -6.72   39.35
G-C     0.00    0.00    0.00    0.00    0.00    0.00    0.15    1.05    3.37   -0.14    1.59   37.05
A-T     0.00    0.00    0.00    0.00    0.00    0.00   -0.13    0.05    3.23   -1.51    9.98   34.12
A-T     0.00    0.00    0.00    0.00    0.00    0.00   -0.34   -0.37    3.27   -1.00    9.53   32.63
C-G     0.00    0.00    0.00    0.00    0.00    0.00   -0.08   -0.11    3.39    1.53    5.61   31.61
A-T     0.00    0.00    0.00    0.00    0.00    0.00    0.33    0.10    3.37    2.37    6.57   30.40
T-A     0.00    0.00    0.00    0.00    0.00    0.00    0.29    0.09    3.31    0.06    7.68   31.41
G-C     0.00    0.00    0.00    0.00    0.00    0.00   -0.13    0.29    3.42   -1.77    0.71   36.00
C-G     0.00    0.00    0.00    0.00    0.00    0.00   -0.31    0.76    3.61   -0.53   -9.26   40.82
C-G     0.00    0.00    0.00    0.00    0.00    0.00   -0.10    1.03    3.59    1.05  -11.07   41.82
T-A     0.00    0.00    0.00    0.00    0.00    0.00    0.09    0.94    3.35    0.29   -4.82   39.20
T-A     0.00    0.00    0.00    0.00    0.00    0.00    0.10    0.75    3.19   -0.53    1.88   35.57
T-A     0.00    0.00    0.00    0.00    0.00    0.00    0.14    0.45    3.28    1.01    8.02   32.08
T-A     0.00    0.00    0.00    0.00    0.00    0.00    0.20   -0.19    3.48    2.04   15.53   29.00
G-C     0.00    0.00    0.00    0.00    0.00    0.00    0.07   -0.86    3.51   -0.53   18.51   27.50
A-T     0.00    0.00    0.00    0.00    0.00    0.00   -0.16   -0.85    3.33   -3.41   11.26   28.29
T-A     0.00    0.00    0.00    0.00    0.00    0.00   -0.15   -0.10    3.14   -1.89    1.20   30.58
G-C     0.00    0.00    0.00    0.00    0.00    0.00    0.03    0.65    3.14    1.57   -0.98   33.69
G-C     0.00    0.00    0.00    0.00    0.00    0.00    0.05    0.85    3.28    1.03    1.19   37.34
A-T     0.00    0.00    0.00    0.00    0.00    0.00    0.01    0.67    3.36   -2.57   -2.34   39.69
G-C     0.00    0.00    0.00    0.00    0.00    0.00    0.24    0.49    3.31   -2.71   -8.38   38.61
C-G     0.00    0.00    0.00    0.00    0.00    0.00    0.45    0.36    3.29    1.26   -5.26   35.59
A-T     0.00    0.00    0.00    0.00    0.00    0.00    0.04    0.18    3.42    2.61    5.82   34.40
G-C     0.00    0.00    0.00    0.00    0.00    0.00   -0.80   -0.06    3.54   -1.23   11.77   35.13
T-A     0.00    0.00    0.00    0.00    0.00    0.00   -1.04   -0.30    3.43   -4.00    8.64   34.28
T-A     0.00    0.00    0.00    0.00    0.00    0.00   -0.28   -0.37    3.18   -1.02    5.26   31.69
T-A     0.00    0.00    0.00    0.00    0.00    0.00    0.60    0.04    3.08    3.20    5.60   31.60
C-G     0.00    0.00    0.00    0.00    0.00    0.00    0.66    0.90    3.17    2.83    3.57   35.29
C-G     0.00    0.00    0.00    0.00    0.00    0.00    0.09    1.53    3.24    0.01   -2.55   38.50
A-T     0.00    0.00    0.00    0.00    0.00    0.00   -0.30    1.29    3.27   -0.08   -5.59   38.32
A-T     0.00    0.00    0.00    0.00    0.00    0.00   -0.28    0.39    3.37    1.24   -2.74   37.02
A-T     0.00    0.00    0.00    0.00    0.00    0.00   -0.19   -0.36    3.45   -0.74   -0.10   36.37
T-A     0.00    0.00    0.00    0.00    0.00    0.00   -0.17   -0.65    3.28   -4.49   -0.48   34.52
A-T     0.00    0.00    0.00    0.00    0.00    0.00   -0.05   -0.70    3.05   -3.92    1.28   31.50
C-G     0.00    0.00    0.00    0.00    0.00    0.00    0.17   -0.65    3.16    0.87    7.01   31.25
A-T     0.00    0.00    0.00    0.00    0.00    0.00    0.28   -0.41    3.54    3.00   10.26   34.61
C-G     0.00    0.00    0.00    0.00    0.00    0.00    0.19   -0.20    3.66    0.02    7.23   36.56
T-A     0.00    0.00    0.00    0.00    0.00    0.00    0.01   -0.30    3.36   -2.22    2.61   34.63
T-A     0.00    0.00    0.00    0.00    0.00    0.00   -0.19   -0.38    3.11   -0.02    0.53   33.55
T-A     0.00    0.00    0.00    0.00    0.00    0.00   -0.40    0.12    3.24    1.63   -1.43   36.69
T-A     0.00    0.00    0.00    0.00    0.00    0.00   -0.52    0.94    3.39   -1.93   -4.77   39.32
G-C     0.00    0.00    0.00    0.00    0.00    0.00   -0.37    1.16    3.21   -6.00   -4.97   36.52
G-C     0.00    0.00    0.00    0.00    0.00    0.00   -0.06    0.61    2.99   -3.80    1.14   31.74
T-A     0.00    0.00    0.00    0.00    0.00    0.00    0.07    0.09    3.14    1.97    9.36   30.73
A-T     0.00    0.00    0.00    0.00    0.00    0.00   -0.06    0.05    3.42    2.97   13.63   32.05
G-C     0.00    0.00    0.00    0.00    0.00    0.00   -0.15   -0.04    3.37   -1.64   12.76   31.00
A-T     0.00    0.00    0.00    0.00    0.00    0.00    0.05   -0.60    3.10   -4.71    8.77   28.80
A-T     0.00    0.00    0.00    0.00    0.00    0.00    0.33   -1.09    3.10   -3.15    3.18   30.05
T-A     0.00    0.00    0.00    0.00    0.00    0.00    0.21   -0.91    3.36   -1.43   -2.36   34.23
C-G     0.00    0.00    0.00    0.00    0.00    0.00   -0.29   -0.30    3.45   -1.97   -5.68   37.07
T-A     0.00    0.00    0.00    0.00    0.00    0.00   -0.56    0.29    3.25   -0.99   -6.24   37.91
G-C     0.00    0.00    0.00    0.00    0.00    0.00   -0.22    0.92    3.10    2.79   -4.94   38.95
C-G     0.00    0.00    0.00    0.00    0.00    0.00    0.30    1.62    3.15    3.83   -1.75   39.24
A-T     0.00    0.00    0.00    0.00    0.00    0.00    0.29    1.78    3.20   -0.72    3.19   36.37
G-C     0.00    0.00    0.00    0.00    0.00    0.00   -0.16    0.98    3.17   -4.66    7.53   32.40
G-C     0.00    0.00    0.00    0.00    0.00    0.00   -0.36   -0.08    3.25   -2.24    9.32   31.56
T-A     0.00    0.00    0.00    0.00    0.00    0.00   -0.06   -0.41    3.45    2.19    9.89   33.22
G-C     0.00    0.00    0.00    0.00    0.00    0.00    0.21   -0.09    3.47    1.36   10.37   33.40
G-C     0.00    0.00    0.00    0.00    0.00    0.00    0.03   -0.01    3.24   -2.98    8.10   31.99
A-T     0.00    0.00    0.00    0.00    0.00    0.00   -0.29   -0.40    3.10   -3.64    1.55   32.48
T-A     0.00    0.00    0.00    0.00    0.00    0.00   -0.31   -0.59    3.25   -0.15   -4.52   35.30
A-T     0.00    0.00    0.00    0.00    0.00    0.00   -0.13   -0.26    3.48    1.43   -4.55   37.11
T-A     0.00    0.00    0.00    0.00    0.00    0.00   -0.03    0.05    3.47   -0.51   -0.29   36.45
T-A     0.00    0.00    0.00    0.00    0.00    0.00    0.01   -0.11    3.27   -1.26    2.56   35.01
G-C     0.00    0.00    0.00    0.00    0.00    0.00    0.10   -0.45    3.16    1.02    2.83   33.86
A-T     0.00    0.00    0.00    0.00    0.00    0.00    0.12   -0.50    3.23    2.20    3.01   32.82
T-A     0.00    0.00    0.00    0.00    0.00    0.00    0.00   -0.30    3.32   -0.07    2.89   32.87
