 146 base-pairs
   0  ***local base-pair & step parameters***
       Shear  Stretch  Stagger Buckle Prop-Tw Opening   Shift  Slide    Rise    Tilt    Roll   Twist
A-T     0.00    0.00    0.00    0.00    0.00    0.00    0.00    0.00    0.00    0.00    0.00    0.00
T-A     0.00    0.00    0.00    0.00    0.00    0.00   -0.01   -0.41    3.26   -1.25    1.75   34.85
C-G     0.00    0.00    0.00    0.00    0.00    0.00    0.01   -0.07    3.14   -1.12    1.35   36.07
A-T     0.00    0.00    0.00    0.00    0.00    0.00    0.00    0.25    3.12   -1.18    1.97   35.32
A-T     0.00    0.00    0.00    0.00    0.00    0.00   -0.13    0.18    3.26   -0.96    1.73   35.23
T-A     0.00    0.00    0.00    0.00    0.00    0.00   -0.11   -0.28    3.40    0.96   -1.26   37.46
A-T     0.00    0.00    0.00    0.00    0.00    0.00    0.21   -0.62    3.37    2.98   -4.04   38.48
T-A     0.00    0.00    0.00    0.00    0.00    0.00    0.45   -0.48    3.22    2.16   -2.55   35.14
C-G     0.00    0.00    0.00    0.00    0.00    0.00    0.22   -0.08    3.20   -0.41    1.89   30.78
C-G     0.00    0.00    0.00    0.00    0.00    0.00   -0.22    0.06    3.35   -1.03    5.33   30.19
A-T     0.00    0.00    0.00    0.00    0.00    0.00   -0.34   -0.12    3.45    0.34    7.61   31.93
C-G     0.00    0.00    0.00    0.00    0.00    0.00   -0.11   -0.28    3.37    0.20    9.99   31.86
C-G     0.00    0.00    0.00    0.00    0.00    0.00    0.04   -0.12    3.30   -1.89    9.90   31.20
T-A     0.00    0.00    0.00    0.00    0.00    0.00   -0.03    0.27    3.39   -2.63    4.84   33.90
G-C     0.00    0.00    0.00    0.00    0.00    0.00   -0.12    0.65    3.49   -1.08   -1.64   38.38
C-G     0.00    0.00    0.00    0.00    0.00    0.00   -0.09    0.86    3.39    0.04   -4.79   39.74
A-T     0.00    0.00    0.00    0.00    0.00    0.00    0.03    0.85    3.25   -0.04   -5.92   38.20
G-C     0.00    0.00    0.00    0.00    0.00    0.00    0.23    0.47    3.24    0.97   -7.93   37.85
A-T     0.00    0.00    0.00    0.00    0.00    0.00    0.38   -0.22    3.25    3.22   -8.03   38.15
T-A     0.00    0.00    0.00    0.00    0.00    0.00    0.21   -0.83    3.14    3.93   -2.44   34.96
T-A     0.00    0.00    0.00    0.00    0.00    0.00   -0.19   -0.89    3.08    2.68    5.54   29.37
C-G     0.00    0.00    0.00    0.00    0.00    0.00   -0.27   -0.47    3.30    1.94   10.35   27.30
T-A     0.00    0.00    0.00    0.00    0.00    0.00    0.19   -0.07    3.54    1.83   12.54   29.82
A-T     0.00    0.00    0.00    0.00    0.00    0.00    0.60    0.06    3.41    0.14   14.28   31.81
C-G     0.00    0.00    0.00    0.00    0.00    0.00    0.36    0.24    3.04   -1.83   11.85   31.40
C-G     0.00    0.00    0.00    0.00    0.00    0.00   -0.11    0.71    2.92   -0.35    2.47   32.77
A-T     0.00    0.00    0.00    0.00    0.00    0.00   -0.05    1.10    3.19    3.07   -6.65   37.52
A-T     0.00    0.00    0.00    0.00    0.00    0.00    0.40    0.87    3.41    2.74   -6.99   40.86
A-T     0.00    0.00    0.00    0.00    0.00    0.00    0.53    0.11    3.35   -1.24   -1.88   39.19
A-T     0.00    0.00    0.00    0.00    0.00    0.00    0.22   -0.52    3.28   -2.21   -0.07   35.23
G-C     0.00    0.00    0.00    0.00    0.00    0.00    0.02   -0.66    3.39    1.59   -0.63   32.57
T-A     0.00    0.00    0.00    0.00    0.00    0.00    0.04   -0.51    3.47    3.72    3.41   31.05
G-C     0.00    0.00    0.00    0.00    0.00    0.00   -0.05   -0.38    3.34    0.77   10.32   30.01
T-A     0.00    0.00    0.00    0.00    0.00    0.00   -0.19   -0.40    3.23   -2.03   11.62   31.03
A-T     0.00    0.00    0.00    0.00    0.00    0.00   -0.05   -0.56    3.36   -0.92    6.34   34.24
T-A     0.00    0.00    0.00    0.00    0.00    0.00    0.23   -0.77    3.52    0.14    0.89   36.65
T-A     0.00    0.00    0.00    0.00    0.00    0.00    0.17   -0.64    3.44   -1.67   -2.95   36.78
T-A     0.00    0.00    0.00    0.00    0.00    0.00   -0.15    0.15    3.22   -1.97   -7.36   36.75
G-C     0.00    0.00    0.00    0.00    0.00    0.00   -0.24    1.25    3.18    1.25   -8.89   37.77
G-C     0.00    0.00    0.00    0.00    0.00    0.00   -0.10    1.71    3.32    1.71   -2.87   37.61
A-T     0.00    0.00    0.00    0.00    0.00    0.00   -0.18    1.06    3.36   -3.72    5.29   35.01
A-T     0.00    0.00    0.00    0.00    0.00    0.00   -0.32   -0.09    3.23   -6.92    6.82   32.38
A-T     0.00    0.00    0.00    0.00    0.00    0.00    0.02   -0.70    3.16   -1.57    4.64   32.05
C-G     0.00    0.00    0.00    0.00    0.00    0.00    0.54   -0.43    3.27    4.55    7.26   33.25
T-A     0.00    0.00    0.00    0.00    0.00    0.00    0.40    0.18    3.42    1.86   11.11   34.80
G-C     0.00    0.00    0.00    0.00    0.00    0.00   -0.33    0.52    3.43   -4.38    5.71   37.10
C-G     0.00    0.00    0.00    0.00    0.00    0.00   -0.61    0.57    3.32   -2.97   -5.66   39.73
T-A     0.00    0.00    0.00    0.00    0.00    0.00   -0.09    0.66    3.23    3.55   -8.96   40.61
C-G     0.00    0.00    0.00    0.00    0.00    0.00    0.34    0.89    3.22    3.63   -2.69   39.15
C-G     0.00    0.00    0.00    0.00    0.00    0.00    0.17    0.94    3.21   -2.57    0.80   37.18
A-T     0.00    0.00    0.00    0.00    0.00    0.00    0.02    0.55    3.23   -3.44   -1.65   35.78
T-A     0.00    0.00    0.00    0.00    0.00    0.00    0.35    0.02    3.34    3.41    0.57   34.36
C-G     0.00    0.00    0.00    0.00    0.00    0.00    0.57   -0.10    3.52    6.93   10.15   33.54
A-T     0.00    0.00    0.00    0.00    0.00    0.00    0.17    0.21    3.59    1.55   15.18   35.05
A-T     0.00    0.00    0.00    0.00    0.00    0.00   -0.35    0.38    3.42   -4.43    9.40   37.88
A-T     0.00    0.00    0.00    0.00    0.00    0.00   -0.42    0.19    3.20   -4.30    0.91   38.72
A-T     0.00    0.00    0.00    0.00    0.00    0.00   -0.33    0.03    3.24   -2.92   -5.02   36.98
G-C     0.00    0.00    0.00    0.00    0.00    0.00   -0.40    0.21    3.53   -4.80  -13.11   35.71
G-C     0.00    0.00    0.00    0.00    0.00    0.00   -0.23    0.40    3.76   -4.67  -21.39   36.40
C-G     0.00    0.00    0.00    0.00    0.00    0.00    0.37    0.24    3.75    1.73  -17.13   36.91
A-T     0.00    0.00    0.00    0.00    0.00    0.00    0.67    0.08    3.68    7.42    1.02   35.58
T-A     0.00    0.00    0.00    0.00    0.00    0.00    0.16    0.28    3.68    4.66   15.09   33.54
G-C     0.00    0.00    0.00    0.00    0.00    0.00   -0.44    0.46    3.59   -1.89   13.04   31.97
T-A     0.00    0.00    0.00    0.00    0.00    0.00   -0.23    0.16    3.34   -2.50    5.26   31.14
T-A     0.00    0.00    0.00    0.00    0.00    0.00    0.36   -0.12    3.17    2.41    4.34   32.24
C-G     0.00    0.00    0.00    0.00    0.00    0.00    0.37    0.38    3.34    4.53    5.33   36.23
A-T     0.00    0.00    0.00    0.00    0.00    0.00   -0.11    1.28    3.58    1.47   -0.45   40.27
G-C     0.00    0.00    0.00    0.00    0.00    0.00   -0.17    1.49    3.50   -1.09   -6.96   40.18
C-G     0.00    0.00    0.00    0.00    0.00    0.00    0.24    0.93    3.23   -0.08   -4.56   36.85
T-A     0.00    0.00    0.00    0.00    0.00    0.00    0.37    0.60    3.18    0.84    2.37   35.16
G-C     0.00    0.00    0.00    0.00    0.00    0.00    0.00    0.76    3.37   -1.16    4.28   36.07
A-T     0.00    0.00    0.00    0.00    0.00    0.00   -0.27    0.50    3.41   -3.21    3.10   35.46
A-T     0.00    0.00    0.00    0.00    0.00    0.00   -0.11   -0.43    3.20   -1.77    5.83   32.01
T-A     0.00    0.00    0.00    0.00    0.00    0.00    0.07   -0.92    3.10    1.88    9.96   29.89
T-A     0.00    0.00    0.00    0.00    0.00    0.00   -0.02   -0.24    3.28    3.47    8.68   31.81
C-G     0.00    0.00    0.00    0.00    0.00    0.00   -0.16    0.76    3.44    1.34    3.56   35.04
A-T     0.00    0.00    0.00    0.00    0.00    0.00   -0.13    1.01    3.38   -1.82    0.00   36.84
G-C     0.00    0.00    0.00    0.00    0.00    0.00   -0.01    0.88    3.30   -2.34   -2.74   38.31
C-G     0.00    0.00    0.00    0.00    0.00    0.00    0.06    1.15    3.39   -0.13   -6.18   40.05
T-A     0.00    0.00    0.00    0.00    0.00    0.00    0.09    1.50    3.46    1.12   -5.36   39.57
G-C     0.00    0.00    0.00    0.00    0.00    0.00   -0.01    1.05    3.34   -0.74    2.34   36.13
A-T     0.00    0.00    0.00    0.00    0.00    0.00   -0.23    0.08    3.22   -2.67    9.19   33.22
A-T     0.00    0.00    0.00    0.00    0.00    0.00   -0.29   -0.33    3.29   -0.87    8.54   32.92
C-G     0.00    0.00    0.00    0.00    0.00    0.00    0.04   -0.03    3.41    2.65    5.80   32.66
A-T     0.00    0.00    0.00    0.00    0.00    0.00    0.37    0.18    3.37    2.58    7.32   30.84
T-A     0.00    0.00    0.00    0.00    0.00    0.00    0.23    0.01    3.28   -0.94    7.72   30.83
G-C     0.00    0.00    0.00    0.00    0.00    0.00   -0.17    0.08    3.40   -2.24    0.21   35.30
C-G     0.00    0.00    0.00    0.00    0.00    0.00   -0.31    0.68    3.61    0.37   -9.17   40.81
C-G     0.00    0.00    0.00    0.00    0.00    0.00   -0.11    1.22    3.61    1.82  -10.47   42.21
T-A     0.00    0.00    0.00    0.00    0.00    0.00    0.09    1.19    3.36   -0.43   -4.93   39.38
T-A     0.00    0.00    0.00    0.00    0.00    0.00    0.15    0.73    3.18   -1.63    0.94   35.59
T-A     0.00    0.00    0.00    0.00    0.00    0.00    0.22    0.17    3.27    1.35    7.72   32.22
T-A     0.00    0.00    0.00    0.00    0.00    0.00    0.19   -0.37    3.47    3.36   16.59   29.01
G-C     0.00    0.00    0.00    0.00    0.00    0.00   -0.06   -0.73    3.50   -0.32   19.52   27.02
A-T     0.00    0.00    0.00    0.00    0.00    0.00   -0.25   -0.61    3.34   -4.69   10.65   27.79
T-A     0.00    0.00    0.00    0.00    0.00    0.00   -0.06   -0.04    3.16   -2.67   -0.26   30.88
G-C     0.00    0.00    0.00    0.00    0.00    0.00    0.19    0.52    3.15    2.49   -1.21   34.63
G-C     0.00    0.00    0.00    0.00    0.00    0.00    0.08    0.73    3.27    2.17    2.48   37.70
A-T     0.00    0.00    0.00    0.00    0.00    0.00   -0.13    0.66    3.33   -2.97   -1.41   38.88
G-C     0.00    0.00    0.00    0.00    0.00    0.00    0.11    0.52    3.30   -3.92   -9.01   37.62
C-G     0.00    0.00    0.00    0.00    0.00    0.00    0.49    0.40    3.30    1.19   -6.33   35.71
A-T     0.00    0.00    0.00    0.00    0.00    0.00    0.17    0.26    3.45    3.70    5.84   35.44
G-C     0.00    0.00    0.00    0.00    0.00    0.00   -0.75    0.02    3.55   -0.83   12.53   35.70
T-A     0.00    0.00    0.00    0.00    0.00    0.00   -1.09   -0.36    3.40   -4.92    8.79   33.79
T-A     0.00    0.00    0.00    0.00    0.00    0.00   -0.33   -0.57    3.15   -1.65    4.77   30.94
T-A     0.00    0.00    0.00    0.00    0.00    0.00    0.60   -0.07    3.08    3.97    5.58   31.50
C-G     0.00    0.00    0.00    0.00    0.00    0.00    0.65    1.06    3.19    3.72    4.16   35.67
C-G     0.00    0.00    0.00    0.00    0.00    0.00    0.08    1.79    3.26   -0.53   -2.52   38.71
A-T     0.00    0.00    0.00    0.00    0.00    0.00   -0.26    1.31    3.27   -1.25   -6.49   38.34
A-T     0.00    0.00    0.00    0.00    0.00    0.00   -0.20    0.13    3.36    1.37   -3.21   37.15
A-T     0.00    0.00    0.00    0.00    0.00    0.00   -0.19   -0.58    3.43    0.57    0.83   36.42
T-A     0.00    0.00    0.00    0.00    0.00    0.00   -0.29   -0.56    3.27   -4.06    0.65   34.11
A-T     0.00    0.00    0.00    0.00    0.00    0.00   -0.16   -0.45    3.06   -5.09    0.89   30.95
C-G     0.00    0.00    0.00    0.00    0.00    0.00    0.23   -0.55    3.17   -0.09    5.54   31.42
A-T     0.00    0.00    0.00    0.00    0.00    0.00    0.45   -0.53    3.55    3.74    9.80   35.53
C-G     0.00    0.00    0.00    0.00    0.00    0.00    0.24   -0.33    3.66    1.26    8.41   37.07
T-A     0.00    0.00    0.00    0.00    0.00    0.00   -0.12   -0.33    3.34   -2.41    3.69   33.93
T-A     0.00    0.00    0.00    0.00    0.00    0.00   -0.32   -0.35    3.10   -1.25    0.07   32.49
T-A     0.00    0.00    0.00    0.00    0.00    0.00   -0.38    0.15    3.26    1.36   -2.55   36.65
T-A     0.00    0.00    0.00    0.00    0.00    0.00   -0.39    1.01    3.42   -0.89   -4.90   40.31
G-C     0.00    0.00    0.00    0.00    0.00    0.00   -0.31    1.25    3.22   -5.44   -4.22   37.22
G-C     0.00    0.00    0.00    0.00    0.00    0.00   -0.11    0.58    2.97   -4.62    1.41   31.35
T-A     0.00    0.00    0.00    0.00    0.00    0.00    0.02   -0.10    3.12    1.20    8.89   29.96
A-T     0.00    0.00    0.00    0.00    0.00    0.00   -0.07   -0.08    3.42    3.59   13.50   31.86
G-C     0.00    0.00    0.00    0.00    0.00    0.00   -0.16    0.09    3.38   -0.64   13.33   31.36
A-T     0.00    0.00    0.00    0.00    0.00    0.00    0.04   -0.33    3.12   -5.06    8.93   29.05
A-T     0.00    0.00    0.00    0.00    0.00    0.00    0.37   -1.03    3.10   -4.36    2.34   30.07
T-A     0.00    0.00    0.00    0.00    0.00    0.00    0.30   -1.15    3.35   -1.52   -2.97   34.35
C-G     0.00    0.00    0.00    0.00    0.00    0.00   -0.27   -0.54    3.43   -0.70   -4.90   37.17
T-A     0.00    0.00    0.00    0.00    0.00    0.00   -0.67    0.34    3.24   -0.34   -5.02   37.56
G-C     0.00    0.00    0.00    0.00    0.00    0.00   -0.34    1.16    3.11    1.75   -5.11   38.37
C-G     0.00    0.00    0.00    0.00    0.00    0.00    0.34    1.74    3.17    2.72   -3.20   39.30
A-T     0.00    0.00    0.00    0.00    0.00    0.00    0.46    1.68    3.22   -0.18    2.51   37.24
G-C     0.00    0.00    0.00    0.00    0.00    0.00   -0.08    0.84    3.17   -3.35    8.57   33.02
G-C     0.00    0.00    0.00    0.00    0.00    0.00   -0.47   -0.12    3.23   -2.21   10.53   31.00
T-A     0.00    0.00    0.00    0.00    0.00    0.00   -0.21   -0.38    3.43    0.98    9.62   32.13
G-C     0.00    0.00    0.00    0.00    0.00    0.00    0.21   -0.06    3.48    0.89    9.22   33.20
G-C     0.00    0.00    0.00    0.00    0.00    0.00    0.15    0.05    3.27   -2.04    7.80   32.91
A-T     0.00    0.00    0.00    0.00    0.00    0.00   -0.21   -0.30    3.11   -2.92    2.26   33.29
T-A     0.00    0.00    0.00    0.00    0.00    0.00   -0.35   -0.60    3.24   -0.84   -4.14   35.04
A-T     0.00    0.00    0.00    0.00    0.00    0.00   -0.18   -0.44    3.46    0.54   -4.98   36.31
T-A     0.00    0.00    0.00    0.00    0.00    0.00   -0.04   -0.11    3.47   -0.06   -0.51   36.16
T-A     0.00    0.00    0.00    0.00    0.00    0.00    0.00   -0.01    3.29   -0.20    3.08   35.33
G-C     0.00    0.00    0.00    0.00    0.00    0.00    0.08   -0.17    3.17    0.87    3.11   34.15
A-T     0.00    0.00    0.00    0.00    0.00    0.00    0.15   -0.39    3.23    0.99    2.26   32.86
T-A     0.00    0.00    0.00    0.00    0.00    0.00    0.08   -0.51    3.31   -0.38    2.15   32.96
