 146 base-pairs
   0  ***local base-pair & step parameters***
       Shear  Stretch  Stagger Buckle Prop-Tw Opening   Shift  Slide    Rise    Tilt    Roll   Twist
A-T     0.00    0.00    0.00    0.00    0.00    0.00    0.00    0.00    0.00    0.00    0.00    0.00
T-A     0.00    0.00    0.00    0.00    0.00    0.00    0.02   -0.41    3.19   -1.48    0.51   34.53
C-G     0.00    0.00    0.00    0.00    0.00    0.00    0.08   -0.07    3.16   -1.05    1.58   36.52
A-T     0.00    0.00    0.00    0.00    0.00    0.00    0.00    0.25    3.19   -0.74    3.20   35.81
A-T     0.00    0.00    0.00    0.00    0.00    0.00   -0.18    0.18    3.25   -0.84    2.24   34.81
T-A     0.00    0.00    0.00    0.00    0.00    0.00   -0.13   -0.27    3.33    0.40   -2.07   36.78
A-T     0.00    0.00    0.00    0.00    0.00    0.00    0.23   -0.62    3.36    2.58   -5.04   38.77
T-A     0.00    0.00    0.00    0.00    0.00    0.00    0.47   -0.49    3.28    2.70   -2.43   35.99
C-G     0.00    0.00    0.00    0.00    0.00    0.00    0.22   -0.09    3.22    0.29    2.97   30.71
C-G     0.00    0.00    0.00    0.00    0.00    0.00   -0.23    0.08    3.30   -1.37    5.96   29.24
A-T     0.00    0.00    0.00    0.00    0.00    0.00   -0.35   -0.11    3.43   -0.60    6.87   31.71
C-G     0.00    0.00    0.00    0.00    0.00    0.00   -0.13   -0.30    3.41    0.21    8.80   32.79
C-G     0.00    0.00    0.00    0.00    0.00    0.00    0.05   -0.14    3.33   -0.86    9.96   31.72
T-A     0.00    0.00    0.00    0.00    0.00    0.00    0.00    0.29    3.35   -2.24    6.22   33.10
G-C     0.00    0.00    0.00    0.00    0.00    0.00   -0.11    0.67    3.46   -2.02   -0.90   37.61
C-G     0.00    0.00    0.00    0.00    0.00    0.00   -0.14    0.86    3.44   -0.71   -5.92   40.30
A-T     0.00    0.00    0.00    0.00    0.00    0.00    0.00    0.82    3.29    0.64   -7.36   39.14
G-C     0.00    0.00    0.00    0.00    0.00    0.00    0.28    0.47    3.20    1.99   -7.45   37.59
A-T     0.00    0.00    0.00    0.00    0.00    0.00    0.44   -0.19    3.21    2.92   -6.21   37.18
T-A     0.00    0.00    0.00    0.00    0.00    0.00    0.18   -0.81    3.18    2.83   -2.05   34.92
T-A     0.00    0.00    0.00    0.00    0.00    0.00   -0.28   -0.92    3.14    2.56    3.79   30.26
C-G     0.00    0.00    0.00    0.00    0.00    0.00   -0.27   -0.50    3.27    2.95    9.10   27.59
T-A     0.00    0.00    0.00    0.00    0.00    0.00    0.29   -0.05    3.47    2.30   13.78   29.09
A-T     0.00    0.00    0.00    0.00    0.00    0.00    0.64    0.09    3.43   -0.62   16.15   31.36
C-G     0.00    0.00    0.00    0.00    0.00    0.00    0.27    0.23    3.11   -2.52   11.45   31.93
C-G     0.00    0.00    0.00    0.00    0.00    0.00   -0.18    0.68    2.93    0.07    0.40   33.27
A-T     0.00    0.00    0.00    0.00    0.00    0.00    0.02    1.10    3.11    3.80   -7.20   37.18
A-T     0.00    0.00    0.00    0.00    0.00    0.00    0.50    0.89    3.39    2.64   -5.20   40.38
A-T     0.00    0.00    0.00    0.00    0.00    0.00    0.50    0.12    3.43   -1.86   -0.53   39.40
A-T     0.00    0.00    0.00    0.00    0.00    0.00    0.12   -0.54    3.32   -2.35   -1.20   35.63
G-C     0.00    0.00    0.00    0.00    0.00    0.00    0.00   -0.67    3.32    1.99   -2.43   32.42
T-A     0.00    0.00    0.00    0.00    0.00    0.00    0.14   -0.50    3.41    3.93    3.65   30.72
G-C     0.00    0.00    0.00    0.00    0.00    0.00    0.00   -0.37    3.39    0.60   12.12   30.18
T-A     0.00    0.00    0.00    0.00    0.00    0.00   -0.26   -0.40    3.31   -2.19   12.23   31.33
A-T     0.00    0.00    0.00    0.00    0.00    0.00   -0.12   -0.57    3.33   -0.92    4.99   34.02
T-A     0.00    0.00    0.00    0.00    0.00    0.00    0.27   -0.77    3.45    0.12   -0.32   36.32
T-A     0.00    0.00    0.00    0.00    0.00    0.00    0.25   -0.64    3.45   -1.62   -2.33   37.05
T-A     0.00    0.00    0.00    0.00    0.00    0.00   -0.16    0.15    3.30   -1.74   -5.97   37.20
G-C     0.00    0.00    0.00    0.00    0.00    0.00   -0.30    1.25    3.19    1.30   -8.71   37.50
G-C     0.00    0.00    0.00    0.00    0.00    0.00   -0.12    1.72    3.25    1.32   -4.01   37.01
A-T     0.00    0.00    0.00    0.00    0.00    0.00   -0.13    1.06    3.34   -3.99    4.47   35.19
A-T     0.00    0.00    0.00    0.00    0.00    0.00   -0.29   -0.10    3.29   -6.50    7.35   33.13
A-T     0.00    0.00    0.00    0.00    0.00    0.00    0.00   -0.70    3.19   -1.02    5.75   32.04
C-G     0.00    0.00    0.00    0.00    0.00    0.00    0.52   -0.42    3.23    4.25    7.49   32.40
T-A     0.00    0.00    0.00    0.00    0.00    0.00    0.41    0.19    3.39    1.06   10.15   34.55
G-C     0.00    0.00    0.00    0.00    0.00    0.00   -0.32    0.51    3.47   -4.34    4.82   37.95
C-G     0.00    0.00    0.00    0.00    0.00    0.00   -0.60    0.56    3.36   -2.04   -5.24   40.26
T-A     0.00    0.00    0.00    0.00    0.00    0.00   -0.08    0.68    3.20    3.88   -7.71   39.87
C-G     0.00    0.00    0.00    0.00    0.00    0.00    0.34    0.92    3.18    2.73   -2.34   38.36
C-G     0.00    0.00    0.00    0.00    0.00    0.00    0.14    0.93    3.24   -3.27   -0.39   37.70
A-T     0.00    0.00    0.00    0.00    0.00    0.00   -0.01    0.51    3.27   -2.76   -2.76   36.74
T-A     0.00    0.00    0.00    0.00    0.00    0.00    0.38    0.02    3.32    4.40    1.27   34.13
C-G     0.00    0.00    0.00    0.00    0.00    0.00    0.62   -0.06    3.48    6.59   11.77   32.52
A-T     0.00    0.00    0.00    0.00    0.00    0.00    0.15    0.22    3.61    0.43   15.27   34.96
A-T     0.00    0.00    0.00    0.00    0.00    0.00   -0.42    0.36    3.48   -4.52    7.67   38.84
A-T     0.00    0.00    0.00    0.00    0.00    0.00   -0.42    0.16    3.19   -3.23   -0.05   39.09
A-T     0.00    0.00    0.00    0.00    0.00    0.00   -0.25    0.04    3.18   -2.44   -3.65   36.19
G-C     0.00    0.00    0.00    0.00    0.00    0.00   -0.37    0.25    3.54   -5.65  -11.43   35.15
G-C     0.00    0.00    0.00    0.00    0.00    0.00   -0.32    0.40    3.83   -5.42  -22.03   36.96
C-G     0.00    0.00    0.00    0.00    0.00    0.00    0.30    0.21    3.77    2.25  -19.16   37.56
A-T     0.00    0.00    0.00    0.00    0.00    0.00    0.74    0.07    3.61    8.28    0.73   35.25
T-A     0.00    0.00    0.00    0.00    0.00    0.00    0.25    0.31    3.65    4.50   17.01   32.90
G-C     0.00    0.00    0.00    0.00    0.00    0.00   -0.47    0.47    3.66   -2.68   14.21   32.12
T-A     0.00    0.00    0.00    0.00    0.00    0.00   -0.34    0.14    3.38   -2.65    3.88   31.69
T-A     0.00    0.00    0.00    0.00    0.00    0.00    0.35   -0.14    3.12    3.00    2.57   32.21
C-G     0.00    0.00    0.00    0.00    0.00    0.00    0.47    0.39    3.27    4.84    5.86   35.79
A-T     0.00    0.00    0.00    0.00    0.00    0.00   -0.06    1.30    3.62    1.14    1.49   40.27
G-C     0.00    0.00    0.00    0.00    0.00    0.00   -0.26    1.48    3.58   -1.40   -6.58   40.54
C-G     0.00    0.00    0.00    0.00    0.00    0.00    0.17    0.91    3.21    0.02   -6.21   36.81
T-A     0.00    0.00    0.00    0.00    0.00    0.00    0.42    0.60    3.10    1.03    1.26   34.82
G-C     0.00    0.00    0.00    0.00    0.00    0.00    0.09    0.77    3.37   -1.13    5.27   36.15
A-T     0.00    0.00    0.00    0.00    0.00    0.00   -0.28    0.50    3.49   -3.20    4.58   35.85
A-T     0.00    0.00    0.00    0.00    0.00    0.00   -0.19   -0.43    3.22   -1.78    5.68   31.90
T-A     0.00    0.00    0.00    0.00    0.00    0.00    0.05   -0.92    3.03    1.68    8.55   29.38
T-A     0.00    0.00    0.00    0.00    0.00    0.00    0.04   -0.24    3.25    3.33    8.08   31.87
C-G     0.00    0.00    0.00    0.00    0.00    0.00   -0.13    0.75    3.50    1.64    4.48   35.67
A-T     0.00    0.00    0.00    0.00    0.00    0.00   -0.16    1.01    3.42   -1.44    1.06   36.91
G-C     0.00    0.00    0.00    0.00    0.00    0.00   -0.05    0.89    3.26   -2.59   -2.94   37.59
C-G     0.00    0.00    0.00    0.00    0.00    0.00    0.08    1.16    3.34   -0.76   -7.28   39.77
T-A     0.00    0.00    0.00    0.00    0.00    0.00    0.12    1.49    3.49    1.18   -5.89   40.32
G-C     0.00    0.00    0.00    0.00    0.00    0.00    0.00    1.03    3.39    0.06    3.07   36.66
A-T     0.00    0.00    0.00    0.00    0.00    0.00   -0.24    0.09    3.20   -2.41   10.24   32.56
A-T     0.00    0.00    0.00    0.00    0.00    0.00   -0.29   -0.31    3.25   -1.69    8.49   32.14
C-G     0.00    0.00    0.00    0.00    0.00    0.00    0.03   -0.03    3.43    2.03    4.61   33.13
A-T     0.00    0.00    0.00    0.00    0.00    0.00    0.36    0.15    3.42    3.24    6.60   31.80
T-A     0.00    0.00    0.00    0.00    0.00    0.00    0.26    0.01    3.27   -0.01    8.60   30.65
G-C     0.00    0.00    0.00    0.00    0.00    0.00   -0.14    0.11    3.35   -2.59    1.56   34.27
C-G     0.00    0.00    0.00    0.00    0.00    0.00   -0.33    0.69    3.62   -0.74   -9.38   40.67
C-G     0.00    0.00    0.00    0.00    0.00    0.00   -0.16    1.20    3.66    1.76  -12.09   43.19
T-A     0.00    0.00    0.00    0.00    0.00    0.00    0.09    1.16    3.36    0.67   -5.56   39.82
T-A     0.00    0.00    0.00    0.00    0.00    0.00    0.23    0.74    3.13   -1.17    2.38   34.76
T-A     0.00    0.00    0.00    0.00    0.00    0.00    0.24    0.20    3.27    0.43    9.14   31.56
T-A     0.00    0.00    0.00    0.00    0.00    0.00    0.11   -0.38    3.53    2.58   15.75   29.59
G-C     0.00    0.00    0.00    0.00    0.00    0.00   -0.12   -0.76    3.52    0.27   17.60   27.80
A-T     0.00    0.00    0.00    0.00    0.00    0.00   -0.19   -0.62    3.28   -3.74   10.62   27.47
T-A     0.00    0.00    0.00    0.00    0.00    0.00    0.02   -0.01    3.13   -2.87    1.72   30.10
G-C     0.00    0.00    0.00    0.00    0.00    0.00    0.16    0.54    3.21    1.56   -0.27   34.71
G-C     0.00    0.00    0.00    0.00    0.00    0.00   -0.03    0.70    3.32    2.02    0.91   38.40
A-T     0.00    0.00    0.00    0.00    0.00    0.00   -0.14    0.64    3.29   -2.21   -3.08   38.96
G-C     0.00    0.00    0.00    0.00    0.00    0.00    0.22    0.54    3.23   -3.54   -8.21   37.06
C-G     0.00    0.00    0.00    0.00    0.00    0.00    0.54    0.42    3.34    0.70   -4.33   35.56
A-T     0.00    0.00    0.00    0.00    0.00    0.00    0.08    0.25    3.53    3.23    5.97   35.87
G-C     0.00    0.00    0.00    0.00    0.00    0.00   -0.83    0.00    3.53   -0.62   10.66   35.86
T-A     0.00    0.00    0.00    0.00    0.00    0.00   -1.03   -0.36    3.32   -4.53    7.82   33.44
T-A     0.00    0.00    0.00    0.00    0.00    0.00   -0.23   -0.55    3.15   -1.66    6.08   30.84
T-A     0.00    0.00    0.00    0.00    0.00    0.00    0.58   -0.06    3.16    3.76    7.09   31.83
C-G     0.00    0.00    0.00    0.00    0.00    0.00    0.55    1.05    3.22    3.66    3.66   35.73
C-G     0.00    0.00    0.00    0.00    0.00    0.00    0.06    1.79    3.19   -0.53   -4.13   38.32
A-T     0.00    0.00    0.00    0.00    0.00    0.00   -0.18    1.31    3.23   -1.26   -6.83   38.28
A-T     0.00    0.00    0.00    0.00    0.00    0.00   -0.16    0.13    3.42    1.53   -1.93   37.64
A-T     0.00    0.00    0.00    0.00    0.00    0.00   -0.24   -0.58    3.49    0.78    1.79   36.56
T-A     0.00    0.00    0.00    0.00    0.00    0.00   -0.34   -0.55    3.23   -4.24    0.03   33.53
A-T     0.00    0.00    0.00    0.00    0.00    0.00   -0.14   -0.45    2.99   -5.53   -0.32   30.65
C-G     0.00    0.00    0.00    0.00    0.00    0.00    0.28   -0.56    3.20   -0.02    5.38   32.03
A-T     0.00    0.00    0.00    0.00    0.00    0.00    0.45   -0.54    3.61    4.37   10.81   36.04
C-G     0.00    0.00    0.00    0.00    0.00    0.00    0.21   -0.33    3.64    1.45    9.21   36.52
T-A     0.00    0.00    0.00    0.00    0.00    0.00   -0.13   -0.31    3.28   -3.12    3.25   33.20
T-A     0.00    0.00    0.00    0.00    0.00    0.00   -0.32   -0.36    3.10   -1.77   -1.05   32.87
T-A     0.00    0.00    0.00    0.00    0.00    0.00   -0.38    0.13    3.31    1.97   -2.86   37.57
T-A     0.00    0.00    0.00    0.00    0.00    0.00   -0.38    1.01    3.42   -0.06   -3.89   40.18
G-C     0.00    0.00    0.00    0.00    0.00    0.00   -0.30    1.28    3.17   -5.79   -3.21   36.21
G-C     0.00    0.00    0.00    0.00    0.00    0.00   -0.12    0.59    2.96   -5.66    0.92   31.17
T-A     0.00    0.00    0.00    0.00    0.00    0.00   -0.02   -0.12    3.16    1.18    7.45   30.93
A-T     0.00    0.00    0.00    0.00    0.00    0.00   -0.06   -0.10    3.43    4.68   13.22   32.35
G-C     0.00    0.00    0.00    0.00    0.00    0.00   -0.11    0.11    3.33   -0.21   14.78   30.54
A-T     0.00    0.00    0.00    0.00    0.00    0.00    0.05   -0.30    3.10   -6.01   10.03   28.32
A-T     0.00    0.00    0.00    0.00    0.00    0.00    0.30   -1.03    3.16   -5.15    1.33   30.65
T-A     0.00    0.00    0.00    0.00    0.00    0.00    0.25   -1.18    3.38   -0.88   -4.69   35.22
C-G     0.00    0.00    0.00    0.00    0.00    0.00   -0.21   -0.54    3.38    0.30   -4.66   36.88
T-A     0.00    0.00    0.00    0.00    0.00    0.00   -0.60    0.37    3.20   -0.60   -3.08   36.67
G-C     0.00    0.00    0.00    0.00    0.00    0.00   -0.37    1.18    3.16    0.71   -4.43   38.39
C-G     0.00    0.00    0.00    0.00    0.00    0.00    0.24    1.72    3.23    2.58   -4.90   40.11
A-T     0.00    0.00    0.00    0.00    0.00    0.00    0.45    1.66    3.18    0.72    1.02   37.44
G-C     0.00    0.00    0.00    0.00    0.00    0.00    0.02    0.85    3.10   -2.92    9.61   32.37
G-C     0.00    0.00    0.00    0.00    0.00    0.00   -0.42   -0.10    3.25   -2.84   12.51   30.69
T-A     0.00    0.00    0.00    0.00    0.00    0.00   -0.30   -0.39    3.51    0.40    9.48   32.61
G-C     0.00    0.00    0.00    0.00    0.00    0.00    0.13   -0.09    3.47    1.21    7.21   33.53
G-C     0.00    0.00    0.00    0.00    0.00    0.00    0.21    0.05    3.19   -1.46    7.03   32.57
A-T     0.00    0.00    0.00    0.00    0.00    0.00   -0.11   -0.28    3.09   -2.97    3.85   33.00
T-A     0.00    0.00    0.00    0.00    0.00    0.00   -0.37   -0.59    3.31   -1.26   -2.68   35.32
A-T     0.00    0.00    0.00    0.00    0.00    0.00   -0.29   -0.46    3.50    0.43   -5.81   36.55
T-A     0.00    0.00    0.00    0.00    0.00    0.00   -0.06   -0.12    3.40    0.14   -2.25   35.88
T-A     0.00    0.00    0.00    0.00    0.00    0.00    0.09    0.00    3.23   -0.09    3.03   35.14
G-C     0.00    0.00    0.00    0.00    0.00    0.00    0.13   -0.17    3.23    0.87    4.68   34.48
A-T     0.00    0.00    0.00    0.00    0.00    0.00    0.08   -0.40    3.30    1.01    3.07   33.07
T-A     0.00    0.00    0.00    0.00    0.00    0.00    0.02   -0.51    3.28   -0.48    1.15   32.56
