 146 base-pairs
   0  ***local base-pair & step parameters***
       Shear  Stretch  Stagger Buckle Prop-Tw Opening   Shift  Slide    Rise    Tilt    Roll   Twist
A-T     0.00    0.00    0.00    0.00    0.00    0.00    0.00    0.00    0.00    0.00    0.00    0.00
T-A     0.00    0.00    0.00    0.00    0.00    0.00   -0.25   -0.75    3.18   -3.06    1.75   32.32
C-G     0.00    0.00    0.00    0.00    0.00    0.00    0.00   -0.05    3.11    1.57   -0.03   37.40
A-T     0.00    0.00    0.00    0.00    0.00    0.00    0.13    0.34    3.37   -1.41    5.23   36.61
A-T     0.00    0.00    0.00    0.00    0.00    0.00   -0.02    0.69    3.09   -0.64   -1.45   35.20
T-A     0.00    0.00    0.00    0.00    0.00    0.00   -0.14   -0.80    3.27    0.15    1.45   35.09
A-T     0.00    0.00    0.00    0.00    0.00    0.00   -0.16   -0.65    3.52    0.82   -5.13   39.60
T-A     0.00    0.00    0.00    0.00    0.00    0.00    0.82   -0.18    3.26    5.32   -5.58   37.25
C-G     0.00    0.00    0.00    0.00    0.00    0.00    0.25   -0.59    3.23   -1.52    6.83   28.20
C-G     0.00    0.00    0.00    0.00    0.00    0.00   -0.46    0.43    3.16   -0.33    3.20   30.40
A-T     0.00    0.00    0.00    0.00    0.00    0.00   -0.23    0.10    3.51    0.13    8.59   32.52
C-G     0.00    0.00    0.00    0.00    0.00    0.00   -0.13   -0.34    3.41   -1.69    7.28   32.33
C-G     0.00    0.00    0.00    0.00    0.00    0.00    0.20   -0.58    3.31   -0.10   10.00   31.24
T-A     0.00    0.00    0.00    0.00    0.00    0.00   -0.24    0.27    3.47   -2.74    8.92   32.94
G-C     0.00    0.00    0.00    0.00    0.00    0.00   -0.15    1.17    3.29   -0.33   -4.04   38.43
C-G     0.00    0.00    0.00    0.00    0.00    0.00    0.03    0.58    3.51   -2.16   -3.35   39.54
A-T     0.00    0.00    0.00    0.00    0.00    0.00    0.03    1.10    3.21    0.80  -11.09   39.94
G-C     0.00    0.00    0.00    0.00    0.00    0.00    0.35    0.15    3.22    3.35   -5.19   36.91
A-T     0.00    0.00    0.00    0.00    0.00    0.00    0.09   -0.38    3.39    0.42   -3.24   37.33
T-A     0.00    0.00    0.00    0.00    0.00    0.00    0.35   -0.36    3.04    4.15   -6.85   35.96
T-A     0.00    0.00    0.00    0.00    0.00    0.00   -0.10   -1.20    3.09    2.55    6.40   28.05
C-G     0.00    0.00    0.00    0.00    0.00    0.00   -0.51   -0.39    3.17    3.75    7.11   28.35
T-A     0.00    0.00    0.00    0.00    0.00    0.00    0.41    0.01    3.70    2.43   15.73   30.81
A-T     0.00    0.00    0.00    0.00    0.00    0.00    0.67    0.22    3.46   -2.68   15.89   31.11
C-G     0.00    0.00    0.00    0.00    0.00    0.00    0.25   -0.22    2.88   -2.10   10.24   29.65
C-G     0.00    0.00    0.00    0.00    0.00    0.00   -0.40    0.55    3.07    0.47    3.30   33.46
A-T     0.00    0.00    0.00    0.00    0.00    0.00    0.15    1.93    3.03    6.20  -12.07   39.69
A-T     0.00    0.00    0.00    0.00    0.00    0.00    0.79    0.48    3.47    0.83   -1.51   39.03
A-T     0.00    0.00    0.00    0.00    0.00    0.00    0.24    0.04    3.40   -3.72   -1.04   39.43
A-T     0.00    0.00    0.00    0.00    0.00    0.00    0.06   -0.56    3.27   -0.54   -2.33   35.33
G-C     0.00    0.00    0.00    0.00    0.00    0.00   -0.05   -0.83    3.46    1.51    0.23   32.05
T-A     0.00    0.00    0.00    0.00    0.00    0.00    0.28   -0.18    3.28    4.90   -0.64   31.80
G-C     0.00    0.00    0.00    0.00    0.00    0.00    0.16   -0.43    3.46    0.38   15.30   29.59
T-A     0.00    0.00    0.00    0.00    0.00    0.00   -0.53   -0.23    3.20   -2.56   11.29   31.60
A-T     0.00    0.00    0.00    0.00    0.00    0.00   -0.12   -0.94    3.44   -1.67    5.47   33.76
T-A     0.00    0.00    0.00    0.00    0.00    0.00    0.39   -0.68    3.56    0.01   -0.41   36.83
T-A     0.00    0.00    0.00    0.00    0.00    0.00    0.30   -0.62    3.21    0.21   -4.59   35.92
T-A     0.00    0.00    0.00    0.00    0.00    0.00   -0.36   -0.06    3.45   -2.76   -0.97   37.10
G-C     0.00    0.00    0.00    0.00    0.00    0.00   -0.29    2.01    3.12    1.76  -13.49   40.11
G-C     0.00    0.00    0.00    0.00    0.00    0.00    0.20    1.25    3.25    0.52   -3.04   34.82
A-T     0.00    0.00    0.00    0.00    0.00    0.00   -0.37    0.63    3.38   -4.59    6.49   34.67
A-T     0.00    0.00    0.00    0.00    0.00    0.00   -0.43    0.16    3.29   -4.90    5.50   34.33
A-T     0.00    0.00    0.00    0.00    0.00    0.00    0.14   -0.46    3.30   -1.53    8.12   32.17
C-G     0.00    0.00    0.00    0.00    0.00    0.00    0.59   -0.33    2.95    4.09    3.66   31.81
T-A     0.00    0.00    0.00    0.00    0.00    0.00    0.41   -0.23    3.51    0.78   12.54   33.86
G-C     0.00    0.00    0.00    0.00    0.00    0.00   -0.43    0.88    3.55   -3.22    4.52   39.94
C-G     0.00    0.00    0.00    0.00    0.00    0.00   -0.58    0.27    3.36   -3.29   -5.08   39.08
T-A     0.00    0.00    0.00    0.00    0.00    0.00   -0.07    0.60    3.26    2.84   -6.12   39.63
C-G     0.00    0.00    0.00    0.00    0.00    0.00    0.36    1.31    2.88    5.29   -6.83   38.35
C-G     0.00    0.00    0.00    0.00    0.00    0.00    0.12    0.60    3.42   -3.70    3.72   37.16
A-T     0.00    0.00    0.00    0.00    0.00    0.00    0.01    0.88    3.35   -3.17   -4.57   39.42
T-A     0.00    0.00    0.00    0.00    0.00    0.00    0.54   -0.22    3.30    3.19    1.07   32.39
C-G     0.00    0.00    0.00    0.00    0.00    0.00    0.41   -0.35    3.43    6.64   14.39   31.21
A-T     0.00    0.00    0.00    0.00    0.00    0.00   -0.03    0.39    3.51    1.90   12.22   35.73
A-T     0.00    0.00    0.00    0.00    0.00    0.00   -0.12    0.64    3.69   -4.36    8.92   40.08
A-T     0.00    0.00    0.00    0.00    0.00    0.00   -0.26    0.33    2.99   -3.11   -1.92   39.08
A-T     0.00    0.00    0.00    0.00    0.00    0.00   -0.52   -0.65    3.25   -4.79   -0.40   34.12
G-C     0.00    0.00    0.00    0.00    0.00    0.00   -0.52    0.64    3.64   -4.46  -11.94   37.39
G-C     0.00    0.00    0.00    0.00    0.00    0.00   -0.12    0.40    3.69   -4.74  -25.02   35.75
C-G     0.00    0.00    0.00    0.00    0.00    0.00    0.39   -0.12    3.86    1.60  -15.96   36.81
A-T     0.00    0.00    0.00    0.00    0.00    0.00    0.64    0.62    3.47    9.91   -1.93   37.21
T-A     0.00    0.00    0.00    0.00    0.00    0.00    0.22    0.16    3.78    2.81   19.44   31.94
G-C     0.00    0.00    0.00    0.00    0.00    0.00   -0.45    0.39    3.65   -3.17   13.57   32.68
T-A     0.00    0.00    0.00    0.00    0.00    0.00   -0.31   -0.17    3.33   -2.66    2.15   30.25
T-A     0.00    0.00    0.00    0.00    0.00    0.00    0.33    0.04    3.20    4.75    5.06   32.77
C-G     0.00    0.00    0.00    0.00    0.00    0.00    0.38    0.70    3.13    5.14    4.28   36.58
A-T     0.00    0.00    0.00    0.00    0.00    0.00    0.05    1.20    3.78   -1.31    2.57   40.06
G-C     0.00    0.00    0.00    0.00    0.00    0.00   -0.09    1.65    3.43    0.18   -8.89   40.98
C-G     0.00    0.00    0.00    0.00    0.00    0.00   -0.07    0.20    3.24   -0.98   -4.01   34.32
T-A     0.00    0.00    0.00    0.00    0.00    0.00    0.32    0.93    3.31    1.87    2.61   37.54
G-C     0.00    0.00    0.00    0.00    0.00    0.00    0.32    1.24    3.17   -0.68    1.49   36.14
A-T     0.00    0.00    0.00    0.00    0.00    0.00   -0.25    0.06    3.47   -4.68    7.16   33.42
A-T     0.00    0.00    0.00    0.00    0.00    0.00   -0.35   -0.30    3.17   -0.06    4.37   33.80
T-A     0.00    0.00    0.00    0.00    0.00    0.00    0.05   -0.96    3.25    0.54    9.17   29.48
T-A     0.00    0.00    0.00    0.00    0.00    0.00    0.21   -0.17    3.25    3.51    8.81   32.18
C-G     0.00    0.00    0.00    0.00    0.00    0.00   -0.29    0.41    3.30    0.68    3.61   33.49
A-T     0.00    0.00    0.00    0.00    0.00    0.00   -0.25    1.30    3.53   -0.11    1.75   37.96
G-C     0.00    0.00    0.00    0.00    0.00    0.00    0.13    1.28    3.15   -0.80   -5.12   39.07
C-G     0.00    0.00    0.00    0.00    0.00    0.00    0.10    0.59    3.51   -4.34   -5.02   38.20
T-A     0.00    0.00    0.00    0.00    0.00    0.00    0.13    1.71    3.46    2.58   -6.37   41.73
G-C     0.00    0.00    0.00    0.00    0.00    0.00   -0.24    0.80    3.28   -0.36    3.24   34.37
A-T     0.00    0.00    0.00    0.00    0.00    0.00   -0.26    0.17    3.32   -1.95   11.00   33.60
A-T     0.00    0.00    0.00    0.00    0.00    0.00    0.01    0.09    3.13   -0.32    5.10   33.50
C-G     0.00    0.00    0.00    0.00    0.00    0.00    0.04   -0.31    3.50    0.33    7.00   31.38
A-T     0.00    0.00    0.00    0.00    0.00    0.00    0.15    0.14    3.38    3.98    7.73   33.00
T-A     0.00    0.00    0.00    0.00    0.00    0.00    0.10   -0.16    3.37   -2.10    7.90   29.88
G-C     0.00    0.00    0.00    0.00    0.00    0.00    0.17    0.37    3.32   -0.53    0.13   34.79
C-G     0.00    0.00    0.00    0.00    0.00    0.00   -0.35    0.43    3.43   -0.08   -9.20   39.19
C-G     0.00    0.00    0.00    0.00    0.00    0.00   -0.39    1.33    3.88    0.63  -10.10   44.47
T-A     0.00    0.00    0.00    0.00    0.00    0.00    0.32    1.74    3.30    1.99   -7.66   42.00
T-A     0.00    0.00    0.00    0.00    0.00    0.00    0.17   -0.06    3.11   -4.75    3.52   30.87
T-A     0.00    0.00    0.00    0.00    0.00    0.00    0.17    0.17    3.28    2.87    9.03   32.79
T-A     0.00    0.00    0.00    0.00    0.00    0.00    0.06   -0.07    3.51    3.90   15.17   30.08
G-C     0.00    0.00    0.00    0.00    0.00    0.00   -0.04   -0.57    3.61   -0.93   18.62   28.06
A-T     0.00    0.00    0.00    0.00    0.00    0.00   -0.03   -0.62    3.12   -3.79    9.29   27.79
T-A     0.00    0.00    0.00    0.00    0.00    0.00   -0.16   -0.37    3.20   -4.52    2.25   28.32
G-C     0.00    0.00    0.00    0.00    0.00    0.00    0.17    0.68    3.24    4.48    0.07   36.34
G-C     0.00    0.00    0.00    0.00    0.00    0.00   -0.10    0.48    3.38   -0.03    1.65   37.56
A-T     0.00    0.00    0.00    0.00    0.00    0.00    0.03    1.06    3.27   -1.69   -4.56   39.83
G-C     0.00    0.00    0.00    0.00    0.00    0.00    0.27    0.52    2.98   -2.16   -8.40   36.04
C-G     0.00    0.00    0.00    0.00    0.00    0.00    0.23    0.05    3.53   -1.64   -2.61   35.06
A-T     0.00    0.00    0.00    0.00    0.00    0.00    0.36    0.71    3.62    5.51    4.09   39.05
G-C     0.00    0.00    0.00    0.00    0.00    0.00   -0.82   -0.42    3.48   -3.05   11.86   32.67
T-A     0.00    0.00    0.00    0.00    0.00    0.00   -1.23   -0.40    3.25   -3.49    8.47   33.45
T-A     0.00    0.00    0.00    0.00    0.00    0.00   -0.27   -0.22    3.11   -0.39    5.01   32.13
T-A     0.00    0.00    0.00    0.00    0.00    0.00    0.76    0.12    3.27    2.69    6.01   31.92
C-G     0.00    0.00    0.00    0.00    0.00    0.00    0.77    0.79    3.13    4.47    4.42   35.75
C-G     0.00    0.00    0.00    0.00    0.00    0.00   -0.36    1.38    3.30   -3.30   -2.01   36.82
A-T     0.00    0.00    0.00    0.00    0.00    0.00   -0.15    1.89    3.21    1.58   -8.63   40.29
A-T     0.00    0.00    0.00    0.00    0.00    0.00   -0.03   -0.12    3.32    0.66   -1.75   35.88
A-T     0.00    0.00    0.00    0.00    0.00    0.00   -0.20   -0.54    3.54    0.42    0.67   37.00
T-A     0.00    0.00    0.00    0.00    0.00    0.00   -0.21   -0.28    3.19   -1.78    0.50   34.99
A-T     0.00    0.00    0.00    0.00    0.00    0.00   -0.47   -0.82    3.13   -9.32    2.15   28.95
C-G     0.00    0.00    0.00    0.00    0.00    0.00    0.42   -0.41    3.17    1.25    3.29   33.52
A-T     0.00    0.00    0.00    0.00    0.00    0.00    0.52   -0.73    3.52    4.30   10.53   34.05
C-G     0.00    0.00    0.00    0.00    0.00    0.00    0.13   -0.18    3.62    3.05    9.12   36.90
T-A     0.00    0.00    0.00    0.00    0.00    0.00   -0.09   -0.15    3.34   -2.80    4.71   35.01
T-A     0.00    0.00    0.00    0.00    0.00    0.00   -0.33   -0.26    3.21   -5.01   -2.09   32.47
T-A     0.00    0.00    0.00    0.00    0.00    0.00   -0.19   -0.09    3.13    3.99   -3.59   36.69
T-A     0.00    0.00    0.00    0.00    0.00    0.00   -0.77    0.40    3.49   -1.48   -1.23   38.31
G-C     0.00    0.00    0.00    0.00    0.00    0.00   -0.21    2.08    3.26   -3.12   -6.04   39.67
G-C     0.00    0.00    0.00    0.00    0.00    0.00    0.22    0.68    2.87   -5.99    1.87   30.42
T-A     0.00    0.00    0.00    0.00    0.00    0.00   -0.26   -0.51    3.13   -1.90    7.82   29.09
A-T     0.00    0.00    0.00    0.00    0.00    0.00   -0.06    0.01    3.43    7.56   12.57   34.19
G-C     0.00    0.00    0.00    0.00    0.00    0.00   -0.21   -0.05    3.48   -1.85   15.98   29.52
A-T     0.00    0.00    0.00    0.00    0.00    0.00    0.24   -0.19    3.04   -4.89    8.51   29.03
A-T     0.00    0.00    0.00    0.00    0.00    0.00    0.30   -1.13    3.09   -5.65    2.95   29.76
T-A     0.00    0.00    0.00    0.00    0.00    0.00    0.07   -0.81    3.34   -0.62   -6.44   35.63
C-G     0.00    0.00    0.00    0.00    0.00    0.00   -0.03   -0.70    3.40    1.29   -3.75   37.56
T-A     0.00    0.00    0.00    0.00    0.00    0.00   -0.68    0.07    3.37   -3.73   -2.71   35.94
G-C     0.00    0.00    0.00    0.00    0.00    0.00   -0.21    1.43    3.03    3.64   -6.10   39.01
C-G     0.00    0.00    0.00    0.00    0.00    0.00   -0.03    1.37    3.21    1.32   -1.16   38.15
A-T     0.00    0.00    0.00    0.00    0.00    0.00    0.39    2.16    3.19    0.99   -2.52   39.52
G-C     0.00    0.00    0.00    0.00    0.00    0.00    0.50    0.94    3.07   -1.52    9.23   32.71
G-C     0.00    0.00    0.00    0.00    0.00    0.00   -0.66   -0.59    3.28   -5.44   14.36   28.57
T-A     0.00    0.00    0.00    0.00    0.00    0.00   -0.44   -0.34    3.54    2.17    9.77   34.34
G-C     0.00    0.00    0.00    0.00    0.00    0.00    0.08    0.05    3.57   -0.28    7.95   33.16
G-C     0.00    0.00    0.00    0.00    0.00    0.00    0.42    0.25    2.98   -0.18    3.24   32.09
A-T     0.00    0.00    0.00    0.00    0.00    0.00   -0.07   -0.70    3.09   -2.49    6.81   32.33
T-A     0.00    0.00    0.00    0.00    0.00    0.00   -0.62   -0.19    3.47   -2.06   -3.49   37.13
A-T     0.00    0.00    0.00    0.00    0.00    0.00   -0.04   -0.38    3.48    1.24   -5.72   37.01
T-A     0.00    0.00    0.00    0.00    0.00    0.00   -0.24   -0.75    3.41   -3.40   -0.30   33.13
T-A     0.00    0.00    0.00    0.00    0.00    0.00    0.10    0.36    3.09    3.35   -0.98   36.34
G-C     0.00    0.00    0.00    0.00    0.00    0.00    0.21   -0.14    3.30    1.96    7.82   34.46
A-T     0.00    0.00    0.00    0.00    0.00    0.00    0.00   -0.17    3.35   -1.02    1.72   34.11
T-A     0.00    0.00    0.00    0.00    0.00    0.00    0.28   -0.60    3.25   -0.36    1.20   32.71
