 146 base-pairs
   0  ***local base-pair & step parameters***
       Shear  Stretch  Stagger Buckle Prop-Tw Opening   Shift  Slide    Rise    Tilt    Roll   Twist
A-T     0.00    0.00    0.00    0.00    0.00    0.00    0.00    0.00    0.00    0.00    0.00    0.00
T-A     0.00    0.00    0.00    0.00    0.00    0.00   -0.97   -0.90    3.24   -2.60    3.25   31.20
C-G     0.00    0.00    0.00    0.00    0.00    0.00    0.74    0.04    3.02    2.79   -3.10   38.46
A-T     0.00    0.00    0.00    0.00    0.00    0.00   -0.34    0.23    3.41   -2.41   10.14   34.24
A-T     0.00    0.00    0.00    0.00    0.00    0.00    0.01    0.84    3.15   -2.46   -4.98   38.70
T-A     0.00    0.00    0.00    0.00    0.00    0.00    0.03   -0.97    3.17    4.51    2.78   32.08
A-T     0.00    0.00    0.00    0.00    0.00    0.00   -0.18   -0.43    3.59   -3.94   -7.81   41.73
T-A     0.00    0.00    0.00    0.00    0.00    0.00    0.68   -0.55    3.20    9.64    0.42   34.81
C-G     0.00    0.00    0.00    0.00    0.00    0.00    0.27   -0.16    3.30   -5.63    0.59   31.01
C-G     0.00    0.00    0.00    0.00    0.00    0.00   -0.26    0.15    3.13    2.52    6.34   29.09
A-T     0.00    0.00    0.00    0.00    0.00    0.00   -0.44    0.12    3.47   -0.03    7.51   31.44
C-G     0.00    0.00    0.00    0.00    0.00    0.00   -0.11   -0.23    3.49   -3.19    8.79   34.21
C-G     0.00    0.00    0.00    0.00    0.00    0.00    0.40   -0.63    3.29    0.40    8.20   30.35
T-A     0.00    0.00    0.00    0.00    0.00    0.00   -0.57    0.22    3.45   -1.77   10.50   32.98
G-C     0.00    0.00    0.00    0.00    0.00    0.00    0.21    1.30    3.29   -0.82   -7.62   38.63
C-G     0.00    0.00    0.00    0.00    0.00    0.00   -0.19    0.35    3.52   -2.86    3.84   38.50
A-T     0.00    0.00    0.00    0.00    0.00    0.00   -0.01    1.40    3.23    0.97  -18.71   42.20
G-C     0.00    0.00    0.00    0.00    0.00    0.00    0.50   -0.06    3.20    4.66   -1.45   34.84
A-T     0.00    0.00    0.00    0.00    0.00    0.00    0.18   -0.35    3.36   -0.96   -3.97   37.78
T-A     0.00    0.00    0.00    0.00    0.00    0.00   -0.07   -0.28    3.13    4.60   -4.64   36.19
T-A     0.00    0.00    0.00    0.00    0.00    0.00    0.29   -1.25    3.04    1.57    1.54   28.92
C-G     0.00    0.00    0.00    0.00    0.00    0.00   -0.43   -0.36    3.14    6.79   11.80   26.62
T-A     0.00    0.00    0.00    0.00    0.00    0.00   -0.17   -0.06    3.74   -1.93   12.40   31.74
A-T     0.00    0.00    0.00    0.00    0.00    0.00    1.42    0.29    3.46    1.79   19.84   31.09
C-G     0.00    0.00    0.00    0.00    0.00    0.00   -0.40   -0.15    2.88   -7.09    5.20   30.15
C-G     0.00    0.00    0.00    0.00    0.00    0.00    0.03    0.36    3.06    6.15    7.12   32.21
A-T     0.00    0.00    0.00    0.00    0.00    0.00   -0.02    2.09    2.98    2.05  -14.12   40.49
A-T     0.00    0.00    0.00    0.00    0.00    0.00    0.74    0.43    3.61    1.23    1.53   38.89
A-T     0.00    0.00    0.00    0.00    0.00    0.00    0.32    0.04    3.26   -1.65   -6.23   40.34
A-T     0.00    0.00    0.00    0.00    0.00    0.00    0.10   -0.58    3.34   -1.77    2.37   32.94
G-C     0.00    0.00    0.00    0.00    0.00    0.00   -0.08   -0.77    3.43    0.71   -2.62   35.06
T-A     0.00    0.00    0.00    0.00    0.00    0.00    0.13   -0.38    3.31    6.45    3.42   28.35
G-C     0.00    0.00    0.00    0.00    0.00    0.00    0.41    0.02    3.44   -1.42    7.49   34.84
T-A     0.00    0.00    0.00    0.00    0.00    0.00   -0.57   -0.88    3.16    0.32   20.05   24.12
A-T     0.00    0.00    0.00    0.00    0.00    0.00   -0.39   -0.30    3.49   -5.25   -0.03   41.48
T-A     0.00    0.00    0.00    0.00    0.00    0.00    0.68   -1.14    3.55    2.48    2.18   30.79
T-A     0.00    0.00    0.00    0.00    0.00    0.00    0.30   -0.28    3.17   -0.93   -7.47   40.88
T-A     0.00    0.00    0.00    0.00    0.00    0.00   -0.58   -0.41    3.44   -1.04    2.85   31.76
G-C     0.00    0.00    0.00    0.00    0.00    0.00   -0.10    2.41    3.18   -1.34  -16.86   45.60
G-C     0.00    0.00    0.00    0.00    0.00    0.00    0.23    0.83    3.20    3.38    0.59   30.20
A-T     0.00    0.00    0.00    0.00    0.00    0.00   -0.66    1.11    3.41   -6.15    0.99   38.84
A-T     0.00    0.00    0.00    0.00    0.00    0.00    0.05   -0.43    3.24   -3.36   10.99   29.55
A-T     0.00    0.00    0.00    0.00    0.00    0.00   -0.25    0.18    3.37   -3.90    6.26   37.13
C-G     0.00    0.00    0.00    0.00    0.00    0.00    0.48   -0.92    2.94    5.34    2.57   27.89
T-A     0.00    0.00    0.00    0.00    0.00    0.00    1.18    0.29    3.44    2.72   11.84   37.22
G-C     0.00    0.00    0.00    0.00    0.00    0.00   -1.46    0.35    3.62   -7.32    8.88   35.47
C-G     0.00    0.00    0.00    0.00    0.00    0.00    0.20    0.78    3.35    0.35   -9.95   44.69
T-A     0.00    0.00    0.00    0.00    0.00    0.00   -0.43    0.19    3.24    0.65   -3.16   34.53
C-G     0.00    0.00    0.00    0.00    0.00    0.00    0.53    1.68    2.89    6.25   -9.57   42.56
C-G     0.00    0.00    0.00    0.00    0.00    0.00   -0.06    0.10    3.40   -2.61    7.82   32.28
A-T     0.00    0.00    0.00    0.00    0.00    0.00    0.16    1.56    3.42   -7.05   -8.17   45.65
T-A     0.00    0.00    0.00    0.00    0.00    0.00    0.47   -0.90    3.24    8.03    2.59   26.28
C-G     0.00    0.00    0.00    0.00    0.00    0.00    0.44    0.17    3.42    3.81   13.04   35.89
A-T     0.00    0.00    0.00    0.00    0.00    0.00   -0.03    0.02    3.56    2.55   15.27   31.90
A-T     0.00    0.00    0.00    0.00    0.00    0.00   -0.19    0.91    3.67   -5.29    5.89   43.76
A-T     0.00    0.00    0.00    0.00    0.00    0.00   -0.18    0.14    3.00   -0.81   -0.68   36.19
A-T     0.00    0.00    0.00    0.00    0.00    0.00   -0.51   -0.47    3.20   -7.02   -2.19   35.97
G-C     0.00    0.00    0.00    0.00    0.00    0.00   -0.51    0.33    3.72   -3.13   -6.69   34.96
G-C     0.00    0.00    0.00    0.00    0.00    0.00   -0.39    0.91    3.65   -6.36  -31.78   40.24
C-G     0.00    0.00    0.00    0.00    0.00    0.00    0.93   -0.68    3.87    4.00  -11.98   31.16
A-T     0.00    0.00    0.00    0.00    0.00    0.00    0.23    1.09    3.41    8.36   -3.27   42.43
T-A     0.00    0.00    0.00    0.00    0.00    0.00    0.12   -0.26    3.88    2.46   22.20   26.72
G-C     0.00    0.00    0.00    0.00    0.00    0.00    0.06    0.86    3.57   -2.32    7.67   39.43
T-A     0.00    0.00    0.00    0.00    0.00    0.00   -0.78   -0.68    3.35   -2.48    9.14   22.19
T-A     0.00    0.00    0.00    0.00    0.00    0.00    0.41    0.50    3.19    4.01   -1.87   40.53
C-G     0.00    0.00    0.00    0.00    0.00    0.00    0.80    0.27    3.15    5.99   12.05   29.45
A-T     0.00    0.00    0.00    0.00    0.00    0.00   -0.79    1.70    3.81   -3.91   -5.02   47.68
G-C     0.00    0.00    0.00    0.00    0.00    0.00    0.90    1.04    3.34    5.85   -4.64   32.75
C-G     0.00    0.00    0.00    0.00    0.00    0.00   -0.85    0.83    3.31   -7.64   -4.94   41.90
T-A     0.00    0.00    0.00    0.00    0.00    0.00    0.67    0.32    3.30    6.05    4.59   30.90
G-C     0.00    0.00    0.00    0.00    0.00    0.00    0.20    1.85    3.16   -1.64   -4.01   42.94
A-T     0.00    0.00    0.00    0.00    0.00    0.00    0.00   -0.51    3.45   -5.12   13.20   26.38
A-T     0.00    0.00    0.00    0.00    0.00    0.00   -0.77    0.12    3.19    0.84    1.00   39.52
T-A     0.00    0.00    0.00    0.00    0.00    0.00    0.37   -1.29    3.27   -1.26   11.27   25.54
T-A     0.00    0.00    0.00    0.00    0.00    0.00    0.15    0.25    3.22    5.58    5.42   36.30
C-G     0.00    0.00    0.00    0.00    0.00    0.00   -0.34   -0.23    3.28   -0.11    7.18   27.43
A-T     0.00    0.00    0.00    0.00    0.00    0.00   -0.23    2.05    3.58   -0.23    0.36   45.25
G-C     0.00    0.00    0.00    0.00    0.00    0.00    0.08    0.57    3.13   -1.96   -4.87   32.01
C-G     0.00    0.00    0.00    0.00    0.00    0.00    0.32    1.24    3.51   -1.42   -6.63   45.17
T-A     0.00    0.00    0.00    0.00    0.00    0.00   -0.26    1.09    3.43    0.06   -4.03   34.23
G-C     0.00    0.00    0.00    0.00    0.00    0.00    0.27    1.37    3.34    0.39    2.32   41.52
A-T     0.00    0.00    0.00    0.00    0.00    0.00   -0.79   -0.31    3.29   -2.14   11.42   28.00
A-T     0.00    0.00    0.00    0.00    0.00    0.00    0.35    0.56    3.12    0.30    2.75   38.19
C-G     0.00    0.00    0.00    0.00    0.00    0.00    0.17   -0.84    3.48    0.71    9.82   26.18
A-T     0.00    0.00    0.00    0.00    0.00    0.00   -0.42    0.69    3.45    1.34    8.70   38.38
T-A     0.00    0.00    0.00    0.00    0.00    0.00    0.64   -0.65    3.32    1.27    2.95   25.66
G-C     0.00    0.00    0.00    0.00    0.00    0.00    0.16    0.84    3.30   -2.25    4.27   38.17
C-G     0.00    0.00    0.00    0.00    0.00    0.00   -0.88   -0.13    3.47   -0.22   -9.40   34.90
C-G     0.00    0.00    0.00    0.00    0.00    0.00    0.29    1.94    3.85    1.69  -11.98   49.90
T-A     0.00    0.00    0.00    0.00    0.00    0.00   -0.17    1.22    3.35   -0.30   -5.99   37.06
T-A     0.00    0.00    0.00    0.00    0.00    0.00    0.42    0.33    3.01   -0.89    1.52   34.75
T-A     0.00    0.00    0.00    0.00    0.00    0.00    0.07   -0.23    3.37   -0.59   11.57   28.41
T-A     0.00    0.00    0.00    0.00    0.00    0.00    0.11    0.46    3.48    4.38   14.30   36.17
G-C     0.00    0.00    0.00    0.00    0.00    0.00   -0.17   -1.20    3.61    1.10   17.25   20.85
A-T     0.00    0.00    0.00    0.00    0.00    0.00    0.25    0.07    3.10   -5.52    9.31   35.50
T-A     0.00    0.00    0.00    0.00    0.00    0.00   -0.42   -1.11    3.22   -4.10    6.37   19.53
G-C     0.00    0.00    0.00    0.00    0.00    0.00    0.14    1.42    3.27    3.78   -5.65   46.07
G-C     0.00    0.00    0.00    0.00    0.00    0.00    0.23   -0.12    3.32    1.79    5.12   28.86
A-T     0.00    0.00    0.00    0.00    0.00    0.00   -0.34    1.50    3.28   -3.46   -6.41   46.06
G-C     0.00    0.00    0.00    0.00    0.00    0.00    0.55    0.13    3.01   -1.00   -5.23   31.07
C-G     0.00    0.00    0.00    0.00    0.00    0.00   -0.17    0.54    3.53   -3.40   -6.52   40.67
A-T     0.00    0.00    0.00    0.00    0.00    0.00    1.09    0.17    3.57    8.20    5.70   32.97
G-C     0.00    0.00    0.00    0.00    0.00    0.00   -1.71    0.05    3.51   -4.83   12.42   37.96
T-A     0.00    0.00    0.00    0.00    0.00    0.00   -0.53   -0.84    3.25   -3.86    8.93   28.65
T-A     0.00    0.00    0.00    0.00    0.00    0.00   -0.58    0.28    3.12    0.96    2.55   37.73
T-A     0.00    0.00    0.00    0.00    0.00    0.00    0.73   -0.43    3.23    1.41    8.57   25.75
C-G     0.00    0.00    0.00    0.00    0.00    0.00    1.01    1.27    3.13    6.94    2.01   41.08
C-G     0.00    0.00    0.00    0.00    0.00    0.00   -0.57    0.98    3.35   -8.00    2.01   32.41
A-T     0.00    0.00    0.00    0.00    0.00    0.00   -0.26    2.25    3.18    6.56  -13.23   45.08
A-T     0.00    0.00    0.00    0.00    0.00    0.00    0.47   -0.45    3.27   -1.72   -0.73   30.53
A-T     0.00    0.00    0.00    0.00    0.00    0.00   -0.76   -0.26    3.61    0.15    4.22   41.77
T-A     0.00    0.00    0.00    0.00    0.00    0.00    0.03   -0.57    3.14   -0.93   -3.12   30.88
A-T     0.00    0.00    0.00    0.00    0.00    0.00   -0.41   -0.41    3.18   -9.95    2.06   33.81
C-G     0.00    0.00    0.00    0.00    0.00    0.00    0.42   -0.91    3.08    2.21    5.24   27.81
A-T     0.00    0.00    0.00    0.00    0.00    0.00    0.22   -0.34    3.60    3.66   10.24   38.48
C-G     0.00    0.00    0.00    0.00    0.00    0.00    0.59   -0.34    3.61    1.92    7.64   35.26
T-A     0.00    0.00    0.00    0.00    0.00    0.00   -0.46   -0.11    3.29   -0.47    6.68   35.05
T-A     0.00    0.00    0.00    0.00    0.00    0.00   -0.13   -0.33    3.24   -6.38   -5.58   32.17
T-A     0.00    0.00    0.00    0.00    0.00    0.00   -0.22    0.04    3.11    4.17    2.41   37.47
T-A     0.00    0.00    0.00    0.00    0.00    0.00   -0.91    0.23    3.53   -2.65   -6.99   37.33
G-C     0.00    0.00    0.00    0.00    0.00    0.00    0.01    2.35    3.21   -0.02   -3.79   41.80
G-C     0.00    0.00    0.00    0.00    0.00    0.00    0.04    0.29    2.87   -9.24    1.81   26.37
T-A     0.00    0.00    0.00    0.00    0.00    0.00   -0.07   -0.09    3.16    0.16    9.32   33.85
A-T     0.00    0.00    0.00    0.00    0.00    0.00   -0.49   -0.34    3.45    5.50    9.76   30.38
G-C     0.00    0.00    0.00    0.00    0.00    0.00    0.50    0.28    3.40    1.30   17.00   32.86
A-T     0.00    0.00    0.00    0.00    0.00    0.00   -0.39   -0.57    3.10   -7.78    9.19   24.58
A-T     0.00    0.00    0.00    0.00    0.00    0.00    0.47   -0.75    3.10   -4.74    4.23   35.15
T-A     0.00    0.00    0.00    0.00    0.00    0.00    0.32   -1.11    3.31   -0.04  -10.80   30.85
C-G     0.00    0.00    0.00    0.00    0.00    0.00   -0.35   -0.43    3.43    0.34    0.44   41.61
T-A     0.00    0.00    0.00    0.00    0.00    0.00   -0.53   -0.32    3.32   -1.96   -4.42   31.23
G-C     0.00    0.00    0.00    0.00    0.00    0.00   -0.24    1.96    3.13    0.66   -5.42   44.53
C-G     0.00    0.00    0.00    0.00    0.00    0.00   -0.03    0.84    3.14    3.51   -2.09   33.51
A-T     0.00    0.00    0.00    0.00    0.00    0.00    0.36    2.57    3.18    2.08   -2.51   42.37
G-C     0.00    0.00    0.00    0.00    0.00    0.00    0.67    0.65    3.12   -5.23   10.02   30.66
G-C     0.00    0.00    0.00    0.00    0.00    0.00   -0.94   -0.38    3.26   -1.94   16.04   30.64
T-A     0.00    0.00    0.00    0.00    0.00    0.00   -0.27   -0.48    3.54   -0.22    4.33   32.71
G-C     0.00    0.00    0.00    0.00    0.00    0.00    0.26    0.19    3.55    2.39   13.03   34.48
G-C     0.00    0.00    0.00    0.00    0.00    0.00   -0.01   -0.04    2.98   -3.58    2.78   29.38
A-T     0.00    0.00    0.00    0.00    0.00    0.00    0.20   -0.24    3.15    0.26    4.16   37.15
T-A     0.00    0.00    0.00    0.00    0.00    0.00   -0.50   -0.64    3.36   -3.76   -2.10   32.11
A-T     0.00    0.00    0.00    0.00    0.00    0.00   -0.31   -0.11    3.54    3.28   -4.96   40.03
T-A     0.00    0.00    0.00    0.00    0.00    0.00   -0.10   -0.86    3.41   -6.17   -1.30   31.83
T-A     0.00    0.00    0.00    0.00    0.00    0.00    0.10    0.41    3.10    5.22    0.48   37.35
G-C     0.00    0.00    0.00    0.00    0.00    0.00    0.28   -0.12    3.26    1.77    4.11   33.80
A-T     0.00    0.00    0.00    0.00    0.00    0.00   -0.26   -0.31    3.38   -0.93    6.59   33.47
T-A     0.00    0.00    0.00    0.00    0.00    0.00    0.78   -0.40    3.24   -1.36   -1.86   34.20
