 146 base-pairs
   0  ***local base-pair & step parameters***
       Shear  Stretch  Stagger Buckle Prop-Tw Opening   Shift  Slide    Rise    Tilt    Roll   Twist
A-T     0.00    0.00    0.00    0.00    0.00    0.00    0.00    0.00    0.00    0.00    0.00    0.00
T-A     0.00    0.00    0.00    0.00    0.00    0.00   -0.50   -0.67    3.22   -2.75    4.93   33.17
C-G     0.00    0.00    0.00    0.00    0.00    0.00    0.20   -0.19    3.06    1.47   -3.05   36.24
A-T     0.00    0.00    0.00    0.00    0.00    0.00    0.03    0.49    3.40   -0.77    8.04   37.73
A-T     0.00    0.00    0.00    0.00    0.00    0.00   -0.05    0.60    3.08   -2.28   -4.12   34.51
T-A     0.00    0.00    0.00    0.00    0.00    0.00   -0.02   -0.80    3.26    2.78    4.16   35.12
A-T     0.00    0.00    0.00    0.00    0.00    0.00   -0.28   -0.55    3.54   -2.31   -8.06   40.22
T-A     0.00    0.00    0.00    0.00    0.00    0.00    0.85   -0.33    3.24    8.23   -2.34   36.25
C-G     0.00    0.00    0.00    0.00    0.00    0.00    0.34   -0.45    3.23   -3.58    3.30   29.20
C-G     0.00    0.00    0.00    0.00    0.00    0.00   -0.66    0.35    3.19    0.68    6.88   29.75
A-T     0.00    0.00    0.00    0.00    0.00    0.00    0.01    0.10    3.47   -0.15    4.97   32.76
C-G     0.00    0.00    0.00    0.00    0.00    0.00   -0.31   -0.29    3.45   -1.47   10.71   32.34
C-G     0.00    0.00    0.00    0.00    0.00    0.00    0.25   -0.62    3.28   -0.98    6.78   31.35
T-A     0.00    0.00    0.00    0.00    0.00    0.00   -0.17    0.25    3.47   -0.82   12.02   32.34
G-C     0.00    0.00    0.00    0.00    0.00    0.00   -0.29    1.29    3.31   -3.16   -7.20   39.72
C-G     0.00    0.00    0.00    0.00    0.00    0.00    0.15    0.36    3.49    1.02    0.04   37.64
A-T     0.00    0.00    0.00    0.00    0.00    0.00    0.00    1.36    3.23   -2.00  -14.79   42.13
G-C     0.00    0.00    0.00    0.00    0.00    0.00    0.25   -0.08    3.23    5.20   -1.23   34.81
A-T     0.00    0.00    0.00    0.00    0.00    0.00    0.29   -0.21    3.36   -0.41   -7.28   39.05
T-A     0.00    0.00    0.00    0.00    0.00    0.00    0.14   -0.45    3.09    4.37   -2.90   34.65
T-A     0.00    0.00    0.00    0.00    0.00    0.00    0.04   -1.15    3.05    2.23    2.68   29.18
C-G     0.00    0.00    0.00    0.00    0.00    0.00   -0.52   -0.46    3.19    4.83   10.61   27.02
T-A     0.00    0.00    0.00    0.00    0.00    0.00    0.31    0.15    3.70    0.30   12.33   32.68
A-T     0.00    0.00    0.00    0.00    0.00    0.00    0.82   -0.02    3.44    0.27   19.38   28.55
C-G     0.00    0.00    0.00    0.00    0.00    0.00    0.13    0.11    2.91   -5.24    6.51   32.77
C-G     0.00    0.00    0.00    0.00    0.00    0.00   -0.39    0.19    3.06    3.06    7.33   30.14
A-T     0.00    0.00    0.00    0.00    0.00    0.00    0.27    2.26    3.02    4.61  -16.30   42.83
A-T     0.00    0.00    0.00    0.00    0.00    0.00    0.59    0.23    3.51    1.44    2.76   36.31
A-T     0.00    0.00    0.00    0.00    0.00    0.00    0.44    0.22    3.35   -3.84   -5.16   41.76
A-T     0.00    0.00    0.00    0.00    0.00    0.00   -0.04   -0.70    3.30   -0.17    1.54   33.12
G-C     0.00    0.00    0.00    0.00    0.00    0.00   -0.08   -0.66    3.44    0.28   -3.42   34.54
T-A     0.00    0.00    0.00    0.00    0.00    0.00    0.42   -0.44    3.27    7.17    2.94   28.73
G-C     0.00    0.00    0.00    0.00    0.00    0.00   -0.01   -0.07    3.48   -2.60   11.62   33.33
T-A     0.00    0.00    0.00    0.00    0.00    0.00   -0.42   -0.66    3.18    0.44   15.22   27.38
A-T     0.00    0.00    0.00    0.00    0.00    0.00   -0.11   -0.49    3.44   -3.99    1.27   38.09
T-A     0.00    0.00    0.00    0.00    0.00    0.00    0.27   -1.08    3.57    1.27    3.95   32.76
T-A     0.00    0.00    0.00    0.00    0.00    0.00    0.50   -0.30    3.17   -0.14   -8.93   39.54
T-A     0.00    0.00    0.00    0.00    0.00    0.00   -0.53   -0.31    3.50   -2.76    3.18   33.85
G-C     0.00    0.00    0.00    0.00    0.00    0.00   -0.22    2.24    3.09    1.36  -17.36   43.31
G-C     0.00    0.00    0.00    0.00    0.00    0.00    0.27    0.98    3.26    1.85    0.61   31.28
A-T     0.00    0.00    0.00    0.00    0.00    0.00   -0.53    1.00    3.39   -6.92    2.89   38.82
A-T     0.00    0.00    0.00    0.00    0.00    0.00   -0.25   -0.30    3.26   -2.00    9.23   29.55
A-T     0.00    0.00    0.00    0.00    0.00    0.00    0.03    0.06    3.32   -4.29    4.15   37.35
C-G     0.00    0.00    0.00    0.00    0.00    0.00    0.57   -0.85    2.95    6.05    7.88   26.62
T-A     0.00    0.00    0.00    0.00    0.00    0.00    0.55    0.23    3.49   -0.10    8.21   38.71
G-C     0.00    0.00    0.00    0.00    0.00    0.00   -0.62    0.50    3.59   -3.17    8.77   35.56
C-G     0.00    0.00    0.00    0.00    0.00    0.00   -0.44    0.59    3.32   -3.15   -9.09   43.12
T-A     0.00    0.00    0.00    0.00    0.00    0.00   -0.09    0.29    3.29    3.23   -2.40   35.58
C-G     0.00    0.00    0.00    0.00    0.00    0.00    0.25    1.67    2.88    3.91  -10.34   42.79
C-G     0.00    0.00    0.00    0.00    0.00    0.00    0.31    0.15    3.40   -1.37    7.20   32.09
A-T     0.00    0.00    0.00    0.00    0.00    0.00   -0.18    1.43    3.38   -5.92   -8.20   45.07
T-A     0.00    0.00    0.00    0.00    0.00    0.00    0.64   -0.81    3.28    5.63    4.95   26.44
C-G     0.00    0.00    0.00    0.00    0.00    0.00    0.44    0.22    3.43    5.11   10.31   37.06
A-T     0.00    0.00    0.00    0.00    0.00    0.00   -0.17   -0.11    3.53    2.36   16.36   30.28
A-T     0.00    0.00    0.00    0.00    0.00    0.00    0.05    1.06    3.66   -4.09    4.92   45.04
A-T     0.00    0.00    0.00    0.00    0.00    0.00   -0.36   -0.04    3.03   -3.41    1.81   34.41
A-T     0.00    0.00    0.00    0.00    0.00    0.00   -0.54   -0.28    3.23   -5.15   -3.83   38.86
G-C     0.00    0.00    0.00    0.00    0.00    0.00   -0.37    0.21    3.64   -3.09   -8.70   32.21
G-C     0.00    0.00    0.00    0.00    0.00    0.00   -0.33    0.93    3.71   -6.98  -28.26   41.54
C-G     0.00    0.00    0.00    0.00    0.00    0.00    0.57   -0.72    3.83    4.11  -12.57   30.50
A-T     0.00    0.00    0.00    0.00    0.00    0.00    0.56    1.26    3.49    7.87   -5.56   43.72
T-A     0.00    0.00    0.00    0.00    0.00    0.00    0.17   -0.45    3.78    3.87   23.24   25.63
G-C     0.00    0.00    0.00    0.00    0.00    0.00   -0.31    0.92    3.63   -3.19    9.78   38.52
T-A     0.00    0.00    0.00    0.00    0.00    0.00   -0.46   -0.62    3.36   -3.25    5.76   24.90
T-A     0.00    0.00    0.00    0.00    0.00    0.00    0.40    0.44    3.17    5.22    1.77   37.88
C-G     0.00    0.00    0.00    0.00    0.00    0.00    0.44    0.28    3.14    5.43    7.28   31.34
A-T     0.00    0.00    0.00    0.00    0.00    0.00   -0.13    1.69    3.79   -2.63   -0.27   45.77
G-C     0.00    0.00    0.00    0.00    0.00    0.00    0.13    1.07    3.40    2.27   -6.04   34.67
C-G     0.00    0.00    0.00    0.00    0.00    0.00   -0.26    0.85    3.27   -3.18   -7.04   41.07
T-A     0.00    0.00    0.00    0.00    0.00    0.00    0.39    0.27    3.30    3.46    5.86   30.71
G-C     0.00    0.00    0.00    0.00    0.00    0.00    0.38    1.86    3.16   -1.22   -1.88   42.68
A-T     0.00    0.00    0.00    0.00    0.00    0.00   -0.38   -0.48    3.49   -5.13   10.47   27.40
A-T     0.00    0.00    0.00    0.00    0.00    0.00   -0.23    0.15    3.13    0.85    1.29   39.34
T-A     0.00    0.00    0.00    0.00    0.00    0.00    0.02   -1.38    3.28   -0.10   11.92   24.14
T-A     0.00    0.00    0.00    0.00    0.00    0.00    0.11    0.27    3.24    3.29    6.35   37.71
C-G     0.00    0.00    0.00    0.00    0.00    0.00   -0.08   -0.11    3.28    1.91    5.92   27.47
A-T     0.00    0.00    0.00    0.00    0.00    0.00   -0.48    1.91    3.56   -1.98   -0.61   44.54
G-C     0.00    0.00    0.00    0.00    0.00    0.00    0.31    0.61    3.12    1.03   -2.57   32.14
C-G     0.00    0.00    0.00    0.00    0.00    0.00    0.05    1.26    3.53   -5.43   -7.76   45.11
T-A     0.00    0.00    0.00    0.00    0.00    0.00    0.06    1.10    3.47    2.59   -3.55   35.21
G-C     0.00    0.00    0.00    0.00    0.00    0.00   -0.11    1.32    3.25    0.55    0.52   40.33
A-T     0.00    0.00    0.00    0.00    0.00    0.00   -0.36   -0.27    3.35   -3.17   13.44   28.10
A-T     0.00    0.00    0.00    0.00    0.00    0.00    0.00    0.51    3.11    0.48    3.01   38.85
C-G     0.00    0.00    0.00    0.00    0.00    0.00    0.18   -0.77    3.50    0.46    8.82   25.78
A-T     0.00    0.00    0.00    0.00    0.00    0.00   -0.08    0.68    3.41    2.89    6.03   39.10
T-A     0.00    0.00    0.00    0.00    0.00    0.00    0.34   -0.78    3.33   -0.49    9.68   23.26
G-C     0.00    0.00    0.00    0.00    0.00    0.00    0.01    1.04    3.35   -1.94   -1.84   41.66
C-G     0.00    0.00    0.00    0.00    0.00    0.00   -0.31   -0.22    3.41    0.48   -7.07   32.45
C-G     0.00    0.00    0.00    0.00    0.00    0.00   -0.31    1.91    3.87    1.16  -12.26   50.74
T-A     0.00    0.00    0.00    0.00    0.00    0.00    0.19    1.25    3.33    0.63   -5.65   36.33
T-A     0.00    0.00    0.00    0.00    0.00    0.00    0.25    0.35    3.08   -3.24    1.82   36.11
T-A     0.00    0.00    0.00    0.00    0.00    0.00    0.22   -0.24    3.29    1.92   10.38   27.64
T-A     0.00    0.00    0.00    0.00    0.00    0.00   -0.11    0.38    3.52    3.87   14.07   35.52
G-C     0.00    0.00    0.00    0.00    0.00    0.00    0.21   -1.10    3.58    0.01   19.64   22.11
A-T     0.00    0.00    0.00    0.00    0.00    0.00   -0.27   -0.01    3.15   -5.11    8.17   34.20
T-A     0.00    0.00    0.00    0.00    0.00    0.00   -0.02   -1.01    3.17   -3.57    3.56   21.76
G-C     0.00    0.00    0.00    0.00    0.00    0.00    0.16    1.28    3.24    4.47   -1.38   42.66
G-C     0.00    0.00    0.00    0.00    0.00    0.00   -0.19   -0.04    3.39   -1.10    3.09   31.78
A-T     0.00    0.00    0.00    0.00    0.00    0.00    0.14    1.50    3.24    0.07   -5.80   45.01
G-C     0.00    0.00    0.00    0.00    0.00    0.00    0.22    0.15    3.01   -3.93   -7.49   31.27
C-G     0.00    0.00    0.00    0.00    0.00    0.00    0.15    0.42    3.52   -0.55   -3.17   39.81
A-T     0.00    0.00    0.00    0.00    0.00    0.00    0.56    0.28    3.60    5.44    4.42   33.97
G-C     0.00    0.00    0.00    0.00    0.00    0.00   -1.08    0.08    3.52   -3.81   11.56   38.25
T-A     0.00    0.00    0.00    0.00    0.00    0.00   -1.00   -0.97    3.21   -2.50    8.89   27.49
T-A     0.00    0.00    0.00    0.00    0.00    0.00   -0.39    0.37    3.14   -0.87    4.40   38.15
T-A     0.00    0.00    0.00    0.00    0.00    0.00    0.75   -0.42    3.26    2.16    6.73   26.25
C-G     0.00    0.00    0.00    0.00    0.00    0.00    0.87    1.24    3.11    6.04    3.76   40.82
C-G     0.00    0.00    0.00    0.00    0.00    0.00   -0.46    1.01    3.32   -5.43   -1.59   32.35
A-T     0.00    0.00    0.00    0.00    0.00    0.00   -0.13    2.20    3.19    3.55   -8.71   44.41
A-T     0.00    0.00    0.00    0.00    0.00    0.00    0.08   -0.43    3.32   -0.52   -2.00   31.73
A-T     0.00    0.00    0.00    0.00    0.00    0.00   -0.42   -0.16    3.56    0.58    1.11   41.52
T-A     0.00    0.00    0.00    0.00    0.00    0.00    0.05   -0.74    3.15   -1.21    0.05   29.99
A-T     0.00    0.00    0.00    0.00    0.00    0.00   -0.68   -0.30    3.17   -9.96    2.45   34.26
C-G     0.00    0.00    0.00    0.00    0.00    0.00    0.51   -0.93    3.15    1.25    3.17   28.27
A-T     0.00    0.00    0.00    0.00    0.00    0.00    0.55   -0.27    3.52    5.36   10.56   38.87
C-G     0.00    0.00    0.00    0.00    0.00    0.00    0.02   -0.54    3.64    1.03    8.99   32.73
T-A     0.00    0.00    0.00    0.00    0.00    0.00    0.00    0.12    3.31   -0.36    5.11   38.59
T-A     0.00    0.00    0.00    0.00    0.00    0.00   -0.33   -0.49    3.22   -7.14   -2.84   29.18
T-A     0.00    0.00    0.00    0.00    0.00    0.00   -0.33    0.17    3.13    5.23   -2.52   40.09
T-A     0.00    0.00    0.00    0.00    0.00    0.00   -0.53    0.08    3.47   -1.72   -2.44   34.52
G-C     0.00    0.00    0.00    0.00    0.00    0.00   -0.47    2.48    3.30   -3.50   -4.87   43.90
G-C     0.00    0.00    0.00    0.00    0.00    0.00    0.41    0.23    2.83   -5.69    0.86   25.97
T-A     0.00    0.00    0.00    0.00    0.00    0.00   -0.33   -0.08    3.15   -1.43    8.65   33.39
A-T     0.00    0.00    0.00    0.00    0.00    0.00   -0.11   -0.35    3.43    6.02   11.79   30.41
G-C     0.00    0.00    0.00    0.00    0.00    0.00   -0.10    0.21    3.46    0.57   16.89   32.63
A-T     0.00    0.00    0.00    0.00    0.00    0.00    0.16   -0.37    3.06   -7.58    7.30   26.47
A-T     0.00    0.00    0.00    0.00    0.00    0.00    0.27   -0.98    3.08   -3.44    4.51   32.09
T-A     0.00    0.00    0.00    0.00    0.00    0.00    0.23   -0.99    3.33   -1.88   -8.27   33.14
C-G     0.00    0.00    0.00    0.00    0.00    0.00   -0.28   -0.45    3.44    1.58   -1.81   40.47
T-A     0.00    0.00    0.00    0.00    0.00    0.00   -0.43   -0.26    3.33   -3.52   -4.58   32.63
G-C     0.00    0.00    0.00    0.00    0.00    0.00   -0.38    1.79    3.07    3.68   -4.42   42.46
C-G     0.00    0.00    0.00    0.00    0.00    0.00    0.00    1.04    3.19    0.42   -2.67   34.96
A-T     0.00    0.00    0.00    0.00    0.00    0.00    0.47    2.41    3.19    2.97   -1.03   42.14
G-C     0.00    0.00    0.00    0.00    0.00    0.00    0.38    0.80    3.09   -4.27    7.58   30.78
G-C     0.00    0.00    0.00    0.00    0.00    0.00   -0.59   -0.52    3.26   -2.60   16.33   29.98
T-A     0.00    0.00    0.00    0.00    0.00    0.00   -0.38   -0.39    3.55   -0.07    7.46   33.07
G-C     0.00    0.00    0.00    0.00    0.00    0.00   -0.10    0.14    3.58    0.94   10.50   34.65
G-C     0.00    0.00    0.00    0.00    0.00    0.00    0.67    0.08    2.94   -0.49    0.64   30.17
A-T     0.00    0.00    0.00    0.00    0.00    0.00   -0.30   -0.46    3.13   -2.52    9.29   34.61
T-A     0.00    0.00    0.00    0.00    0.00    0.00   -0.49   -0.45    3.43   -2.41   -5.78   34.81
A-T     0.00    0.00    0.00    0.00    0.00    0.00   -0.04   -0.16    3.49    2.53   -3.59   38.98
T-A     0.00    0.00    0.00    0.00    0.00    0.00   -0.35   -0.88    3.42   -5.74   -2.44   31.78
T-A     0.00    0.00    0.00    0.00    0.00    0.00    0.22    0.38    3.07    6.34    1.35   37.01
G-C     0.00    0.00    0.00    0.00    0.00    0.00    0.16   -0.10    3.32   -0.96    5.16   34.24
A-T     0.00    0.00    0.00    0.00    0.00    0.00   -0.07   -0.22    3.35    1.16    4.69   34.25
T-A     0.00    0.00    0.00    0.00    0.00    0.00    0.47   -0.60    3.23   -1.50   -1.97   32.28
