 146 base-pairs
   0  ***local base-pair & step parameters***
       Shear  Stretch  Stagger Buckle Prop-Tw Opening   Shift  Slide    Rise    Tilt    Roll   Twist
A-T     0.00    0.00    0.00    0.00    0.00    0.00    0.00    0.00    0.00    0.00    0.00    0.00
T-A     0.00    0.00    0.00    0.00    0.00    0.00   -0.31   -0.70    3.19   -1.47    4.60   32.91
C-G     0.00    0.00    0.00    0.00    0.00    0.00    0.05   -0.08    3.10   -0.03   -2.94   36.93
A-T     0.00    0.00    0.00    0.00    0.00    0.00    0.07    0.36    3.38    0.20    8.20   36.94
A-T     0.00    0.00    0.00    0.00    0.00    0.00    0.04    0.68    3.08   -2.26   -4.48   35.01
T-A     0.00    0.00    0.00    0.00    0.00    0.00   -0.20   -0.80    3.28    1.77    4.53   35.16
A-T     0.00    0.00    0.00    0.00    0.00    0.00   -0.11   -0.64    3.51   -0.82   -8.27   39.67
T-A     0.00    0.00    0.00    0.00    0.00    0.00    0.77   -0.20    3.27    6.97   -2.40   37.05
C-G     0.00    0.00    0.00    0.00    0.00    0.00    0.30   -0.56    3.22   -3.17    3.59   28.54
C-G     0.00    0.00    0.00    0.00    0.00    0.00   -0.51    0.38    3.17    1.33    6.49   29.93
A-T     0.00    0.00    0.00    0.00    0.00    0.00   -0.18    0.15    3.50   -1.53    5.26   33.13
C-G     0.00    0.00    0.00    0.00    0.00    0.00   -0.18   -0.41    3.42   -0.03   10.66   31.59
C-G     0.00    0.00    0.00    0.00    0.00    0.00    0.24   -0.50    3.30   -1.77    6.57   32.11
T-A     0.00    0.00    0.00    0.00    0.00    0.00   -0.28    0.18    3.48   -1.07   12.40   31.94
G-C     0.00    0.00    0.00    0.00    0.00    0.00   -0.10    1.27    3.28   -2.00   -7.55   39.56
C-G     0.00    0.00    0.00    0.00    0.00    0.00   -0.01    0.46    3.52   -0.49    0.20   38.28
A-T     0.00    0.00    0.00    0.00    0.00    0.00    0.07    1.23    3.20   -0.88  -14.68   41.33
G-C     0.00    0.00    0.00    0.00    0.00    0.00    0.31    0.01    3.23    5.03   -1.56   35.38
A-T     0.00    0.00    0.00    0.00    0.00    0.00    0.13   -0.22    3.38   -1.26   -6.90   38.98
T-A     0.00    0.00    0.00    0.00    0.00    0.00    0.32   -0.52    3.05    5.82   -3.15   34.17
T-A     0.00    0.00    0.00    0.00    0.00    0.00   -0.07   -1.03    3.08    0.88    2.67   29.96
C-G     0.00    0.00    0.00    0.00    0.00    0.00   -0.54   -0.57    3.18    5.42   10.87   26.31
T-A     0.00    0.00    0.00    0.00    0.00    0.00    0.44    0.20    3.69    0.77   11.95   32.97
A-T     0.00    0.00    0.00    0.00    0.00    0.00    0.64    0.02    3.47   -1.03   19.70   28.82
C-G     0.00    0.00    0.00    0.00    0.00    0.00    0.28    0.00    2.87   -3.75    6.41   32.06
C-G     0.00    0.00    0.00    0.00    0.00    0.00   -0.43    0.32    3.08    2.11    7.16   30.93
A-T     0.00    0.00    0.00    0.00    0.00    0.00    0.17    2.17    3.02    4.56  -15.95   42.35
A-T     0.00    0.00    0.00    0.00    0.00    0.00    0.77    0.23    3.48    2.46    2.39   36.26
A-T     0.00    0.00    0.00    0.00    0.00    0.00    0.26    0.31    3.39   -5.34   -4.96   42.32
A-T     0.00    0.00    0.00    0.00    0.00    0.00    0.04   -0.83    3.28    1.07    1.60   32.32
G-C     0.00    0.00    0.00    0.00    0.00    0.00   -0.03   -0.55    3.45   -0.09   -3.72   35.18
T-A     0.00    0.00    0.00    0.00    0.00    0.00    0.27   -0.48    3.29    6.49    3.32   28.56
G-C     0.00    0.00    0.00    0.00    0.00    0.00    0.18   -0.12    3.45   -1.20   11.33   32.95
T-A     0.00    0.00    0.00    0.00    0.00    0.00   -0.55   -0.54    3.21   -0.99   15.27   28.14
A-T     0.00    0.00    0.00    0.00    0.00    0.00   -0.11   -0.61    3.43   -3.23    1.49   37.34
T-A     0.00    0.00    0.00    0.00    0.00    0.00    0.38   -1.01    3.57    1.55    3.58   33.15
T-A     0.00    0.00    0.00    0.00    0.00    0.00    0.31   -0.27    3.20   -1.32   -8.58   39.71
T-A     0.00    0.00    0.00    0.00    0.00    0.00   -0.37   -0.41    3.46   -1.25    3.03   33.20
G-C     0.00    0.00    0.00    0.00    0.00    0.00   -0.28    2.37    3.12    0.27  -17.48   44.11
G-C     0.00    0.00    0.00    0.00    0.00    0.00    0.20    0.88    3.26    1.99    0.95   30.72
A-T     0.00    0.00    0.00    0.00    0.00    0.00   -0.37    1.01    3.37   -6.05    2.50   38.87
A-T     0.00    0.00    0.00    0.00    0.00    0.00   -0.43   -0.23    3.30   -3.46    9.48   30.04
A-T     0.00    0.00    0.00    0.00    0.00    0.00    0.13   -0.06    3.29   -2.96    4.16   36.56
C-G     0.00    0.00    0.00    0.00    0.00    0.00    0.60   -0.74    2.96    5.49    7.62   27.32
T-A     0.00    0.00    0.00    0.00    0.00    0.00    0.41    0.18    3.50   -0.60    8.60   38.43
G-C     0.00    0.00    0.00    0.00    0.00    0.00   -0.43    0.46    3.56   -1.86    8.45   35.27
C-G     0.00    0.00    0.00    0.00    0.00    0.00   -0.58    0.70    3.35   -4.63   -9.00   43.83
T-A     0.00    0.00    0.00    0.00    0.00    0.00   -0.06    0.17    3.27    4.16   -2.23   34.79
C-G     0.00    0.00    0.00    0.00    0.00    0.00    0.35    1.75    2.88    3.99  -10.70   43.27
C-G     0.00    0.00    0.00    0.00    0.00    0.00    0.13    0.16    3.43   -2.42    7.57   32.16
A-T     0.00    0.00    0.00    0.00    0.00    0.00    0.00    1.34    3.34   -4.41   -8.40   44.49
T-A     0.00    0.00    0.00    0.00    0.00    0.00    0.56   -0.68    3.30    4.41    4.87   27.24
C-G     0.00    0.00    0.00    0.00    0.00    0.00    0.39    0.12    3.43    5.44   10.61   36.43
A-T     0.00    0.00    0.00    0.00    0.00    0.00   -0.02   -0.08    3.51    3.07   15.97   30.44
A-T     0.00    0.00    0.00    0.00    0.00    0.00   -0.14    1.12    3.69   -5.50    5.20   45.44
A-T     0.00    0.00    0.00    0.00    0.00    0.00   -0.24   -0.16    3.00   -1.99    1.77   33.65
A-T     0.00    0.00    0.00    0.00    0.00    0.00   -0.54   -0.16    3.24   -5.88   -4.06   39.60
G-C     0.00    0.00    0.00    0.00    0.00    0.00   -0.50    0.15    3.65   -3.40   -8.32   31.85
G-C     0.00    0.00    0.00    0.00    0.00    0.00   -0.14    0.91    3.68   -5.78  -28.60   41.35
C-G     0.00    0.00    0.00    0.00    0.00    0.00    0.41   -0.62    3.87    2.61  -12.42   31.15
A-T     0.00    0.00    0.00    0.00    0.00    0.00    0.62    1.13    3.46    8.94   -5.43   42.92
T-A     0.00    0.00    0.00    0.00    0.00    0.00    0.25   -0.36    3.78    3.75   22.90   26.18
G-C     0.00    0.00    0.00    0.00    0.00    0.00   -0.48    0.91    3.65   -4.09   10.16   38.49
T-A     0.00    0.00    0.00    0.00    0.00    0.00   -0.28   -0.69    3.33   -1.78    5.52   24.40
T-A     0.00    0.00    0.00    0.00    0.00    0.00    0.30    0.56    3.20    3.90    1.74   38.67
C-G     0.00    0.00    0.00    0.00    0.00    0.00    0.42    0.17    3.13    5.96    7.55   30.65
A-T     0.00    0.00    0.00    0.00    0.00    0.00    0.01    1.73    3.78   -2.10   -0.65   46.02
G-C     0.00    0.00    0.00    0.00    0.00    0.00   -0.06    1.11    3.43    0.94   -5.73   34.98
C-G     0.00    0.00    0.00    0.00    0.00    0.00   -0.12    0.74    3.23   -1.70   -7.13   40.35
T-A     0.00    0.00    0.00    0.00    0.00    0.00    0.36    0.39    3.31    2.56    5.67   31.49
G-C     0.00    0.00    0.00    0.00    0.00    0.00    0.27    1.79    3.17   -1.34   -1.52   42.22
A-T     0.00    0.00    0.00    0.00    0.00    0.00   -0.20   -0.49    3.47   -4.06   10.11   27.31
A-T     0.00    0.00    0.00    0.00    0.00    0.00   -0.40    0.24    3.16   -0.65    1.48   39.93
T-A     0.00    0.00    0.00    0.00    0.00    0.00    0.10   -1.51    3.25    1.10   12.00   23.34
T-A     0.00    0.00    0.00    0.00    0.00    0.00    0.17    0.38    3.24    2.98    6.04   38.33
C-G     0.00    0.00    0.00    0.00    0.00    0.00   -0.24   -0.14    3.30    1.17    6.31   27.33
A-T     0.00    0.00    0.00    0.00    0.00    0.00   -0.30    1.85    3.53   -0.56   -0.89   44.13
G-C     0.00    0.00    0.00    0.00    0.00    0.00    0.18    0.73    3.15   -0.38   -2.54   32.90
C-G     0.00    0.00    0.00    0.00    0.00    0.00    0.05    1.14    3.51   -4.72   -7.53   44.37
T-A     0.00    0.00    0.00    0.00    0.00    0.00    0.18    1.16    3.46    2.93   -3.93   35.56
G-C     0.00    0.00    0.00    0.00    0.00    0.00   -0.29    1.35    3.28   -0.67    0.87   40.54
A-T     0.00    0.00    0.00    0.00    0.00    0.00   -0.20   -0.37    3.32   -1.67   13.30   27.44
A-T     0.00    0.00    0.00    0.00    0.00    0.00   -0.05    0.63    3.13   -0.56    2.87   39.65
C-G     0.00    0.00    0.00    0.00    0.00    0.00    0.10   -0.86    3.50    0.54    9.16   25.24
A-T     0.00    0.00    0.00    0.00    0.00    0.00    0.09    0.69    3.39    3.81    5.65   39.12
T-A     0.00    0.00    0.00    0.00    0.00    0.00    0.16   -0.70    3.37   -1.97    9.91   23.77
G-C     0.00    0.00    0.00    0.00    0.00    0.00    0.11    0.91    3.33   -0.63   -1.81   40.87
C-G     0.00    0.00    0.00    0.00    0.00    0.00   -0.28   -0.10    3.42   -0.02   -7.35   33.13
C-G     0.00    0.00    0.00    0.00    0.00    0.00   -0.45    1.86    3.88    0.60  -11.88   50.50
T-A     0.00    0.00    0.00    0.00    0.00    0.00    0.38    1.21    3.30    1.98   -5.96   36.00
T-A     0.00    0.00    0.00    0.00    0.00    0.00    0.11    0.47    3.11   -4.70    1.90   36.84
T-A     0.00    0.00    0.00    0.00    0.00    0.00    0.24   -0.36    3.28    2.79   10.57   26.86
T-A     0.00    0.00    0.00    0.00    0.00    0.00   -0.01    0.45    3.51    4.02   13.71   35.97
G-C     0.00    0.00    0.00    0.00    0.00    0.00    0.03   -1.09    3.61   -1.09   20.00   22.21
A-T     0.00    0.00    0.00    0.00    0.00    0.00   -0.10   -0.10    3.12   -3.60    7.98   33.60
T-A     0.00    0.00    0.00    0.00    0.00    0.00   -0.09   -0.88    3.19   -4.75    3.48   22.56
G-C     0.00    0.00    0.00    0.00    0.00    0.00    0.10    1.18    3.24    4.75   -1.07   42.05
G-C     0.00    0.00    0.00    0.00    0.00    0.00   -0.03   -0.02    3.38   -0.34    2.71   31.90
A-T     0.00    0.00    0.00    0.00    0.00    0.00   -0.04    1.56    3.28   -1.36   -5.53   45.44
G-C     0.00    0.00    0.00    0.00    0.00    0.00    0.34    0.03    2.98   -2.53   -7.51   30.50
C-G     0.00    0.00    0.00    0.00    0.00    0.00    0.16    0.54    3.54   -1.23   -3.41   40.55
A-T     0.00    0.00    0.00    0.00    0.00    0.00    0.44    0.23    3.61    5.07    4.80   33.63
G-C     0.00    0.00    0.00    0.00    0.00    0.00   -0.89    0.05    3.49   -2.57   11.22   38.03
T-A     0.00    0.00    0.00    0.00    0.00    0.00   -1.16   -0.87    3.24   -4.00    9.02   28.16
T-A     0.00    0.00    0.00    0.00    0.00    0.00   -0.34    0.24    3.12    0.15    4.55   37.35
T-A     0.00    0.00    0.00    0.00    0.00    0.00    0.83   -0.33    3.26    2.11    6.38   26.77
C-G     0.00    0.00    0.00    0.00    0.00    0.00    0.70    1.23    3.13    5.09    4.13   40.82
C-G     0.00    0.00    0.00    0.00    0.00    0.00   -0.28    0.93    3.29   -3.95   -1.81   31.82
A-T     0.00    0.00    0.00    0.00    0.00    0.00   -0.23    2.32    3.21    2.26   -8.75   45.21
A-T     0.00    0.00    0.00    0.00    0.00    0.00    0.04   -0.54    3.31   -0.05   -1.72   31.05
A-T     0.00    0.00    0.00    0.00    0.00    0.00   -0.28   -0.12    3.55    1.17    0.72   41.75
T-A     0.00    0.00    0.00    0.00    0.00    0.00   -0.14   -0.70    3.18   -2.56    0.35   30.33
A-T     0.00    0.00    0.00    0.00    0.00    0.00   -0.55   -0.42    3.14   -8.50    2.38   33.53
C-G     0.00    0.00    0.00    0.00    0.00    0.00    0.49   -0.81    3.17    0.41    2.97   29.04
A-T     0.00    0.00    0.00    0.00    0.00    0.00    0.45   -0.34    3.53    5.18   10.93   38.44
C-G     0.00    0.00    0.00    0.00    0.00    0.00    0.21   -0.56    3.61    2.14    8.63   32.61
T-A     0.00    0.00    0.00    0.00    0.00    0.00   -0.16    0.22    3.35   -1.86    5.28   39.20
T-A     0.00    0.00    0.00    0.00    0.00    0.00   -0.26   -0.62    3.20   -5.98   -2.74   28.38
T-A     0.00    0.00    0.00    0.00    0.00    0.00   -0.26    0.27    3.13    4.99   -2.84   40.69
T-A     0.00    0.00    0.00    0.00    0.00    0.00   -0.70    0.06    3.49   -2.51   -2.05   34.42
G-C     0.00    0.00    0.00    0.00    0.00    0.00   -0.28    2.41    3.27   -2.06   -5.13   43.46
G-C     0.00    0.00    0.00    0.00    0.00    0.00    0.30    0.36    2.86   -7.08    0.87   26.74
T-A     0.00    0.00    0.00    0.00    0.00    0.00   -0.33   -0.20    3.14   -0.79    8.90   32.66
A-T     0.00    0.00    0.00    0.00    0.00    0.00    0.02   -0.29    3.42    6.42   11.41   30.73
G-C     0.00    0.00    0.00    0.00    0.00    0.00   -0.29    0.25    3.49   -0.69   17.22   32.88
A-T     0.00    0.00    0.00    0.00    0.00    0.00    0.31   -0.47    3.03   -6.08    7.18   25.79
A-T     0.00    0.00    0.00    0.00    0.00    0.00    0.22   -0.86    3.10   -4.44    4.36   32.89
T-A     0.00    0.00    0.00    0.00    0.00    0.00    0.14   -1.08    3.33   -1.86   -7.92   32.63
C-G     0.00    0.00    0.00    0.00    0.00    0.00   -0.11   -0.44    3.41    2.55   -2.18   40.45
T-A     0.00    0.00    0.00    0.00    0.00    0.00   -0.61   -0.18    3.36   -5.01   -4.36   33.17
G-C     0.00    0.00    0.00    0.00    0.00    0.00   -0.28    1.66    3.04    4.95   -4.37   41.66
C-G     0.00    0.00    0.00    0.00    0.00    0.00    0.04    1.15    3.20   -0.01   -2.96   35.62
A-T     0.00    0.00    0.00    0.00    0.00    0.00    0.32    2.37    3.20    2.35   -0.64   41.93
G-C     0.00    0.00    0.00    0.00    0.00    0.00    0.57    0.75    3.06   -2.90    7.28   30.42
G-C     0.00    0.00    0.00    0.00    0.00    0.00   -0.73   -0.41    3.29   -4.05   16.39   30.72
T-A     0.00    0.00    0.00    0.00    0.00    0.00   -0.37   -0.52    3.53    0.75    7.66   32.30
G-C     0.00    0.00    0.00    0.00    0.00    0.00    0.01    0.21    3.58    1.15   10.13   35.06
G-C     0.00    0.00    0.00    0.00    0.00    0.00    0.49    0.10    2.97   -1.63    0.99   30.31
A-T     0.00    0.00    0.00    0.00    0.00    0.00   -0.13   -0.56    3.10   -1.02    9.13   33.98
T-A     0.00    0.00    0.00    0.00    0.00    0.00   -0.55   -0.32    3.46   -3.55   -5.88   35.61
A-T     0.00    0.00    0.00    0.00    0.00    0.00   -0.10   -0.26    3.49    2.74   -3.26   38.40
T-A     0.00    0.00    0.00    0.00    0.00    0.00   -0.18   -0.86    3.40   -4.92   -2.83   31.87
T-A     0.00    0.00    0.00    0.00    0.00    0.00    0.04    0.45    3.10    4.89    1.61   37.47
G-C     0.00    0.00    0.00    0.00    0.00    0.00    0.27   -0.22    3.29    0.41    5.16   33.46
A-T     0.00    0.00    0.00    0.00    0.00    0.00   -0.06   -0.10    3.36    0.54    4.44   34.97
T-A     0.00    0.00    0.00    0.00    0.00    0.00    0.34   -0.66    3.24   -1.93   -1.59   31.98
