 146 base-pairs
   0  ***local base-pair & step parameters***
       Shear  Stretch  Stagger Buckle Prop-Tw Opening   Shift  Slide    Rise    Tilt    Roll   Twist
A-T     0.00    0.00    0.00    0.00    0.00    0.00    0.00    0.00    0.00    0.00    0.00    0.00
T-A     0.00    0.00    0.00    0.00    0.00    0.00   -1.04   -0.83    3.23   -3.26    2.19   32.48
C-G     0.00    0.00    0.00    0.00    0.00    0.00    0.82   -0.05    3.01    3.36   -1.95   37.05
A-T     0.00    0.00    0.00    0.00    0.00    0.00   -0.42    0.33    3.41   -2.87    8.96   35.72
A-T     0.00    0.00    0.00    0.00    0.00    0.00    0.09    0.74    3.14   -2.13   -3.80   37.22
T-A     0.00    0.00    0.00    0.00    0.00    0.00   -0.06   -0.86    3.19    4.32    1.65   33.53
A-T     0.00    0.00    0.00    0.00    0.00    0.00   -0.10   -0.54    3.56   -3.90   -6.77   40.38
T-A     0.00    0.00    0.00    0.00    0.00    0.00    0.60   -0.44    3.23    9.76   -0.48   36.00
C-G     0.00    0.00    0.00    0.00    0.00    0.00    0.33   -0.26    3.27   -5.89    1.33   30.01
C-G     0.00    0.00    0.00    0.00    0.00    0.00   -0.31    0.24    3.16    2.92    5.80   29.86
A-T     0.00    0.00    0.00    0.00    0.00    0.00   -0.41    0.05    3.44   -0.55    7.84   30.93
C-G     0.00    0.00    0.00    0.00    0.00    0.00   -0.13   -0.18    3.51   -2.56    8.69   34.44
C-G     0.00    0.00    0.00    0.00    0.00    0.00    0.40   -0.66    3.26   -0.30    8.07   30.41
T-A     0.00    0.00    0.00    0.00    0.00    0.00   -0.55    0.24    3.48   -1.01   10.85   32.64
G-C     0.00    0.00    0.00    0.00    0.00    0.00    0.18    1.31    3.27   -1.60   -8.18   39.25
C-G     0.00    0.00    0.00    0.00    0.00    0.00   -0.15    0.32    3.54   -2.09    4.59   37.63
A-T     0.00    0.00    0.00    0.00    0.00    0.00   -0.07    1.45    3.22    0.23  -19.63   43.29
G-C     0.00    0.00    0.00    0.00    0.00    0.00    0.57   -0.12    3.20    5.33   -0.40   33.58
A-T     0.00    0.00    0.00    0.00    0.00    0.00    0.10   -0.27    3.36   -1.55   -5.10   39.18
T-A     0.00    0.00    0.00    0.00    0.00    0.00    0.01   -0.38    3.13    5.08   -3.46   34.72
T-A     0.00    0.00    0.00    0.00    0.00    0.00    0.21   -1.15    3.05    1.22    0.36   30.41
C-G     0.00    0.00    0.00    0.00    0.00    0.00   -0.34   -0.47    3.13    6.99   12.93   25.17
T-A     0.00    0.00    0.00    0.00    0.00    0.00   -0.25    0.04    3.76   -1.98   11.35   33.10
A-T     0.00    0.00    0.00    0.00    0.00    0.00    1.50    0.18    3.43    1.69   20.77   29.88
C-G     0.00    0.00    0.00    0.00    0.00    0.00   -0.46   -0.05    2.91   -6.85    4.44   31.18
C-G     0.00    0.00    0.00    0.00    0.00    0.00    0.08    0.27    3.03    5.76    7.69   31.41
A-T     0.00    0.00    0.00    0.00    0.00    0.00   -0.05    2.16    3.01    2.56  -14.48   41.03
A-T     0.00    0.00    0.00    0.00    0.00    0.00    0.77    0.38    3.58    0.62    1.66   38.63
A-T     0.00    0.00    0.00    0.00    0.00    0.00    0.32    0.08    3.29   -0.95   -6.13   40.31
A-T     0.00    0.00    0.00    0.00    0.00    0.00    0.08   -0.59    3.31   -2.52    2.05   33.26
G-C     0.00    0.00    0.00    0.00    0.00    0.00   -0.06   -0.77    3.46    1.49   -2.07   34.47
T-A     0.00    0.00    0.00    0.00    0.00    0.00    0.09   -0.35    3.29    5.67    2.69   29.20
G-C     0.00    0.00    0.00    0.00    0.00    0.00    0.47   -0.03    3.45   -0.67    8.40   33.78
T-A     0.00    0.00    0.00    0.00    0.00    0.00   -0.63   -0.82    3.16   -0.36   19.02   25.36
A-T     0.00    0.00    0.00    0.00    0.00    0.00   -0.31   -0.38    3.49   -4.66    1.10   40.10
T-A     0.00    0.00    0.00    0.00    0.00    0.00    0.59   -1.05    3.56    1.99    1.01   32.25
T-A     0.00    0.00    0.00    0.00    0.00    0.00    0.38   -0.39    3.16   -0.57   -6.29   39.39
T-A     0.00    0.00    0.00    0.00    0.00    0.00   -0.67   -0.30    3.46   -1.26    1.71   33.22
G-C     0.00    0.00    0.00    0.00    0.00    0.00   -0.02    2.31    3.16   -1.27  -15.80   44.22
G-C     0.00    0.00    0.00    0.00    0.00    0.00    0.15    0.94    3.23    3.46   -0.35   31.43
A-T     0.00    0.00    0.00    0.00    0.00    0.00   -0.59    1.02    3.38   -6.38    1.77   37.79
A-T     0.00    0.00    0.00    0.00    0.00    0.00    0.00   -0.35    3.26   -2.99   10.40   30.37
A-T     0.00    0.00    0.00    0.00    0.00    0.00   -0.21    0.11    3.34   -4.40    6.65   36.56
C-G     0.00    0.00    0.00    0.00    0.00    0.00    0.45   -0.86    2.97    5.95    2.41   28.18
T-A     0.00    0.00    0.00    0.00    0.00    0.00    1.18    0.25    3.41    2.03   11.77   37.22
G-C     0.00    0.00    0.00    0.00    0.00    0.00   -1.46    0.37    3.64   -6.58    9.19   35.18
C-G     0.00    0.00    0.00    0.00    0.00    0.00    0.17    0.78    3.33   -0.43  -10.47   45.25
T-A     0.00    0.00    0.00    0.00    0.00    0.00   -0.39    0.16    3.25    1.42   -2.45   33.71
C-G     0.00    0.00    0.00    0.00    0.00    0.00    0.48    1.73    2.88    5.50  -10.46   43.61
C-G     0.00    0.00    0.00    0.00    0.00    0.00    0.01    0.04    3.40   -1.92    8.84   31.05
A-T     0.00    0.00    0.00    0.00    0.00    0.00    0.08    1.64    3.42   -7.65   -9.29   47.02
T-A     0.00    0.00    0.00    0.00    0.00    0.00    0.55   -0.99    3.24    8.53    3.76   24.83
C-G     0.00    0.00    0.00    0.00    0.00    0.00    0.35    0.28    3.43    3.43   11.86   37.38
A-T     0.00    0.00    0.00    0.00    0.00    0.00    0.06   -0.08    3.54    2.79   16.42   30.43
A-T     0.00    0.00    0.00    0.00    0.00    0.00   -0.27    1.02    3.69   -5.37    4.82   45.14
A-T     0.00    0.00    0.00    0.00    0.00    0.00   -0.10    0.03    2.98   -0.88    0.28   34.94
A-T     0.00    0.00    0.00    0.00    0.00    0.00   -0.57   -0.37    3.22   -6.80   -2.99   37.04
G-C     0.00    0.00    0.00    0.00    0.00    0.00   -0.46    0.24    3.69   -3.49   -6.07   34.10
G-C     0.00    0.00    0.00    0.00    0.00    0.00   -0.43    0.98    3.68   -5.88  -32.18   40.84
C-G     0.00    0.00    0.00    0.00    0.00    0.00    0.96   -0.73    3.84    3.41  -11.79   30.83
A-T     0.00    0.00    0.00    0.00    0.00    0.00    0.22    1.13    3.44    9.04   -3.22   42.46
T-A     0.00    0.00    0.00    0.00    0.00    0.00    0.11   -0.28    3.86    1.71   21.93   26.98
G-C     0.00    0.00    0.00    0.00    0.00    0.00    0.08    0.86    3.59   -1.55    8.17   38.89
T-A     0.00    0.00    0.00    0.00    0.00    0.00   -0.82   -0.66    3.34   -3.26    8.45   22.98
T-A     0.00    0.00    0.00    0.00    0.00    0.00    0.46    0.45    3.20    4.76   -1.00   39.51
C-G     0.00    0.00    0.00    0.00    0.00    0.00    0.73    0.34    3.14    5.29   11.04   30.66
A-T     0.00    0.00    0.00    0.00    0.00    0.00   -0.71    1.62    3.81   -3.29   -3.91   46.33
G-C     0.00    0.00    0.00    0.00    0.00    0.00    0.82    1.13    3.35    5.34   -5.81   34.20
C-G     0.00    0.00    0.00    0.00    0.00    0.00   -0.76    0.73    3.30   -7.25   -3.76   40.42
T-A     0.00    0.00    0.00    0.00    0.00    0.00    0.58    0.43    3.32    5.80    3.44   32.37
G-C     0.00    0.00    0.00    0.00    0.00    0.00    0.28    1.74    3.14   -1.54   -2.92   41.55
A-T     0.00    0.00    0.00    0.00    0.00    0.00   -0.08   -0.40    3.47   -5.07   12.23   27.65
A-T     0.00    0.00    0.00    0.00    0.00    0.00   -0.70    0.02    3.17    0.64    1.81   38.43
T-A     0.00    0.00    0.00    0.00    0.00    0.00    0.31   -1.20    3.30   -0.92   10.64   26.42
T-A     0.00    0.00    0.00    0.00    0.00    0.00    0.20    0.17    3.19    5.11    5.85   35.67
C-G     0.00    0.00    0.00    0.00    0.00    0.00   -0.37   -0.17    3.31    0.47    6.97   27.79
A-T     0.00    0.00    0.00    0.00    0.00    0.00   -0.22    2.01    3.55   -0.90    0.34   45.18
G-C     0.00    0.00    0.00    0.00    0.00    0.00    0.09    0.59    3.16   -1.22   -4.62   31.79
C-G     0.00    0.00    0.00    0.00    0.00    0.00    0.30    1.24    3.49   -2.19   -7.10   45.68
T-A     0.00    0.00    0.00    0.00    0.00    0.00   -0.23    1.07    3.45    0.84   -3.35   33.47
G-C     0.00    0.00    0.00    0.00    0.00    0.00    0.22    1.41    3.33   -0.37    1.47   42.51
A-T     0.00    0.00    0.00    0.00    0.00    0.00   -0.72   -0.37    3.30   -1.44   12.41   26.81
A-T     0.00    0.00    0.00    0.00    0.00    0.00    0.28    0.63    3.12   -0.33    1.65   39.53
C-G     0.00    0.00    0.00    0.00    0.00    0.00    0.25   -0.93    3.48    1.24   10.99   24.74
A-T     0.00    0.00    0.00    0.00    0.00    0.00   -0.50    0.79    3.46    0.93    7.51   39.86
T-A     0.00    0.00    0.00    0.00    0.00    0.00    0.72   -0.75    3.31    1.54    4.11   24.19
G-C     0.00    0.00    0.00    0.00    0.00    0.00    0.08    0.95    3.32   -2.37    3.18   39.57
C-G     0.00    0.00    0.00    0.00    0.00    0.00   -0.81   -0.23    3.45   -0.25   -8.42   33.61
C-G     0.00    0.00    0.00    0.00    0.00    0.00    0.22    2.04    3.88    1.87  -12.82   51.02
T-A     0.00    0.00    0.00    0.00    0.00    0.00   -0.11    1.13    3.32   -0.63   -5.34   36.16
T-A     0.00    0.00    0.00    0.00    0.00    0.00    0.38    0.40    3.04   -0.43    1.07   35.41
T-A     0.00    0.00    0.00    0.00    0.00    0.00    0.10   -0.30    3.34   -1.16   11.80   28.02
T-A     0.00    0.00    0.00    0.00    0.00    0.00    0.09    0.50    3.51    5.05   14.29   36.27
G-C     0.00    0.00    0.00    0.00    0.00    0.00   -0.18   -1.22    3.58    0.36   17.02   21.04
A-T     0.00    0.00    0.00    0.00    0.00    0.00    0.27    0.07    3.12   -4.75    9.76   35.03
T-A     0.00    0.00    0.00    0.00    0.00    0.00   -0.45   -1.09    3.20   -4.88    5.71   20.27
G-C     0.00    0.00    0.00    0.00    0.00    0.00    0.19    1.38    3.29    4.54   -4.82   45.09
G-C     0.00    0.00    0.00    0.00    0.00    0.00    0.16   -0.07    3.31    1.08    4.14   30.04
A-T     0.00    0.00    0.00    0.00    0.00    0.00   -0.26    1.42    3.28   -2.83   -5.32   44.73
G-C     0.00    0.00    0.00    0.00    0.00    0.00    0.46    0.21    3.01   -1.54   -6.39   32.51
C-G     0.00    0.00    0.00    0.00    0.00    0.00   -0.08    0.44    3.52   -2.98   -5.34   39.19
A-T     0.00    0.00    0.00    0.00    0.00    0.00    1.00    0.28    3.58    7.92    4.53   34.45
G-C     0.00    0.00    0.00    0.00    0.00    0.00   -1.62   -0.06    3.49   -4.69   13.52   36.54
T-A     0.00    0.00    0.00    0.00    0.00    0.00   -0.61   -0.73    3.27   -3.85    7.93   29.95
T-A     0.00    0.00    0.00    0.00    0.00    0.00   -0.51    0.18    3.10    0.79    3.41   36.59
T-A     0.00    0.00    0.00    0.00    0.00    0.00    0.67   -0.33    3.26    1.72    7.89   26.68
C-G     0.00    0.00    0.00    0.00    0.00    0.00    1.05    1.19    3.10    6.49    2.49   40.39
C-G     0.00    0.00    0.00    0.00    0.00    0.00   -0.60    1.05    3.38   -7.44    1.75   32.82
A-T     0.00    0.00    0.00    0.00    0.00    0.00   -0.24    2.20    3.15    5.90  -13.20   44.94
A-T     0.00    0.00    0.00    0.00    0.00    0.00    0.47   -0.43    3.30   -0.99   -0.52   30.37
A-T     0.00    0.00    0.00    0.00    0.00    0.00   -0.78   -0.26    3.58   -0.62    3.80   42.21
T-A     0.00    0.00    0.00    0.00    0.00    0.00    0.06   -0.59    3.16   -0.15   -2.48   30.17
A-T     0.00    0.00    0.00    0.00    0.00    0.00   -0.46   -0.38    3.17  -10.72    1.25   34.76
C-G     0.00    0.00    0.00    0.00    0.00    0.00    0.48   -0.96    3.09    2.93    6.20   26.66
A-T     0.00    0.00    0.00    0.00    0.00    0.00    0.15   -0.27    3.60    3.02    9.16   39.79
C-G     0.00    0.00    0.00    0.00    0.00    0.00    0.67   -0.42    3.61    2.47    8.79   33.84
T-A     0.00    0.00    0.00    0.00    0.00    0.00   -0.55   -0.02    3.30   -0.90    5.49   36.54
T-A     0.00    0.00    0.00    0.00    0.00    0.00   -0.04   -0.43    3.22   -6.08   -4.41   30.69
T-A     0.00    0.00    0.00    0.00    0.00    0.00   -0.31    0.15    3.13    4.02    1.30   38.89
T-A     0.00    0.00    0.00    0.00    0.00    0.00   -0.83    0.12    3.51   -2.65   -5.98   36.02
G-C     0.00    0.00    0.00    0.00    0.00    0.00   -0.06    2.45    3.23    0.13   -4.66   42.96
G-C     0.00    0.00    0.00    0.00    0.00    0.00    0.10    0.20    2.84   -9.53    2.51   25.42
T-A     0.00    0.00    0.00    0.00    0.00    0.00   -0.11   -0.01    3.19    0.59    8.82   34.56
A-T     0.00    0.00    0.00    0.00    0.00    0.00   -0.46   -0.41    3.42    4.95   10.04   29.93
G-C     0.00    0.00    0.00    0.00    0.00    0.00    0.48    0.33    3.43    1.95   16.95   33.03
A-T     0.00    0.00    0.00    0.00    0.00    0.00   -0.39   -0.60    3.07   -8.50    9.01   24.71
A-T     0.00    0.00    0.00    0.00    0.00    0.00    0.48   -0.74    3.12   -3.97    4.63   34.74
T-A     0.00    0.00    0.00    0.00    0.00    0.00    0.29   -1.09    3.29   -0.82  -11.41   31.53
C-G     0.00    0.00    0.00    0.00    0.00    0.00   -0.30   -0.47    3.44    1.11    1.23   40.69
T-A     0.00    0.00    0.00    0.00    0.00    0.00   -0.59   -0.27    3.31   -2.69   -5.37   32.36
G-C     0.00    0.00    0.00    0.00    0.00    0.00   -0.16    1.89    3.13    1.31   -4.35   43.24
C-G     0.00    0.00    0.00    0.00    0.00    0.00   -0.11    0.92    3.14    2.95   -3.23   34.93
A-T     0.00    0.00    0.00    0.00    0.00    0.00    0.44    2.48    3.17    2.52   -1.33   40.89
G-C     0.00    0.00    0.00    0.00    0.00    0.00    0.58    0.75    3.13   -5.54    8.84   32.14
G-C     0.00    0.00    0.00    0.00    0.00    0.00   -0.86   -0.49    3.25   -1.77   17.16   29.21
T-A     0.00    0.00    0.00    0.00    0.00    0.00   -0.35   -0.37    3.56   -0.23    3.31   34.04
G-C     0.00    0.00    0.00    0.00    0.00    0.00    0.34    0.09    3.52    2.26   13.92   33.31
G-C     0.00    0.00    0.00    0.00    0.00    0.00   -0.07    0.06    3.01   -3.30    2.06   30.36
A-T     0.00    0.00    0.00    0.00    0.00    0.00    0.24   -0.33    3.13   -0.16    4.69   36.41
T-A     0.00    0.00    0.00    0.00    0.00    0.00   -0.54   -0.57    3.39   -3.22   -2.41   32.59
A-T     0.00    0.00    0.00    0.00    0.00    0.00   -0.29   -0.16    3.51    2.65   -4.88   39.84
T-A     0.00    0.00    0.00    0.00    0.00    0.00   -0.11   -0.83    3.44   -5.46   -1.15   31.74
T-A     0.00    0.00    0.00    0.00    0.00    0.00    0.08    0.40    3.08    4.45    0.10   37.73
G-C     0.00    0.00    0.00    0.00    0.00    0.00    0.31   -0.13    3.28    2.55    4.70   33.15
A-T     0.00    0.00    0.00    0.00    0.00    0.00   -0.31   -0.28    3.37   -1.71    5.82   34.37
T-A     0.00    0.00    0.00    0.00    0.00    0.00    0.84   -0.45    3.25   -0.62   -0.92   33.09
