 146 base-pairs
   0  ***local base-pair & step parameters***
       Shear  Stretch  Stagger Buckle Prop-Tw Opening   Shift  Slide    Rise    Tilt    Roll   Twist
A-T     0.00    0.00    0.00    0.00    0.00    0.00    0.00    0.00    0.00    0.00    0.00    0.00
T-A     0.00    0.00    0.00    0.00    0.00    0.00   -0.75   -0.70    3.22   -2.24    4.82   33.22
C-G     0.00    0.00    0.00    0.00    0.00    0.00    0.39   -0.13    3.06    1.51   -4.08   36.57
A-T     0.00    0.00    0.00    0.00    0.00    0.00    0.09    0.46    3.40   -1.32    9.23   37.34
A-T     0.00    0.00    0.00    0.00    0.00    0.00   -0.30    0.57    3.09   -1.75   -4.35   34.59
T-A     0.00    0.00    0.00    0.00    0.00    0.00    0.18   -0.74    3.25    2.76    3.20   35.43
A-T     0.00    0.00    0.00    0.00    0.00    0.00   -0.25   -0.59    3.54   -2.83   -6.83   39.81
T-A     0.00    0.00    0.00    0.00    0.00    0.00    0.62   -0.35    3.25    8.78   -2.67   36.37
C-G     0.00    0.00    0.00    0.00    0.00    0.00    0.55   -0.39    3.22   -3.64    2.42   29.47
C-G     0.00    0.00    0.00    0.00    0.00    0.00   -0.65    0.30    3.19    0.19    8.13   29.33
A-T     0.00    0.00    0.00    0.00    0.00    0.00   -0.21    0.09    3.47    0.43    4.53   32.91
C-G     0.00    0.00    0.00    0.00    0.00    0.00   -0.09   -0.23    3.45   -1.58    9.92   32.59
C-G     0.00    0.00    0.00    0.00    0.00    0.00    0.24   -0.67    3.29   -1.44    8.05   30.93
T-A     0.00    0.00    0.00    0.00    0.00    0.00   -0.38    0.24    3.48   -0.23   11.49   32.53
G-C     0.00    0.00    0.00    0.00    0.00    0.00   -0.06    1.34    3.30   -3.33   -7.91   39.94
C-G     0.00    0.00    0.00    0.00    0.00    0.00    0.12    0.31    3.49    0.61    1.32   37.23
A-T     0.00    0.00    0.00    0.00    0.00    0.00   -0.20    1.36    3.23   -1.39  -15.42   42.35
G-C     0.00    0.00    0.00    0.00    0.00    0.00    0.49   -0.03    3.22    4.98   -1.84   34.99
A-T     0.00    0.00    0.00    0.00    0.00    0.00    0.24   -0.26    3.37   -0.79   -6.01   38.63
T-A     0.00    0.00    0.00    0.00    0.00    0.00   -0.05   -0.45    3.09    4.98   -3.63   34.90
T-A     0.00    0.00    0.00    0.00    0.00    0.00    0.29   -1.10    3.04    1.96    2.17   29.34
C-G     0.00    0.00    0.00    0.00    0.00    0.00   -0.60   -0.51    3.19    4.50   11.88   26.61
T-A     0.00    0.00    0.00    0.00    0.00    0.00    0.14    0.16    3.71    0.91   11.51   32.96
A-T     0.00    0.00    0.00    0.00    0.00    0.00    1.08    0.02    3.44   -0.05   18.97   28.67
C-G     0.00    0.00    0.00    0.00    0.00    0.00    0.03    0.05    2.91   -5.52    7.76   32.36
C-G     0.00    0.00    0.00    0.00    0.00    0.00   -0.54    0.21    3.06    3.68    6.43   30.45
A-T     0.00    0.00    0.00    0.00    0.00    0.00    0.52    2.30    3.01    4.25  -16.61   42.92
A-T     0.00    0.00    0.00    0.00    0.00    0.00    0.48    0.18    3.51    1.20    3.98   35.92
A-T     0.00    0.00    0.00    0.00    0.00    0.00    0.31    0.24    3.36   -3.24   -6.14   42.09
A-T     0.00    0.00    0.00    0.00    0.00    0.00    0.21   -0.66    3.30   -0.57    1.34   33.17
G-C     0.00    0.00    0.00    0.00    0.00    0.00   -0.21   -0.72    3.44    0.09   -2.24   34.16
T-A     0.00    0.00    0.00    0.00    0.00    0.00    0.31   -0.42    3.27    7.77    1.89   29.08
G-C     0.00    0.00    0.00    0.00    0.00    0.00    0.25   -0.03    3.48   -3.04   11.53   33.34
T-A     0.00    0.00    0.00    0.00    0.00    0.00   -0.57   -0.72    3.18    0.30   16.35   27.02
A-T     0.00    0.00    0.00    0.00    0.00    0.00   -0.21   -0.46    3.44   -3.41    0.16   38.46
T-A     0.00    0.00    0.00    0.00    0.00    0.00    0.52   -1.05    3.57    0.79    3.98   32.74
T-A     0.00    0.00    0.00    0.00    0.00    0.00    0.33   -0.35    3.17   -0.22   -7.86   39.20
T-A     0.00    0.00    0.00    0.00    0.00    0.00   -0.61   -0.28    3.50   -2.19    2.02   34.23
G-C     0.00    0.00    0.00    0.00    0.00    0.00    0.02    2.27    3.09    0.85  -17.23   43.25
G-C     0.00    0.00    0.00    0.00    0.00    0.00    0.09    0.92    3.27    1.82    1.62   30.96
A-T     0.00    0.00    0.00    0.00    0.00    0.00   -0.59    1.03    3.39   -6.39    1.69   39.22
A-T     0.00    0.00    0.00    0.00    0.00    0.00   -0.01   -0.28    3.26   -2.53    9.48   29.46
A-T     0.00    0.00    0.00    0.00    0.00    0.00   -0.17    0.00    3.33   -4.27    5.08   37.05
C-G     0.00    0.00    0.00    0.00    0.00    0.00    0.55   -0.81    2.95    6.56    6.65   27.03
T-A     0.00    0.00    0.00    0.00    0.00    0.00    0.78    0.25    3.49   -0.67    8.57   38.58
G-C     0.00    0.00    0.00    0.00    0.00    0.00   -0.83    0.44    3.59   -3.09    9.63   35.29
C-G     0.00    0.00    0.00    0.00    0.00    0.00   -0.44    0.63    3.32   -2.68  -10.35   43.54
T-A     0.00    0.00    0.00    0.00    0.00    0.00    0.13    0.30    3.28    2.65   -1.94   35.41
C-G     0.00    0.00    0.00    0.00    0.00    0.00    0.02    1.61    2.89    4.04   -9.57   42.55
C-G     0.00    0.00    0.00    0.00    0.00    0.00    0.33    0.20    3.40   -0.93    5.93   32.51
A-T     0.00    0.00    0.00    0.00    0.00    0.00    0.03    1.43    3.37   -6.51   -7.64   44.87
T-A     0.00    0.00    0.00    0.00    0.00    0.00    0.40   -0.86    3.28    5.82    5.63   26.23
C-G     0.00    0.00    0.00    0.00    0.00    0.00    0.48    0.27    3.43    5.51    9.03   37.48
A-T     0.00    0.00    0.00    0.00    0.00    0.00    0.02   -0.11    3.53    1.75   17.02   30.06
A-T     0.00    0.00    0.00    0.00    0.00    0.00   -0.19    1.01    3.66   -3.86    5.51   44.86
A-T     0.00    0.00    0.00    0.00    0.00    0.00   -0.30    0.02    3.03   -3.05    0.53   34.83
A-T     0.00    0.00    0.00    0.00    0.00    0.00   -0.36   -0.29    3.23   -5.76   -3.08   38.60
G-C     0.00    0.00    0.00    0.00    0.00    0.00   -0.62    0.16    3.64   -2.81   -8.21   32.07
G-C     0.00    0.00    0.00    0.00    0.00    0.00   -0.25    0.98    3.71   -6.66  -29.52   41.95
C-G     0.00    0.00    0.00    0.00    0.00    0.00    0.74   -0.73    3.83    3.50  -11.73   30.21
A-T     0.00    0.00    0.00    0.00    0.00    0.00    0.31    1.21    3.49    8.19   -5.18   43.61
T-A     0.00    0.00    0.00    0.00    0.00    0.00    0.27   -0.39    3.78    4.14   22.00   26.03
G-C     0.00    0.00    0.00    0.00    0.00    0.00   -0.16    0.90    3.63   -3.80   10.70   38.21
T-A     0.00    0.00    0.00    0.00    0.00    0.00   -0.71   -0.66    3.37   -2.88    6.03   24.82
T-A     0.00    0.00    0.00    0.00    0.00    0.00    0.52    0.50    3.16    5.44    0.56   38.27
C-G     0.00    0.00    0.00    0.00    0.00    0.00    0.57    0.26    3.14    4.83    8.28   31.00
A-T     0.00    0.00    0.00    0.00    0.00    0.00   -0.39    1.65    3.80   -2.21   -0.10   45.73
G-C     0.00    0.00    0.00    0.00    0.00    0.00    0.27    1.13    3.40    2.44   -7.21   35.05
C-G     0.00    0.00    0.00    0.00    0.00    0.00   -0.15    0.83    3.27   -3.77   -5.98   40.72
T-A     0.00    0.00    0.00    0.00    0.00    0.00    0.14    0.24    3.30    3.91    5.91   30.70
G-C     0.00    0.00    0.00    0.00    0.00    0.00    0.53    1.92    3.16   -1.10   -3.00   43.04
A-T     0.00    0.00    0.00    0.00    0.00    0.00   -0.29   -0.51    3.49   -5.71   11.59   27.03
A-T     0.00    0.00    0.00    0.00    0.00    0.00   -0.48    0.12    3.14    1.34    1.24   39.37
T-A     0.00    0.00    0.00    0.00    0.00    0.00    0.20   -1.32    3.27   -0.04   10.86   24.48
T-A     0.00    0.00    0.00    0.00    0.00    0.00    0.18    0.24    3.24    2.73    7.52   37.32
C-G     0.00    0.00    0.00    0.00    0.00    0.00   -0.32   -0.13    3.29    2.43    5.76   27.54
A-T     0.00    0.00    0.00    0.00    0.00    0.00   -0.29    1.97    3.55   -1.96   -1.61   44.86
G-C     0.00    0.00    0.00    0.00    0.00    0.00    0.35    0.58    3.12    0.50   -1.36   31.74
C-G     0.00    0.00    0.00    0.00    0.00    0.00   -0.19    1.24    3.53   -4.88   -8.04   45.22
T-A     0.00    0.00    0.00    0.00    0.00    0.00    0.26    1.15    3.46    2.55   -4.47   35.50
G-C     0.00    0.00    0.00    0.00    0.00    0.00   -0.08    1.28    3.25    0.05    1.77   39.92
A-T     0.00    0.00    0.00    0.00    0.00    0.00   -0.58   -0.28    3.35   -2.60   13.06   28.24
A-T     0.00    0.00    0.00    0.00    0.00    0.00    0.22    0.56    3.10    0.39    2.17   39.12
C-G     0.00    0.00    0.00    0.00    0.00    0.00    0.18   -0.81    3.50   -0.01   10.08   25.37
A-T     0.00    0.00    0.00    0.00    0.00    0.00   -0.30    0.67    3.41    3.47    5.54   39.27
T-A     0.00    0.00    0.00    0.00    0.00    0.00    0.57   -0.72    3.33   -0.63    8.93   23.49
G-C     0.00    0.00    0.00    0.00    0.00    0.00   -0.02    0.99    3.36   -2.37   -0.56   41.24
C-G     0.00    0.00    0.00    0.00    0.00    0.00   -0.52   -0.22    3.42    1.07   -7.66   32.65
C-G     0.00    0.00    0.00    0.00    0.00    0.00   -0.07    1.96    3.86    0.97  -12.92   50.95
T-A     0.00    0.00    0.00    0.00    0.00    0.00    0.15    1.20    3.33    0.24   -4.37   35.91
T-A     0.00    0.00    0.00    0.00    0.00    0.00    0.05    0.35    3.08   -2.63    1.13   36.35
T-A     0.00    0.00    0.00    0.00    0.00    0.00    0.46   -0.19    3.29    1.67    9.82   27.81
T-A     0.00    0.00    0.00    0.00    0.00    0.00   -0.18    0.33    3.52    3.52   15.34   35.11
G-C     0.00    0.00    0.00    0.00    0.00    0.00    0.03   -1.09    3.59    0.62   18.86   22.37
A-T     0.00    0.00    0.00    0.00    0.00    0.00   -0.02    0.04    3.15   -5.40    7.70   34.34
T-A     0.00    0.00    0.00    0.00    0.00    0.00   -0.10   -1.06    3.17   -3.88    4.82   21.35
G-C     0.00    0.00    0.00    0.00    0.00    0.00    0.00    1.29    3.25    5.09   -2.24   42.95
G-C     0.00    0.00    0.00    0.00    0.00    0.00    0.06    0.00    3.39   -1.44    2.74   31.89
A-T     0.00    0.00    0.00    0.00    0.00    0.00    0.04    1.44    3.25   -0.19   -4.57   44.61
G-C     0.00    0.00    0.00    0.00    0.00    0.00    0.08    0.16    3.01   -3.32   -8.43   31.58
C-G     0.00    0.00    0.00    0.00    0.00    0.00    0.41    0.46    3.52   -0.93   -3.42   39.88
A-T     0.00    0.00    0.00    0.00    0.00    0.00    0.44    0.23    3.60    5.23    5.62   33.58
G-C     0.00    0.00    0.00    0.00    0.00    0.00   -1.20    0.10    3.52   -3.21   10.55   38.59
T-A     0.00    0.00    0.00    0.00    0.00    0.00   -0.75   -0.94    3.20   -2.92    8.75   27.52
T-A     0.00    0.00    0.00    0.00    0.00    0.00   -0.53    0.31    3.14   -1.03    5.56   37.77
T-A     0.00    0.00    0.00    0.00    0.00    0.00    0.65   -0.40    3.27    2.75    5.65   26.61
C-G     0.00    0.00    0.00    0.00    0.00    0.00    1.12    1.27    3.11    5.58    3.73   40.81
C-G     0.00    0.00    0.00    0.00    0.00    0.00   -0.62    0.96    3.33   -5.54   -0.48   32.00
A-T     0.00    0.00    0.00    0.00    0.00    0.00   -0.21    2.23    3.19    4.12   -9.84   44.79
A-T     0.00    0.00    0.00    0.00    0.00    0.00    0.33   -0.40    3.31   -1.01   -1.92   31.69
A-T     0.00    0.00    0.00    0.00    0.00    0.00   -0.60   -0.22    3.56    0.53    2.16   41.19
T-A     0.00    0.00    0.00    0.00    0.00    0.00   -0.01   -0.71    3.15   -0.66   -1.13   30.38
A-T     0.00    0.00    0.00    0.00    0.00    0.00   -0.44   -0.28    3.16  -10.48    2.65   34.18
C-G     0.00    0.00    0.00    0.00    0.00    0.00    0.32   -0.99    3.15    1.25    4.14   27.96
A-T     0.00    0.00    0.00    0.00    0.00    0.00    0.51   -0.23    3.52    5.88    9.34   39.27
C-G     0.00    0.00    0.00    0.00    0.00    0.00    0.26   -0.52    3.63    0.48    9.29   32.62
T-A     0.00    0.00    0.00    0.00    0.00    0.00   -0.21    0.07    3.32   -0.30    6.01   38.30
T-A     0.00    0.00    0.00    0.00    0.00    0.00   -0.34   -0.45    3.22   -6.64   -4.09   29.59
T-A     0.00    0.00    0.00    0.00    0.00    0.00   -0.10    0.18    3.13    4.66   -2.12   39.94
T-A     0.00    0.00    0.00    0.00    0.00    0.00   -0.75    0.03    3.47   -1.61   -1.62   34.27
G-C     0.00    0.00    0.00    0.00    0.00    0.00   -0.46    2.52    3.30   -3.04   -6.13   44.32
G-C     0.00    0.00    0.00    0.00    0.00    0.00    0.63    0.24    2.82   -6.28    1.37   25.79
T-A     0.00    0.00    0.00    0.00    0.00    0.00   -0.56   -0.14    3.16   -1.28    9.38   33.16
A-T     0.00    0.00    0.00    0.00    0.00    0.00   -0.09   -0.30    3.43    6.44   10.51   30.83
G-C     0.00    0.00    0.00    0.00    0.00    0.00    0.10    0.22    3.46   -0.03   17.50   32.42
A-T     0.00    0.00    0.00    0.00    0.00    0.00   -0.08   -0.42    3.07   -7.37    7.94   26.28
A-T     0.00    0.00    0.00    0.00    0.00    0.00    0.32   -0.93    3.08   -3.06    3.23   32.51
T-A     0.00    0.00    0.00    0.00    0.00    0.00    0.42   -0.99    3.32   -2.49   -7.57   32.90
C-G     0.00    0.00    0.00    0.00    0.00    0.00   -0.53   -0.49    3.44    1.83   -1.27   40.31
T-A     0.00    0.00    0.00    0.00    0.00    0.00   -0.36   -0.20    3.33   -3.18   -5.85   33.04
G-C     0.00    0.00    0.00    0.00    0.00    0.00   -0.20    1.78    3.06    3.06   -3.62   42.19
C-G     0.00    0.00    0.00    0.00    0.00    0.00   -0.25    0.99    3.19    0.73   -2.24   34.83
A-T     0.00    0.00    0.00    0.00    0.00    0.00    0.56    2.47    3.18    3.26   -2.28   42.54
G-C     0.00    0.00    0.00    0.00    0.00    0.00    0.54    0.79    3.08   -4.88    8.46   30.48
G-C     0.00    0.00    0.00    0.00    0.00    0.00   -0.85   -0.57    3.27   -2.25   16.66   29.89
T-A     0.00    0.00    0.00    0.00    0.00    0.00   -0.27   -0.34    3.55    0.18    6.23   33.47
G-C     0.00    0.00    0.00    0.00    0.00    0.00    0.04    0.13    3.58    0.33   11.46   34.33
G-C     0.00    0.00    0.00    0.00    0.00    0.00    0.42    0.04    2.94   -0.10    0.86   30.11
A-T     0.00    0.00    0.00    0.00    0.00    0.00   -0.17   -0.41    3.13   -2.33    8.10   34.99
T-A     0.00    0.00    0.00    0.00    0.00    0.00   -0.37   -0.47    3.43   -3.01   -4.75   34.46
A-T     0.00    0.00    0.00    0.00    0.00    0.00   -0.29   -0.20    3.50    2.96   -3.47   38.96
T-A     0.00    0.00    0.00    0.00    0.00    0.00   -0.20   -0.82    3.42   -5.60   -3.59   32.15
T-A     0.00    0.00    0.00    0.00    0.00    0.00    0.32    0.36    3.07    5.75    2.44   36.65
G-C     0.00    0.00    0.00    0.00    0.00    0.00   -0.09   -0.13    3.32   -0.49    5.16   34.26
A-T     0.00    0.00    0.00    0.00    0.00    0.00    0.10   -0.16    3.34    1.26    3.60   34.60
T-A     0.00    0.00    0.00    0.00    0.00    0.00    0.55   -0.63    3.23   -2.07   -0.83   31.90
