 146 base-pairs
   0  ***local base-pair & step parameters***
       Shear  Stretch  Stagger Buckle Prop-Tw Opening   Shift  Slide    Rise    Tilt    Roll   Twist
A-T     0.00    0.00    0.00    0.00    0.00    0.00    0.00    0.00    0.00    0.00    0.00    0.00
T-A     0.00    0.00    0.00    0.00    0.00    0.00   -0.28   -0.73    3.18   -2.26    3.18   32.61
C-G     0.00    0.00    0.00    0.00    0.00    0.00    0.02   -0.07    3.10    0.77   -1.49   37.17
A-T     0.00    0.00    0.00    0.00    0.00    0.00    0.10    0.35    3.37   -0.60    6.71   36.78
A-T     0.00    0.00    0.00    0.00    0.00    0.00    0.01    0.69    3.09   -1.45   -2.97   35.10
T-A     0.00    0.00    0.00    0.00    0.00    0.00   -0.17   -0.80    3.28    0.96    2.99   35.13
A-T     0.00    0.00    0.00    0.00    0.00    0.00   -0.13   -0.64    3.51    0.00   -6.70   39.63
T-A     0.00    0.00    0.00    0.00    0.00    0.00    0.79   -0.19    3.27    6.15   -3.99   37.15
C-G     0.00    0.00    0.00    0.00    0.00    0.00    0.27   -0.58    3.23   -2.35    5.21   28.37
C-G     0.00    0.00    0.00    0.00    0.00    0.00   -0.48    0.41    3.17    0.50    4.85   30.17
A-T     0.00    0.00    0.00    0.00    0.00    0.00   -0.20    0.13    3.51   -0.70    6.93   32.83
C-G     0.00    0.00    0.00    0.00    0.00    0.00   -0.15   -0.37    3.42   -0.86    8.97   31.96
C-G     0.00    0.00    0.00    0.00    0.00    0.00    0.22   -0.54    3.31   -0.94    8.28   31.67
T-A     0.00    0.00    0.00    0.00    0.00    0.00   -0.26    0.23    3.48   -1.90   10.66   32.44
G-C     0.00    0.00    0.00    0.00    0.00    0.00   -0.13    1.22    3.29   -1.16   -5.80   39.00
C-G     0.00    0.00    0.00    0.00    0.00    0.00    0.01    0.52    3.51   -1.33   -1.58   38.91
A-T     0.00    0.00    0.00    0.00    0.00    0.00    0.05    1.17    3.21   -0.04  -12.88   40.63
G-C     0.00    0.00    0.00    0.00    0.00    0.00    0.33    0.08    3.23    4.19   -3.37   36.15
A-T     0.00    0.00    0.00    0.00    0.00    0.00    0.11   -0.30    3.39   -0.42   -5.07   38.16
T-A     0.00    0.00    0.00    0.00    0.00    0.00    0.34   -0.44    3.05    4.99   -5.00   35.06
T-A     0.00    0.00    0.00    0.00    0.00    0.00   -0.08   -1.11    3.08    1.71    4.54   29.01
C-G     0.00    0.00    0.00    0.00    0.00    0.00   -0.52   -0.48    3.17    4.59    8.99   27.33
T-A     0.00    0.00    0.00    0.00    0.00    0.00    0.43    0.11    3.70    1.60   13.84   31.89
A-T     0.00    0.00    0.00    0.00    0.00    0.00    0.65    0.12    3.46   -1.85   17.80   29.96
C-G     0.00    0.00    0.00    0.00    0.00    0.00    0.26   -0.11    2.88   -2.93    8.33   30.86
C-G     0.00    0.00    0.00    0.00    0.00    0.00   -0.41    0.43    3.07    1.29    5.23   32.19
A-T     0.00    0.00    0.00    0.00    0.00    0.00    0.16    2.05    3.03    5.38  -14.01   41.02
A-T     0.00    0.00    0.00    0.00    0.00    0.00    0.78    0.36    3.48    1.65    0.44   37.65
A-T     0.00    0.00    0.00    0.00    0.00    0.00    0.25    0.17    3.39   -4.53   -3.00   40.88
A-T     0.00    0.00    0.00    0.00    0.00    0.00    0.05   -0.69    3.27    0.26   -0.37   33.82
G-C     0.00    0.00    0.00    0.00    0.00    0.00   -0.04   -0.69    3.45    0.71   -1.74   33.62
T-A     0.00    0.00    0.00    0.00    0.00    0.00    0.27   -0.33    3.28    5.69    1.34   30.18
G-C     0.00    0.00    0.00    0.00    0.00    0.00    0.17   -0.27    3.46   -0.41   13.31   31.27
T-A     0.00    0.00    0.00    0.00    0.00    0.00   -0.54   -0.39    3.20   -1.78   13.28   29.87
A-T     0.00    0.00    0.00    0.00    0.00    0.00   -0.11   -0.78    3.43   -2.45    3.48   35.55
T-A     0.00    0.00    0.00    0.00    0.00    0.00    0.39   -0.85    3.56    0.78    1.58   34.99
T-A     0.00    0.00    0.00    0.00    0.00    0.00    0.31   -0.44    3.20   -0.56   -6.59   37.82
T-A     0.00    0.00    0.00    0.00    0.00    0.00   -0.37   -0.24    3.46   -2.00    1.03   35.15
G-C     0.00    0.00    0.00    0.00    0.00    0.00   -0.28    2.19    3.12    1.02  -15.49   42.11
G-C     0.00    0.00    0.00    0.00    0.00    0.00    0.20    1.07    3.26    1.26   -1.05   32.77
A-T     0.00    0.00    0.00    0.00    0.00    0.00   -0.37    0.82    3.37   -5.32    4.49   36.77
A-T     0.00    0.00    0.00    0.00    0.00    0.00   -0.43   -0.03    3.29   -4.18    7.49   32.19
A-T     0.00    0.00    0.00    0.00    0.00    0.00    0.13   -0.26    3.30   -2.24    6.14   34.37
C-G     0.00    0.00    0.00    0.00    0.00    0.00    0.60   -0.54    2.95    4.79    5.64   29.57
T-A     0.00    0.00    0.00    0.00    0.00    0.00    0.41   -0.02    3.51    0.09   10.57   36.15
G-C     0.00    0.00    0.00    0.00    0.00    0.00   -0.43    0.67    3.55   -2.54    6.48   37.61
C-G     0.00    0.00    0.00    0.00    0.00    0.00   -0.58    0.49    3.35   -3.96   -7.04   41.46
T-A     0.00    0.00    0.00    0.00    0.00    0.00   -0.07    0.38    3.26    3.50   -4.17   37.21
C-G     0.00    0.00    0.00    0.00    0.00    0.00    0.35    1.53    2.88    4.64   -8.76   40.81
C-G     0.00    0.00    0.00    0.00    0.00    0.00    0.13    0.38    3.42   -3.06    5.64   34.66
A-T     0.00    0.00    0.00    0.00    0.00    0.00    0.00    1.11    3.35   -3.79   -6.49   41.95
T-A     0.00    0.00    0.00    0.00    0.00    0.00    0.55   -0.45    3.30    3.80    2.97   29.82
C-G     0.00    0.00    0.00    0.00    0.00    0.00    0.40   -0.12    3.43    6.04   12.50   33.82
A-T     0.00    0.00    0.00    0.00    0.00    0.00   -0.02    0.15    3.51    2.48   14.10   33.09
A-T     0.00    0.00    0.00    0.00    0.00    0.00   -0.13    0.88    3.69   -4.93    7.06   42.76
A-T     0.00    0.00    0.00    0.00    0.00    0.00   -0.25    0.09    3.00   -2.55   -0.07   36.37
A-T     0.00    0.00    0.00    0.00    0.00    0.00   -0.53   -0.41    3.25   -5.34   -2.23   36.86
G-C     0.00    0.00    0.00    0.00    0.00    0.00   -0.51    0.39    3.64   -3.93  -10.13   34.62
G-C     0.00    0.00    0.00    0.00    0.00    0.00   -0.13    0.66    3.68   -5.26  -26.81   38.55
C-G     0.00    0.00    0.00    0.00    0.00    0.00    0.40   -0.37    3.86    2.11  -14.19   33.98
A-T     0.00    0.00    0.00    0.00    0.00    0.00    0.63    0.87    3.47    9.42   -3.68   40.06
T-A     0.00    0.00    0.00    0.00    0.00    0.00    0.23   -0.10    3.78    3.28   21.17   29.06
G-C     0.00    0.00    0.00    0.00    0.00    0.00   -0.46    0.65    3.65   -3.63   11.86   35.58
T-A     0.00    0.00    0.00    0.00    0.00    0.00   -0.29   -0.43    3.33   -2.22    3.83   27.32
T-A     0.00    0.00    0.00    0.00    0.00    0.00    0.31    0.30    3.20    4.32    3.40   35.72
C-G     0.00    0.00    0.00    0.00    0.00    0.00    0.40    0.43    3.13    5.55    5.92   33.61
A-T     0.00    0.00    0.00    0.00    0.00    0.00    0.03    1.47    3.78   -1.70    0.96   43.04
G-C     0.00    0.00    0.00    0.00    0.00    0.00   -0.07    1.38    3.43    0.56   -7.31   37.98
C-G     0.00    0.00    0.00    0.00    0.00    0.00   -0.10    0.47    3.24   -1.34   -5.57   37.34
T-A     0.00    0.00    0.00    0.00    0.00    0.00    0.34    0.66    3.31    2.22    4.14   34.51
G-C     0.00    0.00    0.00    0.00    0.00    0.00    0.30    1.51    3.17   -1.01   -0.02   39.18
A-T     0.00    0.00    0.00    0.00    0.00    0.00   -0.22   -0.22    3.47   -4.37    8.63   30.37
A-T     0.00    0.00    0.00    0.00    0.00    0.00   -0.37   -0.03    3.16   -0.35    2.92   36.87
T-A     0.00    0.00    0.00    0.00    0.00    0.00    0.08   -1.24    3.25    0.82   10.59   26.41
T-A     0.00    0.00    0.00    0.00    0.00    0.00    0.19    0.10    3.25    3.24    7.43   35.26
C-G     0.00    0.00    0.00    0.00    0.00    0.00   -0.26    0.14    3.30    0.93    4.96   30.41
A-T     0.00    0.00    0.00    0.00    0.00    0.00   -0.27    1.57    3.53   -0.33    0.43   41.04
G-C     0.00    0.00    0.00    0.00    0.00    0.00    0.16    1.01    3.15   -0.59   -3.83   35.99
C-G     0.00    0.00    0.00    0.00    0.00    0.00    0.07    0.87    3.51   -4.53   -6.28   41.29
T-A     0.00    0.00    0.00    0.00    0.00    0.00    0.16    1.43    3.46    2.75   -5.15   38.65
G-C     0.00    0.00    0.00    0.00    0.00    0.00   -0.27    1.07    3.28   -0.51    2.05   37.45
A-T     0.00    0.00    0.00    0.00    0.00    0.00   -0.23   -0.10    3.32   -1.81   12.15   30.52
A-T     0.00    0.00    0.00    0.00    0.00    0.00   -0.02    0.36    3.13   -0.44    3.99   36.58
C-G     0.00    0.00    0.00    0.00    0.00    0.00    0.07   -0.58    3.50    0.44    8.08   28.31
A-T     0.00    0.00    0.00    0.00    0.00    0.00    0.12    0.41    3.38    3.90    6.69   36.06
T-A     0.00    0.00    0.00    0.00    0.00    0.00    0.13   -0.43    3.37   -2.03    8.91   26.82
G-C     0.00    0.00    0.00    0.00    0.00    0.00    0.14    0.64    3.33   -0.58   -0.84   37.83
C-G     0.00    0.00    0.00    0.00    0.00    0.00   -0.32    0.16    3.42   -0.05   -8.27   36.16
C-G     0.00    0.00    0.00    0.00    0.00    0.00   -0.42    1.60    3.88    0.61  -10.99   47.49
T-A     0.00    0.00    0.00    0.00    0.00    0.00    0.35    1.47    3.30    1.98   -6.81   39.00
T-A     0.00    0.00    0.00    0.00    0.00    0.00    0.14    0.20    3.11   -4.73    2.71   33.85
T-A     0.00    0.00    0.00    0.00    0.00    0.00    0.21   -0.10    3.28    2.83    9.80   29.83
T-A     0.00    0.00    0.00    0.00    0.00    0.00    0.02    0.19    3.51    3.96   14.44   33.02
G-C     0.00    0.00    0.00    0.00    0.00    0.00   -0.01   -0.83    3.61   -1.01   19.31   25.14
A-T     0.00    0.00    0.00    0.00    0.00    0.00   -0.07   -0.36    3.12   -3.70    8.63   30.70
T-A     0.00    0.00    0.00    0.00    0.00    0.00   -0.13   -0.63    3.20   -4.64    2.87   25.44
G-C     0.00    0.00    0.00    0.00    0.00    0.00    0.14    0.93    3.24    4.61   -0.50   39.19
G-C     0.00    0.00    0.00    0.00    0.00    0.00   -0.07    0.23    3.38   -0.18    2.18   34.73
A-T     0.00    0.00    0.00    0.00    0.00    0.00   -0.01    1.31    3.27   -1.53   -5.05   42.64
G-C     0.00    0.00    0.00    0.00    0.00    0.00    0.30    0.27    2.98   -2.35   -7.96   33.27
C-G     0.00    0.00    0.00    0.00    0.00    0.00    0.20    0.29    3.53   -1.43   -3.01   37.80
A-T     0.00    0.00    0.00    0.00    0.00    0.00    0.40    0.47    3.61    5.29    4.45   36.34
G-C     0.00    0.00    0.00    0.00    0.00    0.00   -0.86   -0.19    3.49   -2.81   11.54   35.35
T-A     0.00    0.00    0.00    0.00    0.00    0.00   -1.20   -0.63    3.24   -3.75    8.74   30.81
T-A     0.00    0.00    0.00    0.00    0.00    0.00   -0.30    0.01    3.11   -0.12    4.78   34.74
T-A     0.00    0.00    0.00    0.00    0.00    0.00    0.80   -0.10    3.27    2.40    6.20   29.35
C-G     0.00    0.00    0.00    0.00    0.00    0.00    0.73    1.01    3.13    4.78    4.28   38.29
C-G     0.00    0.00    0.00    0.00    0.00    0.00   -0.32    1.15    3.30   -3.62   -1.91   34.32
A-T     0.00    0.00    0.00    0.00    0.00    0.00   -0.19    2.11    3.21    1.92   -8.69   42.75
A-T     0.00    0.00    0.00    0.00    0.00    0.00    0.01   -0.33    3.31    0.31   -1.73   33.47
A-T     0.00    0.00    0.00    0.00    0.00    0.00   -0.24   -0.33    3.54    0.79    0.70   39.37
T-A     0.00    0.00    0.00    0.00    0.00    0.00   -0.17   -0.49    3.18   -2.17    0.43   32.66
A-T     0.00    0.00    0.00    0.00    0.00    0.00   -0.51   -0.62    3.13   -8.91    2.27   31.24
C-G     0.00    0.00    0.00    0.00    0.00    0.00    0.45   -0.61    3.17    0.83    3.13   31.28
A-T     0.00    0.00    0.00    0.00    0.00    0.00    0.48   -0.53    3.53    4.74   10.73   36.25
C-G     0.00    0.00    0.00    0.00    0.00    0.00    0.17   -0.37    3.61    2.60    8.87   34.76
T-A     0.00    0.00    0.00    0.00    0.00    0.00   -0.13    0.03    3.34   -2.33    5.00   37.10
T-A     0.00    0.00    0.00    0.00    0.00    0.00   -0.29   -0.44    3.20   -5.49   -2.42   30.43
T-A     0.00    0.00    0.00    0.00    0.00    0.00   -0.23    0.09    3.13    4.49   -3.22   38.69
T-A     0.00    0.00    0.00    0.00    0.00    0.00   -0.73    0.23    3.49   -2.00   -1.64   36.37
G-C     0.00    0.00    0.00    0.00    0.00    0.00   -0.25    2.25    3.26   -2.59   -5.59   41.56
G-C     0.00    0.00    0.00    0.00    0.00    0.00    0.26    0.52    2.86   -6.54    1.37   28.58
T-A     0.00    0.00    0.00    0.00    0.00    0.00   -0.30   -0.36    3.13   -1.34    8.36   30.88
A-T     0.00    0.00    0.00    0.00    0.00    0.00   -0.02   -0.14    3.43    6.99   11.99   32.46
G-C     0.00    0.00    0.00    0.00    0.00    0.00   -0.25    0.10    3.48   -1.27   16.60   31.20
A-T     0.00    0.00    0.00    0.00    0.00    0.00    0.27   -0.33    3.04   -5.49    7.84   27.41
A-T     0.00    0.00    0.00    0.00    0.00    0.00    0.26   -0.99    3.10   -5.05    3.65   31.32
T-A     0.00    0.00    0.00    0.00    0.00    0.00    0.11   -0.94    3.33   -1.24   -7.18   34.13
C-G     0.00    0.00    0.00    0.00    0.00    0.00   -0.07   -0.57    3.41    1.92   -2.97   39.01
T-A     0.00    0.00    0.00    0.00    0.00    0.00   -0.65   -0.05    3.37   -4.37   -3.54   34.55
G-C     0.00    0.00    0.00    0.00    0.00    0.00   -0.25    1.54    3.04    4.30   -5.23   40.34
C-G     0.00    0.00    0.00    0.00    0.00    0.00    0.01    1.26    3.20    0.65   -2.06   36.89
A-T     0.00    0.00    0.00    0.00    0.00    0.00    0.36    2.27    3.20    1.67   -1.58   40.73
G-C     0.00    0.00    0.00    0.00    0.00    0.00    0.53    0.84    3.06   -2.21    8.26   31.57
G-C     0.00    0.00    0.00    0.00    0.00    0.00   -0.69   -0.50    3.29   -4.74   15.38   29.64
T-A     0.00    0.00    0.00    0.00    0.00    0.00   -0.40   -0.43    3.54    1.46    8.72   33.32
G-C     0.00    0.00    0.00    0.00    0.00    0.00    0.04    0.13    3.57    0.44    9.04   34.11
G-C     0.00    0.00    0.00    0.00    0.00    0.00    0.45    0.18    2.97   -0.90    2.12   31.20
A-T     0.00    0.00    0.00    0.00    0.00    0.00   -0.10   -0.63    3.09   -1.75    7.97   33.16
T-A     0.00    0.00    0.00    0.00    0.00    0.00   -0.59   -0.26    3.46   -2.80   -4.69   36.37
A-T     0.00    0.00    0.00    0.00    0.00    0.00   -0.07   -0.32    3.49    1.99   -4.49   37.70
T-A     0.00    0.00    0.00    0.00    0.00    0.00   -0.21   -0.80    3.41   -4.16   -1.56   32.50
T-A     0.00    0.00    0.00    0.00    0.00    0.00    0.07    0.41    3.09    4.12    0.31   36.91
G-C     0.00    0.00    0.00    0.00    0.00    0.00    0.24   -0.18    3.29    1.19    6.49   33.96
A-T     0.00    0.00    0.00    0.00    0.00    0.00   -0.03   -0.14    3.35   -0.24    3.08   34.54
T-A     0.00    0.00    0.00    0.00    0.00    0.00    0.31   -0.63    3.25   -1.15   -0.19   32.35
