 146 base-pairs
   0  ***local base-pair & step parameters***
       Shear  Stretch  Stagger Buckle Prop-Tw Opening   Shift  Slide    Rise    Tilt    Roll   Twist
A-T     0.00    0.00    0.00    0.00    0.00    0.00    0.00    0.00    0.00    0.00    0.00    0.00
T-A     0.00    0.00    0.00    0.00    0.00    0.00   -0.77   -0.78    3.22   -1.59    1.56   33.24
C-G     0.00    0.00    0.00    0.00    0.00    0.00    0.59   -0.10    3.02    2.31   -1.21   35.89
A-T     0.00    0.00    0.00    0.00    0.00    0.00   -0.26    0.38    3.43   -2.61    8.23   37.10
A-T     0.00    0.00    0.00    0.00    0.00    0.00    0.04    0.69    3.12   -1.54   -3.20   35.86
T-A     0.00    0.00    0.00    0.00    0.00    0.00   -0.11   -0.82    3.22    2.99    1.29   34.64
A-T     0.00    0.00    0.00    0.00    0.00    0.00    0.06   -0.55    3.53   -2.05   -6.70   39.70
T-A     0.00    0.00    0.00    0.00    0.00    0.00    0.37   -0.45    3.26    7.70   -0.24   36.14
C-G     0.00    0.00    0.00    0.00    0.00    0.00    0.60   -0.23    3.25   -3.96    0.82   30.44
C-G     0.00    0.00    0.00    0.00    0.00    0.00   -0.57    0.19    3.17    1.45    6.48   28.93
A-T     0.00    0.00    0.00    0.00    0.00    0.00   -0.20    0.11    3.44    0.22    7.08   32.20
C-G     0.00    0.00    0.00    0.00    0.00    0.00   -0.26   -0.24    3.50   -2.50    9.38   33.04
C-G     0.00    0.00    0.00    0.00    0.00    0.00    0.42   -0.61    3.29   -1.18    7.55   31.70
T-A     0.00    0.00    0.00    0.00    0.00    0.00   -0.46    0.21    3.44    0.54   11.10   31.66
G-C     0.00    0.00    0.00    0.00    0.00    0.00   -0.01    1.31    3.31   -3.57   -8.13   39.74
C-G     0.00    0.00    0.00    0.00    0.00    0.00    0.10    0.33    3.51   -0.03    4.25   37.70
A-T     0.00    0.00    0.00    0.00    0.00    0.00   -0.34    1.41    3.23   -1.56  -19.05   42.66
G-C     0.00    0.00    0.00    0.00    0.00    0.00    0.82   -0.07    3.20    6.57   -1.13   34.65
A-T     0.00    0.00    0.00    0.00    0.00    0.00   -0.08   -0.32    3.35   -2.02   -4.36   37.83
T-A     0.00    0.00    0.00    0.00    0.00    0.00    0.10   -0.33    3.15    4.71   -4.10   36.11
T-A     0.00    0.00    0.00    0.00    0.00    0.00    0.23   -1.18    3.02    2.37    0.79   29.22
C-G     0.00    0.00    0.00    0.00    0.00    0.00   -0.47   -0.45    3.16    5.25   12.79   25.98
T-A     0.00    0.00    0.00    0.00    0.00    0.00   -0.04    0.05    3.73    0.06   11.19   32.82
A-T     0.00    0.00    0.00    0.00    0.00    0.00    1.24    0.16    3.46   -0.31   21.21   29.59
C-G     0.00    0.00    0.00    0.00    0.00    0.00   -0.20   -0.01    2.90   -5.23    3.79   31.99
C-G     0.00    0.00    0.00    0.00    0.00    0.00   -0.15    0.22    3.03    4.79    8.44   30.21
A-T     0.00    0.00    0.00    0.00    0.00    0.00    0.09    2.22    3.02    2.73  -15.20   42.42
A-T     0.00    0.00    0.00    0.00    0.00    0.00    0.72    0.33    3.55    1.29    2.24   37.29
A-T     0.00    0.00    0.00    0.00    0.00    0.00    0.25    0.11    3.32   -2.35   -6.46   41.39
A-T     0.00    0.00    0.00    0.00    0.00    0.00    0.25   -0.60    3.28   -0.63    2.08   32.63
G-C     0.00    0.00    0.00    0.00    0.00    0.00   -0.29   -0.79    3.48   -0.58   -1.80   34.54
T-A     0.00    0.00    0.00    0.00    0.00    0.00    0.36   -0.32    3.27    7.57    2.16   29.69
G-C     0.00    0.00    0.00    0.00    0.00    0.00    0.21   -0.08    3.46   -2.08    9.10   32.80
T-A     0.00    0.00    0.00    0.00    0.00    0.00   -0.43   -0.76    3.16    0.33   18.26   26.66
A-T     0.00    0.00    0.00    0.00    0.00    0.00   -0.42   -0.43    3.47   -4.51    1.78   38.70
T-A     0.00    0.00    0.00    0.00    0.00    0.00    0.60   -1.00    3.59    1.03    0.51   33.52
T-A     0.00    0.00    0.00    0.00    0.00    0.00    0.49   -0.41    3.13    1.04   -6.06   38.46
T-A     0.00    0.00    0.00    0.00    0.00    0.00   -0.86   -0.30    3.49   -3.25    1.79   33.65
G-C     0.00    0.00    0.00    0.00    0.00    0.00    0.24    2.33    3.14    0.77  -16.17   44.36
G-C     0.00    0.00    0.00    0.00    0.00    0.00   -0.11    0.90    3.24    1.71    0.25   30.75
A-T     0.00    0.00    0.00    0.00    0.00    0.00   -0.35    1.07    3.38   -5.21    1.04   38.90
A-T     0.00    0.00    0.00    0.00    0.00    0.00   -0.17   -0.40    3.26   -3.37   11.14   29.01
A-T     0.00    0.00    0.00    0.00    0.00    0.00   -0.14    0.16    3.36   -4.86    6.02   37.94
C-G     0.00    0.00    0.00    0.00    0.00    0.00    0.49   -0.90    2.94    7.17    2.82   27.02
T-A     0.00    0.00    0.00    0.00    0.00    0.00    1.04    0.27    3.45    0.24   11.65   37.98
G-C     0.00    0.00    0.00    0.00    0.00    0.00   -1.23    0.38    3.61   -4.52    8.99   34.96
C-G     0.00    0.00    0.00    0.00    0.00    0.00   -0.09    0.75    3.35   -2.40  -10.00   44.90
T-A     0.00    0.00    0.00    0.00    0.00    0.00   -0.13    0.21    3.24    2.99   -3.11   34.57
C-G     0.00    0.00    0.00    0.00    0.00    0.00    0.26    1.67    2.88    4.61   -9.71   42.38
C-G     0.00    0.00    0.00    0.00    0.00    0.00    0.15    0.09    3.42   -1.84    8.13   32.45
A-T     0.00    0.00    0.00    0.00    0.00    0.00    0.05    1.59    3.39   -6.90   -8.74   45.69
T-A     0.00    0.00    0.00    0.00    0.00    0.00    0.48   -0.96    3.27    7.07    3.46   25.86
C-G     0.00    0.00    0.00    0.00    0.00    0.00    0.53    0.27    3.40    5.35   11.86   36.81
A-T     0.00    0.00    0.00    0.00    0.00    0.00   -0.19   -0.10    3.57    0.72   16.72   30.45
A-T     0.00    0.00    0.00    0.00    0.00    0.00    0.00    1.05    3.67   -3.52    4.27   45.69
A-T     0.00    0.00    0.00    0.00    0.00    0.00   -0.35   -0.02    2.99   -2.22    0.99   33.92
A-T     0.00    0.00    0.00    0.00    0.00    0.00   -0.38   -0.31    3.23   -6.20   -3.74   38.36
G-C     0.00    0.00    0.00    0.00    0.00    0.00   -0.56    0.18    3.67   -3.25   -5.41   32.71
G-C     0.00    0.00    0.00    0.00    0.00    0.00   -0.44    1.02    3.70   -6.91  -32.65   42.08
C-G     0.00    0.00    0.00    0.00    0.00    0.00    1.07   -0.76    3.81    5.07  -11.60   29.95
A-T     0.00    0.00    0.00    0.00    0.00    0.00    0.02    1.13    3.47    7.03   -3.10   42.84
T-A     0.00    0.00    0.00    0.00    0.00    0.00    0.37   -0.25    3.83    3.74   21.52   27.18
G-C     0.00    0.00    0.00    0.00    0.00    0.00   -0.19    0.81    3.61   -3.25    8.79   38.16
T-A     0.00    0.00    0.00    0.00    0.00    0.00   -0.58   -0.61    3.33   -2.17    7.71   24.13
T-A     0.00    0.00    0.00    0.00    0.00    0.00    0.30    0.40    3.19    4.47   -0.27   38.14
C-G     0.00    0.00    0.00    0.00    0.00    0.00    0.80    0.39    3.16    4.75   10.44   32.03
A-T     0.00    0.00    0.00    0.00    0.00    0.00   -0.66    1.59    3.78   -2.00   -3.53   45.19
G-C     0.00    0.00    0.00    0.00    0.00    0.00    0.67    1.15    3.38    3.51   -5.90   34.90
C-G     0.00    0.00    0.00    0.00    0.00    0.00   -0.53    0.74    3.27   -5.19   -3.98   40.25
T-A     0.00    0.00    0.00    0.00    0.00    0.00    0.32    0.40    3.34    3.85    3.93   31.97
G-C     0.00    0.00    0.00    0.00    0.00    0.00    0.54    1.79    3.13   -0.04   -3.60   42.45
A-T     0.00    0.00    0.00    0.00    0.00    0.00   -0.29   -0.46    3.47   -5.88   12.98   26.39
A-T     0.00    0.00    0.00    0.00    0.00    0.00   -0.57    0.07    3.18    0.63    1.11   39.83
T-A     0.00    0.00    0.00    0.00    0.00    0.00    0.29   -1.24    3.27   -0.08   11.17   25.12
T-A     0.00    0.00    0.00    0.00    0.00    0.00    0.11    0.20    3.22    3.58    5.58   36.66
C-G     0.00    0.00    0.00    0.00    0.00    0.00   -0.19   -0.18    3.28    2.43    6.94   27.27
A-T     0.00    0.00    0.00    0.00    0.00    0.00   -0.46    2.00    3.58   -2.96    0.67   45.13
G-C     0.00    0.00    0.00    0.00    0.00    0.00    0.36    0.63    3.14    0.60   -5.19   32.39
C-G     0.00    0.00    0.00    0.00    0.00    0.00    0.05    1.19    3.49   -3.47   -6.38   44.62
T-A     0.00    0.00    0.00    0.00    0.00    0.00   -0.04    1.12    3.46    1.36   -4.10   34.81
G-C     0.00    0.00    0.00    0.00    0.00    0.00    0.13    1.36    3.31   -0.04    2.13   41.12
A-T     0.00    0.00    0.00    0.00    0.00    0.00   -0.74   -0.33    3.33   -2.55   11.97   28.02
A-T     0.00    0.00    0.00    0.00    0.00    0.00    0.40    0.61    3.09    1.39    1.81   38.70
C-G     0.00    0.00    0.00    0.00    0.00    0.00    0.04   -0.94    3.51   -0.80   11.13   25.06
A-T     0.00    0.00    0.00    0.00    0.00    0.00   -0.24    0.82    3.44    2.94    7.08   40.12
T-A     0.00    0.00    0.00    0.00    0.00    0.00    0.46   -0.80    3.32   -0.11    4.75   23.40
G-C     0.00    0.00    0.00    0.00    0.00    0.00    0.31    1.01    3.32   -1.36    2.43   40.76
C-G     0.00    0.00    0.00    0.00    0.00    0.00   -0.96   -0.29    3.44   -0.46   -7.69   32.23
C-G     0.00    0.00    0.00    0.00    0.00    0.00    0.27    2.09    3.90    1.24  -13.41   52.37
T-A     0.00    0.00    0.00    0.00    0.00    0.00   -0.05    1.10    3.29    0.74   -4.99   35.07
T-A     0.00    0.00    0.00    0.00    0.00    0.00    0.22    0.42    3.07   -2.30    1.02   36.07
T-A     0.00    0.00    0.00    0.00    0.00    0.00    0.34   -0.28    3.31    0.90   11.54   27.92
T-A     0.00    0.00    0.00    0.00    0.00    0.00   -0.17    0.47    3.53    3.13   14.81   35.81
G-C     0.00    0.00    0.00    0.00    0.00    0.00    0.08   -1.17    3.57    1.81   16.33   21.99
A-T     0.00    0.00    0.00    0.00    0.00    0.00    0.07    0.02    3.12   -5.48   10.51   33.75
T-A     0.00    0.00    0.00    0.00    0.00    0.00   -0.34   -1.04    3.21   -4.99    5.03   21.67
G-C     0.00    0.00    0.00    0.00    0.00    0.00    0.18    1.34    3.26    5.46   -4.31   43.81
G-C     0.00    0.00    0.00    0.00    0.00    0.00    0.07   -0.04    3.34   -0.50    3.90   30.99
A-T     0.00    0.00    0.00    0.00    0.00    0.00   -0.07    1.42    3.25   -0.85   -5.38   44.28
G-C     0.00    0.00    0.00    0.00    0.00    0.00    0.21    0.19    3.04   -3.59   -6.03   32.40
C-G     0.00    0.00    0.00    0.00    0.00    0.00    0.19    0.48    3.51   -1.21   -5.93   39.85
A-T     0.00    0.00    0.00    0.00    0.00    0.00    0.76    0.23    3.59    6.72    5.26   33.36
G-C     0.00    0.00    0.00    0.00    0.00    0.00   -1.45    0.00    3.50   -4.27   12.78   37.90
T-A     0.00    0.00    0.00    0.00    0.00    0.00   -0.69   -0.78    3.25   -3.43    8.56   28.57
T-A     0.00    0.00    0.00    0.00    0.00    0.00   -0.54    0.21    3.13   -0.39    2.99   37.78
T-A     0.00    0.00    0.00    0.00    0.00    0.00    0.80   -0.35    3.23    3.48    8.03   25.89
C-G     0.00    0.00    0.00    0.00    0.00    0.00    0.84    1.19    3.13    4.45    2.67   40.65
C-G     0.00    0.00    0.00    0.00    0.00    0.00   -0.34    1.07    3.35   -5.46    1.30   33.14
A-T     0.00    0.00    0.00    0.00    0.00    0.00   -0.51    2.16    3.16    4.31  -12.54   44.11
A-T     0.00    0.00    0.00    0.00    0.00    0.00    0.69   -0.37    3.30   -0.06   -1.28   31.58
A-T     0.00    0.00    0.00    0.00    0.00    0.00   -0.92   -0.32    3.57   -0.74    4.52   40.82
T-A     0.00    0.00    0.00    0.00    0.00    0.00    0.10   -0.54    3.18   -0.86   -3.05   31.50
A-T     0.00    0.00    0.00    0.00    0.00    0.00   -0.39   -0.41    3.14   -9.29    1.57   33.70
C-G     0.00    0.00    0.00    0.00    0.00    0.00    0.32   -0.96    3.12    1.03    6.18   27.26
A-T     0.00    0.00    0.00    0.00    0.00    0.00    0.39   -0.26    3.57    5.08    8.87   39.75
C-G     0.00    0.00    0.00    0.00    0.00    0.00    0.40   -0.46    3.63    0.60    9.33   33.32
T-A     0.00    0.00    0.00    0.00    0.00    0.00   -0.29    0.03    3.29    0.48    4.79   37.53
T-A     0.00    0.00    0.00    0.00    0.00    0.00   -0.24   -0.49    3.22   -6.73   -3.66   29.38
T-A     0.00    0.00    0.00    0.00    0.00    0.00   -0.20    0.20    3.15    3.82    0.62   40.29
T-A     0.00    0.00    0.00    0.00    0.00    0.00   -0.83    0.08    3.48   -1.65   -5.50   34.76
G-C     0.00    0.00    0.00    0.00    0.00    0.00   -0.17    2.47    3.27   -1.51   -4.87   43.86
G-C     0.00    0.00    0.00    0.00    0.00    0.00    0.30    0.20    2.81   -7.53    2.41   25.01
T-A     0.00    0.00    0.00    0.00    0.00    0.00   -0.37   -0.04    3.21   -1.44    9.20   34.40
A-T     0.00    0.00    0.00    0.00    0.00    0.00   -0.19   -0.36    3.40    6.68    9.42   30.64
G-C     0.00    0.00    0.00    0.00    0.00    0.00    0.24    0.28    3.43    0.82   17.69   31.89
A-T     0.00    0.00    0.00    0.00    0.00    0.00   -0.23   -0.54    3.08   -8.16    8.28   26.07
A-T     0.00    0.00    0.00    0.00    0.00    0.00    0.42   -0.79    3.10   -3.47    5.24   33.37
T-A     0.00    0.00    0.00    0.00    0.00    0.00    0.25   -1.06    3.32   -2.08  -11.80   32.68
C-G     0.00    0.00    0.00    0.00    0.00    0.00   -0.16   -0.48    3.41    2.92    1.33   39.95
T-A     0.00    0.00    0.00    0.00    0.00    0.00   -0.81   -0.27    3.34   -4.75   -5.17   32.56
G-C     0.00    0.00    0.00    0.00    0.00    0.00    0.10    1.92    3.11    3.27   -4.83   43.61
C-G     0.00    0.00    0.00    0.00    0.00    0.00   -0.38    0.87    3.15    1.42   -2.56   34.04
A-T     0.00    0.00    0.00    0.00    0.00    0.00    0.66    2.53    3.17    3.38   -2.08   42.13
G-C     0.00    0.00    0.00    0.00    0.00    0.00    0.45    0.70    3.12   -5.57    9.55   30.75
G-C     0.00    0.00    0.00    0.00    0.00    0.00   -0.83   -0.44    3.27   -2.57   16.62   30.52
T-A     0.00    0.00    0.00    0.00    0.00    0.00   -0.26   -0.40    3.53    1.26    3.60   33.03
G-C     0.00    0.00    0.00    0.00    0.00    0.00    0.16    0.09    3.55    0.32   13.94   33.85
G-C     0.00    0.00    0.00    0.00    0.00    0.00    0.18    0.07    2.98   -1.24    1.74   30.38
A-T     0.00    0.00    0.00    0.00    0.00    0.00   -0.02   -0.36    3.14   -1.99    5.25   35.84
T-A     0.00    0.00    0.00    0.00    0.00    0.00   -0.29   -0.52    3.39   -1.92   -3.13   33.62
A-T     0.00    0.00    0.00    0.00    0.00    0.00   -0.48   -0.22    3.50    2.09   -4.13   38.51
T-A     0.00    0.00    0.00    0.00    0.00    0.00   -0.01   -0.78    3.46   -5.74   -1.81   33.13
T-A     0.00    0.00    0.00    0.00    0.00    0.00    0.10    0.36    3.05    5.53    0.56   36.50
G-C     0.00    0.00    0.00    0.00    0.00    0.00    0.19   -0.11    3.31    0.86    4.52   34.01
A-T     0.00    0.00    0.00    0.00    0.00    0.00   -0.10   -0.28    3.33    0.32    5.69   34.03
T-A     0.00    0.00    0.00    0.00    0.00    0.00    0.58   -0.48    3.27   -2.64   -0.51   32.86
