 146 base-pairs
   0  ***local base-pair & step parameters***
       Shear  Stretch  Stagger Buckle Prop-Tw Opening   Shift  Slide    Rise    Tilt    Roll   Twist
A-T     0.00    0.00    0.00    0.00    0.00    0.00    0.00    0.00    0.00    0.00    0.00    0.00
T-A     0.00    0.00    0.00    0.00    0.00    0.00   -0.68   -0.68    3.21   -1.51    3.19   33.32
C-G     0.00    0.00    0.00    0.00    0.00    0.00    0.42   -0.19    3.03    2.08   -3.72   35.79
A-T     0.00    0.00    0.00    0.00    0.00    0.00    0.01    0.45    3.42   -2.14   10.80   37.36
A-T     0.00    0.00    0.00    0.00    0.00    0.00   -0.32    0.63    3.12   -2.20   -4.94   35.37
T-A     0.00    0.00    0.00    0.00    0.00    0.00    0.25   -0.75    3.23    3.65    1.72   35.28
A-T     0.00    0.00    0.00    0.00    0.00    0.00   -0.23   -0.65    3.51   -2.51   -6.01   39.06
T-A     0.00    0.00    0.00    0.00    0.00    0.00    0.54   -0.34    3.27    7.84   -1.31   36.63
C-G     0.00    0.00    0.00    0.00    0.00    0.00    0.54   -0.34    3.24   -3.81    1.40   30.19
C-G     0.00    0.00    0.00    0.00    0.00    0.00   -0.57    0.29    3.16    1.15    6.93   28.97
A-T     0.00    0.00    0.00    0.00    0.00    0.00   -0.22    0.04    3.46    0.45    5.74   32.25
C-G     0.00    0.00    0.00    0.00    0.00    0.00   -0.16   -0.21    3.48   -2.55   10.94   33.06
C-G     0.00    0.00    0.00    0.00    0.00    0.00    0.26   -0.62    3.30   -1.32    6.69   31.53
T-A     0.00    0.00    0.00    0.00    0.00    0.00   -0.30    0.21    3.45    0.72   10.67   31.97
G-C     0.00    0.00    0.00    0.00    0.00    0.00   -0.09    1.30    3.30   -3.60   -6.43   39.43
C-G     0.00    0.00    0.00    0.00    0.00    0.00    0.05    0.35    3.52   -0.30    1.91   37.86
A-T     0.00    0.00    0.00    0.00    0.00    0.00   -0.15    1.39    3.23   -0.99  -17.00   42.77
G-C     0.00    0.00    0.00    0.00    0.00    0.00    0.55   -0.08    3.19    5.83   -2.19   34.30
A-T     0.00    0.00    0.00    0.00    0.00    0.00    0.19   -0.29    3.37   -1.32   -4.38   38.33
T-A     0.00    0.00    0.00    0.00    0.00    0.00   -0.10   -0.40    3.12    4.21   -3.53   35.64
T-A     0.00    0.00    0.00    0.00    0.00    0.00    0.35   -1.08    3.03    2.61    0.52   29.53
C-G     0.00    0.00    0.00    0.00    0.00    0.00   -0.55   -0.56    3.16    5.17   12.02   25.84
T-A     0.00    0.00    0.00    0.00    0.00    0.00    0.07    0.15    3.72    0.17   13.13   32.88
A-T     0.00    0.00    0.00    0.00    0.00    0.00    1.04    0.08    3.47   -0.60   18.58   29.45
C-G     0.00    0.00    0.00    0.00    0.00    0.00    0.11    0.06    2.89   -4.69    6.20   32.32
C-G     0.00    0.00    0.00    0.00    0.00    0.00   -0.52    0.15    3.03    4.11    7.05   29.67
A-T     0.00    0.00    0.00    0.00    0.00    0.00    0.45    2.30    3.04    3.35  -15.14   43.08
A-T     0.00    0.00    0.00    0.00    0.00    0.00    0.46    0.23    3.54    0.91    3.13   36.67
A-T     0.00    0.00    0.00    0.00    0.00    0.00    0.38    0.23    3.33   -2.29   -7.48   41.81
A-T     0.00    0.00    0.00    0.00    0.00    0.00    0.21   -0.72    3.28   -0.42    2.39   32.45
G-C     0.00    0.00    0.00    0.00    0.00    0.00   -0.29   -0.70    3.47   -0.87   -1.06   34.54
T-A     0.00    0.00    0.00    0.00    0.00    0.00    0.32   -0.37    3.29    7.76    0.66   29.73
G-C     0.00    0.00    0.00    0.00    0.00    0.00    0.32   -0.06    3.45   -2.07   10.54   32.86
T-A     0.00    0.00    0.00    0.00    0.00    0.00   -0.60   -0.76    3.17    0.16   17.73   26.44
A-T     0.00    0.00    0.00    0.00    0.00    0.00   -0.28   -0.43    3.48   -4.35    0.95   39.03
T-A     0.00    0.00    0.00    0.00    0.00    0.00    0.55   -1.01    3.57    1.08    2.48   33.24
T-A     0.00    0.00    0.00    0.00    0.00    0.00    0.40   -0.39    3.14    0.68   -8.41   38.55
T-A     0.00    0.00    0.00    0.00    0.00    0.00   -0.65   -0.31    3.49   -2.62    3.60   33.83
G-C     0.00    0.00    0.00    0.00    0.00    0.00   -0.04    2.31    3.12    0.02  -16.91   43.95
G-C     0.00    0.00    0.00    0.00    0.00    0.00    0.14    0.95    3.27    2.37   -0.01   31.25
A-T     0.00    0.00    0.00    0.00    0.00    0.00   -0.53    0.98    3.36   -5.63    1.62   38.47
A-T     0.00    0.00    0.00    0.00    0.00    0.00   -0.07   -0.30    3.27   -3.20   11.12   29.28
A-T     0.00    0.00    0.00    0.00    0.00    0.00   -0.22    0.05    3.36   -4.92    4.91   37.83
C-G     0.00    0.00    0.00    0.00    0.00    0.00    0.61   -0.80    2.93    7.32    5.03   27.09
T-A     0.00    0.00    0.00    0.00    0.00    0.00    0.81    0.19    3.46   -0.13    8.99   37.79
G-C     0.00    0.00    0.00    0.00    0.00    0.00   -0.91    0.44    3.61   -3.93   11.18   35.35
C-G     0.00    0.00    0.00    0.00    0.00    0.00   -0.47    0.68    3.35   -3.09  -11.01   44.31
T-A     0.00    0.00    0.00    0.00    0.00    0.00    0.20    0.30    3.26    3.56   -3.39   35.24
C-G     0.00    0.00    0.00    0.00    0.00    0.00    0.03    1.56    2.86    4.32   -8.69   41.80
C-G     0.00    0.00    0.00    0.00    0.00    0.00    0.25    0.21    3.43   -1.88    7.25   32.80
A-T     0.00    0.00    0.00    0.00    0.00    0.00    0.03    1.48    3.39   -6.64   -8.72   45.58
T-A     0.00    0.00    0.00    0.00    0.00    0.00    0.48   -0.88    3.25    6.78    4.48   25.83
C-G     0.00    0.00    0.00    0.00    0.00    0.00    0.47    0.22    3.42    5.49   10.28   36.84
A-T     0.00    0.00    0.00    0.00    0.00    0.00   -0.05   -0.09    3.56    0.79   17.98   30.55
A-T     0.00    0.00    0.00    0.00    0.00    0.00   -0.17    1.05    3.67   -3.70    4.11   45.43
A-T     0.00    0.00    0.00    0.00    0.00    0.00   -0.23   -0.02    2.99   -2.11   -0.22   34.25
A-T     0.00    0.00    0.00    0.00    0.00    0.00   -0.39   -0.33    3.22   -6.07   -1.57   38.12
G-C     0.00    0.00    0.00    0.00    0.00    0.00   -0.69    0.20    3.68   -3.70   -7.69   32.72
G-C     0.00    0.00    0.00    0.00    0.00    0.00   -0.20    1.02    3.71   -6.22  -31.11   42.33
C-G     0.00    0.00    0.00    0.00    0.00    0.00    0.80   -0.78    3.79    4.33  -12.01   29.50
A-T     0.00    0.00    0.00    0.00    0.00    0.00    0.25    1.19    3.50    7.63   -3.54   43.33
T-A     0.00    0.00    0.00    0.00    0.00    0.00    0.22   -0.34    3.81    3.40   22.03   26.79
G-C     0.00    0.00    0.00    0.00    0.00    0.00   -0.10    0.92    3.62   -3.12    9.06   38.37
T-A     0.00    0.00    0.00    0.00    0.00    0.00   -0.67   -0.71    3.34   -2.24    6.25   24.04
T-A     0.00    0.00    0.00    0.00    0.00    0.00    0.45    0.49    3.18    4.67    2.16   38.22
C-G     0.00    0.00    0.00    0.00    0.00    0.00    0.54    0.31    3.17    4.31    7.82   31.79
A-T     0.00    0.00    0.00    0.00    0.00    0.00   -0.31    1.65    3.78   -1.36   -1.64   45.65
G-C     0.00    0.00    0.00    0.00    0.00    0.00    0.30    1.07    3.37    2.83   -6.52   34.27
C-G     0.00    0.00    0.00    0.00    0.00    0.00   -0.23    0.83    3.29   -4.68   -4.55   40.91
T-A     0.00    0.00    0.00    0.00    0.00    0.00    0.13    0.29    3.33    3.66    5.00   31.45
G-C     0.00    0.00    0.00    0.00    0.00    0.00    0.61    1.91    3.13   -0.15   -4.29   42.74
A-T     0.00    0.00    0.00    0.00    0.00    0.00   -0.30   -0.56    3.47   -5.60   12.69   26.33
A-T     0.00    0.00    0.00    0.00    0.00    0.00   -0.55    0.15    3.17    0.37    2.36   39.78
T-A     0.00    0.00    0.00    0.00    0.00    0.00    0.21   -1.28    3.29    0.00    9.59   25.12
T-A     0.00    0.00    0.00    0.00    0.00    0.00    0.26    0.21    3.21    3.70    6.59   36.82
C-G     0.00    0.00    0.00    0.00    0.00    0.00   -0.35   -0.18    3.28    2.24    7.17   26.98
A-T     0.00    0.00    0.00    0.00    0.00    0.00   -0.37    2.00    3.59   -2.90   -0.88   45.45
G-C     0.00    0.00    0.00    0.00    0.00    0.00    0.39    0.61    3.13    0.82   -2.89   32.21
C-G     0.00    0.00    0.00    0.00    0.00    0.00   -0.12    1.20    3.50   -4.00   -8.53   44.55
T-A     0.00    0.00    0.00    0.00    0.00    0.00    0.22    1.12    3.46    2.09   -2.87   35.13
G-C     0.00    0.00    0.00    0.00    0.00    0.00   -0.14    1.32    3.29   -0.77    2.01   40.64
A-T     0.00    0.00    0.00    0.00    0.00    0.00   -0.53   -0.26    3.35   -2.02   11.42   28.50
A-T     0.00    0.00    0.00    0.00    0.00    0.00    0.27    0.51    3.07    1.12    2.17   38.36
C-G     0.00    0.00    0.00    0.00    0.00    0.00    0.11   -0.83    3.51   -0.70   11.72   25.22
A-T     0.00    0.00    0.00    0.00    0.00    0.00   -0.34    0.72    3.44    2.85    5.29   40.05
T-A     0.00    0.00    0.00    0.00    0.00    0.00    0.64   -0.72    3.31    0.16    7.33   23.52
G-C     0.00    0.00    0.00    0.00    0.00    0.00    0.02    0.94    3.33   -1.87   -0.07   40.46
C-G     0.00    0.00    0.00    0.00    0.00    0.00   -0.59   -0.22    3.44    0.21   -6.13   32.74
C-G     0.00    0.00    0.00    0.00    0.00    0.00   -0.09    2.01    3.89    0.59  -13.65   51.71
T-A     0.00    0.00    0.00    0.00    0.00    0.00    0.23    1.20    3.31    1.16   -5.79   35.70
T-A     0.00    0.00    0.00    0.00    0.00    0.00    0.06    0.30    3.06   -2.40    2.07   35.61
T-A     0.00    0.00    0.00    0.00    0.00    0.00    0.38   -0.17    3.31    0.72   11.09   28.13
T-A     0.00    0.00    0.00    0.00    0.00    0.00   -0.18    0.38    3.54    3.43   14.21   35.80
G-C     0.00    0.00    0.00    0.00    0.00    0.00    0.11   -1.11    3.56    1.59   17.76   21.95
A-T     0.00    0.00    0.00    0.00    0.00    0.00   -0.04   -0.01    3.13   -5.46    9.00   33.71
T-A     0.00    0.00    0.00    0.00    0.00    0.00   -0.18   -1.03    3.21   -4.84    5.73   21.87
G-C     0.00    0.00    0.00    0.00    0.00    0.00    0.03    1.34    3.26    5.29   -3.68   43.50
G-C     0.00    0.00    0.00    0.00    0.00    0.00    0.13   -0.03    3.36   -0.51    2.05   31.28
A-T     0.00    0.00    0.00    0.00    0.00    0.00    0.00    1.40    3.24   -0.53   -3.03   44.15
G-C     0.00    0.00    0.00    0.00    0.00    0.00    0.01    0.21    3.04   -4.19   -7.97   32.25
C-G     0.00    0.00    0.00    0.00    0.00    0.00    0.46    0.49    3.52   -0.46   -5.03   40.23
A-T     0.00    0.00    0.00    0.00    0.00    0.00    0.50    0.18    3.57    6.03    5.41   32.86
G-C     0.00    0.00    0.00    0.00    0.00    0.00   -1.26    0.08    3.52   -3.81   12.19   38.35
T-A     0.00    0.00    0.00    0.00    0.00    0.00   -0.80   -0.89    3.24   -3.64    8.72   28.28
T-A     0.00    0.00    0.00    0.00    0.00    0.00   -0.47    0.32    3.13   -0.32    3.93   37.90
T-A     0.00    0.00    0.00    0.00    0.00    0.00    0.69   -0.45    3.23    3.36    5.94   25.82
C-G     0.00    0.00    0.00    0.00    0.00    0.00    1.05    1.26    3.12    4.78    5.32   40.81
C-G     0.00    0.00    0.00    0.00    0.00    0.00   -0.65    1.01    3.36   -6.03   -1.01   32.78
A-T     0.00    0.00    0.00    0.00    0.00    0.00   -0.14    2.23    3.17    5.00  -11.35   44.68
A-T     0.00    0.00    0.00    0.00    0.00    0.00    0.35   -0.46    3.29   -0.66   -1.16   30.92
A-T     0.00    0.00    0.00    0.00    0.00    0.00   -0.68   -0.21    3.59   -0.40    3.55   41.42
T-A     0.00    0.00    0.00    0.00    0.00    0.00   -0.02   -0.66    3.17   -0.87   -2.09   31.11
A-T     0.00    0.00    0.00    0.00    0.00    0.00   -0.36   -0.30    3.13   -9.53    1.40   33.85
C-G     0.00    0.00    0.00    0.00    0.00    0.00    0.31   -1.04    3.14    1.32    5.30   27.28
A-T     0.00    0.00    0.00    0.00    0.00    0.00    0.44   -0.21    3.55    4.91   10.42   39.71
C-G     0.00    0.00    0.00    0.00    0.00    0.00    0.28   -0.48    3.65    0.56    7.97   33.24
T-A     0.00    0.00    0.00    0.00    0.00    0.00   -0.13    0.04    3.29    0.65    5.13   37.77
T-A     0.00    0.00    0.00    0.00    0.00    0.00   -0.37   -0.49    3.21   -6.87   -2.64   29.06
T-A     0.00    0.00    0.00    0.00    0.00    0.00   -0.17    0.22    3.16    3.73   -1.46   40.55
T-A     0.00    0.00    0.00    0.00    0.00    0.00   -0.71    0.06    3.48   -1.25   -3.17   34.71
G-C     0.00    0.00    0.00    0.00    0.00    0.00   -0.40    2.48    3.26   -2.17   -6.56   43.64
G-C     0.00    0.00    0.00    0.00    0.00    0.00    0.58    0.21    2.83   -6.78    2.98   25.45
T-A     0.00    0.00    0.00    0.00    0.00    0.00   -0.61   -0.09    3.19   -2.07    9.56   33.89
A-T     0.00    0.00    0.00    0.00    0.00    0.00   -0.03   -0.28    3.42    7.06    8.87   31.05
G-C     0.00    0.00    0.00    0.00    0.00    0.00    0.15    0.17    3.42    0.67   17.57   31.66
A-T     0.00    0.00    0.00    0.00    0.00    0.00   -0.15   -0.43    3.08   -8.09    9.57   26.17
A-T     0.00    0.00    0.00    0.00    0.00    0.00    0.28   -0.88    3.11   -3.65    2.91   33.29
T-A     0.00    0.00    0.00    0.00    0.00    0.00    0.49   -0.98    3.31   -1.68   -9.15   32.89
C-G     0.00    0.00    0.00    0.00    0.00    0.00   -0.50   -0.55    3.41    2.30   -0.71   39.53
T-A     0.00    0.00    0.00    0.00    0.00    0.00   -0.44   -0.20    3.35   -4.06   -4.35   33.17
G-C     0.00    0.00    0.00    0.00    0.00    0.00   -0.22    1.83    3.09    2.73   -4.41   42.95
C-G     0.00    0.00    0.00    0.00    0.00    0.00   -0.17    0.99    3.17    1.66   -3.62   34.59
A-T     0.00    0.00    0.00    0.00    0.00    0.00    0.57    2.42    3.16    3.45   -1.29   41.82
G-C     0.00    0.00    0.00    0.00    0.00    0.00    0.46    0.80    3.11   -5.84    9.68   30.83
G-C     0.00    0.00    0.00    0.00    0.00    0.00   -0.84   -0.52    3.29   -2.29   15.48   30.56
T-A     0.00    0.00    0.00    0.00    0.00    0.00   -0.19   -0.36    3.51    1.15    5.19   33.01
G-C     0.00    0.00    0.00    0.00    0.00    0.00    0.02    0.08    3.57    0.23   12.80   33.72
G-C     0.00    0.00    0.00    0.00    0.00    0.00    0.34    0.07    2.98   -1.05    1.71   30.66
A-T     0.00    0.00    0.00    0.00    0.00    0.00   -0.14   -0.37    3.14   -2.08    6.64   35.51
T-A     0.00    0.00    0.00    0.00    0.00    0.00   -0.30   -0.51    3.40   -2.09   -5.37   33.84
A-T     0.00    0.00    0.00    0.00    0.00    0.00   -0.33   -0.23    3.50    2.58   -1.91   38.54
T-A     0.00    0.00    0.00    0.00    0.00    0.00   -0.26   -0.77    3.45   -6.45   -3.20   32.84
T-A     0.00    0.00    0.00    0.00    0.00    0.00    0.37    0.39    3.06    6.27    0.82   36.97
G-C     0.00    0.00    0.00    0.00    0.00    0.00   -0.03   -0.18    3.29    0.29    5.02   33.52
A-T     0.00    0.00    0.00    0.00    0.00    0.00    0.04   -0.18    3.35    0.62    5.25   34.39
T-A     0.00    0.00    0.00    0.00    0.00    0.00    0.50   -0.58    3.27   -2.75   -0.93   32.67
