 146 base-pairs
   0  ***local base-pair & step parameters***
       Shear  Stretch  Stagger Buckle Prop-Tw Opening   Shift  Slide    Rise    Tilt    Roll   Twist
A-T     0.00    0.00    0.00    0.00    0.00    0.00    0.00    0.00    0.00    0.00    0.00    0.00
T-A     0.00    0.00    0.00    0.00    0.00    0.00   -0.90   -0.77    3.21   -1.94    2.11   32.97
C-G     0.00    0.00    0.00    0.00    0.00    0.00    0.66   -0.09    3.03    2.49   -2.68   36.15
A-T     0.00    0.00    0.00    0.00    0.00    0.00   -0.22    0.36    3.41   -2.52    9.81   36.98
A-T     0.00    0.00    0.00    0.00    0.00    0.00   -0.09    0.72    3.12   -1.85   -4.03   35.76
T-A     0.00    0.00    0.00    0.00    0.00    0.00    0.03   -0.84    3.23    3.35    0.91   34.90
A-T     0.00    0.00    0.00    0.00    0.00    0.00   -0.02   -0.55    3.52   -2.26   -5.33   39.42
T-A     0.00    0.00    0.00    0.00    0.00    0.00    0.35   -0.43    3.27    7.65   -1.86   36.28
C-G     0.00    0.00    0.00    0.00    0.00    0.00    0.72   -0.26    3.25   -3.68    1.80   30.51
C-G     0.00    0.00    0.00    0.00    0.00    0.00   -0.71    0.21    3.16    1.08    6.69   28.69
A-T     0.00    0.00    0.00    0.00    0.00    0.00   -0.11    0.10    3.46    0.46    5.81   32.49
C-G     0.00    0.00    0.00    0.00    0.00    0.00   -0.25   -0.26    3.48   -2.49   11.02   32.87
C-G     0.00    0.00    0.00    0.00    0.00    0.00    0.31   -0.58    3.30   -1.44    6.44   31.66
T-A     0.00    0.00    0.00    0.00    0.00    0.00   -0.32    0.18    3.45    0.91   11.08   31.89
G-C     0.00    0.00    0.00    0.00    0.00    0.00   -0.11    1.32    3.29   -3.84   -6.98   39.45
C-G     0.00    0.00    0.00    0.00    0.00    0.00    0.11    0.35    3.53   -0.01    2.60   37.90
A-T     0.00    0.00    0.00    0.00    0.00    0.00   -0.25    1.38    3.23   -1.33  -17.81   42.67
G-C     0.00    0.00    0.00    0.00    0.00    0.00    0.67   -0.04    3.19    6.21   -1.28   34.45
A-T     0.00    0.00    0.00    0.00    0.00    0.00    0.03   -0.33    3.36   -1.72   -5.37   38.12
T-A     0.00    0.00    0.00    0.00    0.00    0.00    0.07   -0.34    3.13    4.64   -2.48   35.89
T-A     0.00    0.00    0.00    0.00    0.00    0.00    0.15   -1.15    3.03    2.18   -0.56   29.24
C-G     0.00    0.00    0.00    0.00    0.00    0.00   -0.33   -0.48    3.16    5.61   13.12   26.16
T-A     0.00    0.00    0.00    0.00    0.00    0.00   -0.16    0.06    3.71   -0.26   12.06   32.53
A-T     0.00    0.00    0.00    0.00    0.00    0.00    1.27    0.17    3.47   -0.20   19.62   29.82
C-G     0.00    0.00    0.00    0.00    0.00    0.00   -0.13   -0.04    2.89   -5.06    5.23   31.93
C-G     0.00    0.00    0.00    0.00    0.00    0.00   -0.28    0.25    3.03    4.44    7.93   30.05
A-T     0.00    0.00    0.00    0.00    0.00    0.00    0.22    2.20    3.03    3.06  -15.91   42.70
A-T     0.00    0.00    0.00    0.00    0.00    0.00    0.67    0.32    3.54    1.15    3.78   37.03
A-T     0.00    0.00    0.00    0.00    0.00    0.00    0.20    0.14    3.33   -2.47   -7.98   41.47
A-T     0.00    0.00    0.00    0.00    0.00    0.00    0.38   -0.63    3.28   -0.30    2.75   32.76
G-C     0.00    0.00    0.00    0.00    0.00    0.00   -0.43   -0.77    3.47   -0.92   -1.26   34.27
T-A     0.00    0.00    0.00    0.00    0.00    0.00    0.42   -0.31    3.28    7.75    0.69   29.96
G-C     0.00    0.00    0.00    0.00    0.00    0.00    0.25   -0.11    3.45   -1.99   10.67   32.69
T-A     0.00    0.00    0.00    0.00    0.00    0.00   -0.56   -0.73    3.17    0.02   17.44   26.56
A-T     0.00    0.00    0.00    0.00    0.00    0.00   -0.28   -0.45    3.48   -4.15    1.40   38.96
T-A     0.00    0.00    0.00    0.00    0.00    0.00    0.52   -1.01    3.57    0.82    1.89   33.24
T-A     0.00    0.00    0.00    0.00    0.00    0.00    0.46   -0.39    3.15    0.99   -7.68   38.61
T-A     0.00    0.00    0.00    0.00    0.00    0.00   -0.75   -0.34    3.49   -2.97    2.76   33.72
G-C     0.00    0.00    0.00    0.00    0.00    0.00    0.09    2.35    3.13    0.40  -15.97   44.12
G-C     0.00    0.00    0.00    0.00    0.00    0.00   -0.02    0.90    3.26    1.96   -1.02   31.03
A-T     0.00    0.00    0.00    0.00    0.00    0.00   -0.35    1.05    3.36   -5.20    2.68   38.73
A-T     0.00    0.00    0.00    0.00    0.00    0.00   -0.28   -0.37    3.26   -3.63   10.03   28.98
A-T     0.00    0.00    0.00    0.00    0.00    0.00    0.00    0.14    3.36   -4.49    6.00   38.16
C-G     0.00    0.00    0.00    0.00    0.00    0.00    0.38   -0.89    2.93    6.90    3.97   26.73
T-A     0.00    0.00    0.00    0.00    0.00    0.00    1.05    0.29    3.46    0.27   10.01   38.17
G-C     0.00    0.00    0.00    0.00    0.00    0.00   -1.14    0.34    3.60   -4.29   10.23   34.97
C-G     0.00    0.00    0.00    0.00    0.00    0.00   -0.24    0.78    3.35   -2.76  -10.16   44.70
T-A     0.00    0.00    0.00    0.00    0.00    0.00   -0.02    0.20    3.26    3.28   -4.13   34.86
C-G     0.00    0.00    0.00    0.00    0.00    0.00    0.24    1.65    2.86    4.54   -8.08   42.16
C-G     0.00    0.00    0.00    0.00    0.00    0.00    0.07    0.12    3.43   -2.04    6.78   32.47
A-T     0.00    0.00    0.00    0.00    0.00    0.00    0.19    1.56    3.39   -6.54   -8.41   45.87
T-A     0.00    0.00    0.00    0.00    0.00    0.00    0.35   -0.95    3.25    6.75    4.33   25.58
C-G     0.00    0.00    0.00    0.00    0.00    0.00    0.56    0.28    3.41    5.46   10.27   37.05
A-T     0.00    0.00    0.00    0.00    0.00    0.00   -0.12   -0.13    3.56    0.89   18.16   30.39
A-T     0.00    0.00    0.00    0.00    0.00    0.00   -0.14    1.08    3.67   -3.86    3.77   45.53
A-T     0.00    0.00    0.00    0.00    0.00    0.00   -0.22   -0.04    3.00   -1.89    0.27   34.20
A-T     0.00    0.00    0.00    0.00    0.00    0.00   -0.43   -0.32    3.21   -6.34   -2.20   38.10
G-C     0.00    0.00    0.00    0.00    0.00    0.00   -0.61    0.21    3.68   -3.38   -6.92   32.79
G-C     0.00    0.00    0.00    0.00    0.00    0.00   -0.31    0.99    3.70   -6.58  -31.98   42.21
C-G     0.00    0.00    0.00    0.00    0.00    0.00    0.94   -0.74    3.80    4.72  -11.05   29.68
A-T     0.00    0.00    0.00    0.00    0.00    0.00    0.09    1.13    3.49    7.21   -4.57   43.10
T-A     0.00    0.00    0.00    0.00    0.00    0.00    0.41   -0.28    3.82    3.83   23.10   27.06
G-C     0.00    0.00    0.00    0.00    0.00    0.00   -0.31    0.85    3.61   -3.56    7.97   38.06
T-A     0.00    0.00    0.00    0.00    0.00    0.00   -0.44   -0.63    3.34   -1.81    7.33   24.39
T-A     0.00    0.00    0.00    0.00    0.00    0.00    0.22    0.40    3.17    4.25    1.11   37.86
C-G     0.00    0.00    0.00    0.00    0.00    0.00    0.77    0.41    3.18    4.70    8.82   32.17
A-T     0.00    0.00    0.00    0.00    0.00    0.00   -0.55    1.55    3.78   -1.71   -2.56   45.26
G-C     0.00    0.00    0.00    0.00    0.00    0.00    0.52    1.17    3.37    3.14   -5.69   34.66
C-G     0.00    0.00    0.00    0.00    0.00    0.00   -0.44    0.74    3.29   -4.94   -5.25   40.54
T-A     0.00    0.00    0.00    0.00    0.00    0.00    0.32    0.38    3.33    3.87    5.57   31.80
G-C     0.00    0.00    0.00    0.00    0.00    0.00    0.44    1.82    3.13   -0.30   -4.72   42.41
A-T     0.00    0.00    0.00    0.00    0.00    0.00   -0.15   -0.48    3.47   -5.52   12.96   26.62
A-T     0.00    0.00    0.00    0.00    0.00    0.00   -0.68    0.08    3.17    0.36    2.26   39.54
T-A     0.00    0.00    0.00    0.00    0.00    0.00    0.30   -1.22    3.29   -0.05    9.52   25.31
T-A     0.00    0.00    0.00    0.00    0.00    0.00    0.20    0.17    3.21    3.81    6.81   36.67
C-G     0.00    0.00    0.00    0.00    0.00    0.00   -0.33   -0.15    3.27    2.06    6.79   27.07
A-T     0.00    0.00    0.00    0.00    0.00    0.00   -0.35    1.99    3.59   -2.66   -0.35   45.42
G-C     0.00    0.00    0.00    0.00    0.00    0.00    0.33    0.61    3.12    0.53   -3.56   32.17
C-G     0.00    0.00    0.00    0.00    0.00    0.00   -0.03    1.22    3.50   -3.66   -7.73   44.64
T-A     0.00    0.00    0.00    0.00    0.00    0.00    0.10    1.09    3.46    1.72   -3.77   34.99
G-C     0.00    0.00    0.00    0.00    0.00    0.00    0.00    1.37    3.29   -0.36    3.00   40.84
A-T     0.00    0.00    0.00    0.00    0.00    0.00   -0.70   -0.32    3.34   -2.45   10.38   28.25
A-T     0.00    0.00    0.00    0.00    0.00    0.00    0.47    0.58    3.08    1.55    3.25   38.65
C-G     0.00    0.00    0.00    0.00    0.00    0.00   -0.10   -0.91    3.51   -1.14   10.63   24.90
A-T     0.00    0.00    0.00    0.00    0.00    0.00   -0.11    0.80    3.45    3.28    6.37   40.40
T-A     0.00    0.00    0.00    0.00    0.00    0.00    0.40   -0.81    3.31   -0.25    6.29   23.15
G-C     0.00    0.00    0.00    0.00    0.00    0.00    0.25    1.04    3.33   -1.49    0.91   40.84
C-G     0.00    0.00    0.00    0.00    0.00    0.00   -0.83   -0.32    3.43   -0.13   -7.03   32.36
C-G     0.00    0.00    0.00    0.00    0.00    0.00    0.13    2.11    3.89    0.89  -12.86   52.10
T-A     0.00    0.00    0.00    0.00    0.00    0.00    0.02    1.10    3.30    0.91   -6.45   35.33
T-A     0.00    0.00    0.00    0.00    0.00    0.00    0.26    0.39    3.06   -2.21    2.60   35.95
T-A     0.00    0.00    0.00    0.00    0.00    0.00    0.21   -0.25    3.31    0.59   10.72   27.82
T-A     0.00    0.00    0.00    0.00    0.00    0.00   -0.03    0.45    3.54    3.49   14.43   36.07
G-C     0.00    0.00    0.00    0.00    0.00    0.00    0.00   -1.18    3.56    1.59   17.71   21.72
A-T     0.00    0.00    0.00    0.00    0.00    0.00    0.04    0.04    3.13   -5.53    8.89   33.89
T-A     0.00    0.00    0.00    0.00    0.00    0.00   -0.22   -1.07    3.21   -4.70    6.00   21.74
G-C     0.00    0.00    0.00    0.00    0.00    0.00    0.04    1.36    3.25    5.09   -4.11   43.57
G-C     0.00    0.00    0.00    0.00    0.00    0.00    0.16   -0.04    3.36   -0.26    2.63   31.27
A-T     0.00    0.00    0.00    0.00    0.00    0.00   -0.06    1.40    3.24   -0.84   -3.74   44.11
G-C     0.00    0.00    0.00    0.00    0.00    0.00    0.11    0.23    3.05   -3.85   -7.15   32.36
C-G     0.00    0.00    0.00    0.00    0.00    0.00    0.33    0.45    3.51   -0.84   -5.96   40.07
A-T     0.00    0.00    0.00    0.00    0.00    0.00    0.65    0.23    3.57    6.45    6.41   33.07
G-C     0.00    0.00    0.00    0.00    0.00    0.00   -1.44    0.02    3.52   -4.24   11.13   38.09
T-A     0.00    0.00    0.00    0.00    0.00    0.00   -0.60   -0.82    3.24   -3.20    9.80   28.58
T-A     0.00    0.00    0.00    0.00    0.00    0.00   -0.69    0.24    3.12   -0.76    2.84   37.57
T-A     0.00    0.00    0.00    0.00    0.00    0.00    0.92   -0.36    3.24    3.78    7.01   26.18
C-G     0.00    0.00    0.00    0.00    0.00    0.00    0.81    1.17    3.12    4.38    4.29   40.43
C-G     0.00    0.00    0.00    0.00    0.00    0.00   -0.42    1.10    3.36   -5.66   -0.05   33.16
A-T     0.00    0.00    0.00    0.00    0.00    0.00   -0.37    2.13    3.16    4.67  -12.22   44.29
A-T     0.00    0.00    0.00    0.00    0.00    0.00    0.57   -0.36    3.29   -0.37   -0.41   31.30
A-T     0.00    0.00    0.00    0.00    0.00    0.00   -0.89   -0.31    3.59   -0.63    2.92   41.06
T-A     0.00    0.00    0.00    0.00    0.00    0.00    0.17   -0.57    3.17   -0.70   -1.61   31.45
A-T     0.00    0.00    0.00    0.00    0.00    0.00   -0.52   -0.38    3.13   -9.63    1.06   33.54
C-G     0.00    0.00    0.00    0.00    0.00    0.00    0.45   -0.97    3.13    1.36    5.47   27.54
A-T     0.00    0.00    0.00    0.00    0.00    0.00    0.33   -0.26    3.56    4.94   10.41   39.50
C-G     0.00    0.00    0.00    0.00    0.00    0.00    0.34   -0.43    3.64    0.47    7.81   33.40
T-A     0.00    0.00    0.00    0.00    0.00    0.00   -0.16    0.00    3.29    0.81    5.45   37.66
T-A     0.00    0.00    0.00    0.00    0.00    0.00   -0.37   -0.47    3.21   -7.08   -3.11   29.11
T-A     0.00    0.00    0.00    0.00    0.00    0.00   -0.13    0.21    3.17    4.00   -0.84   40.56
T-A     0.00    0.00    0.00    0.00    0.00    0.00   -0.79    0.05    3.47   -1.56   -3.92   34.65
G-C     0.00    0.00    0.00    0.00    0.00    0.00   -0.29    2.51    3.27   -1.82   -5.70   43.76
G-C     0.00    0.00    0.00    0.00    0.00    0.00    0.44    0.18    2.82   -7.17    2.03   25.27
T-A     0.00    0.00    0.00    0.00    0.00    0.00   -0.45   -0.04    3.20   -1.65   10.58   34.12
A-T     0.00    0.00    0.00    0.00    0.00    0.00   -0.22   -0.34    3.42    6.62    7.81   30.79
G-C     0.00    0.00    0.00    0.00    0.00    0.00    0.36    0.24    3.43    1.10   18.66   31.96
A-T     0.00    0.00    0.00    0.00    0.00    0.00   -0.37   -0.52    3.08   -8.52    8.48   25.83
A-T     0.00    0.00    0.00    0.00    0.00    0.00    0.51   -0.79    3.12   -3.23    3.97   33.66
T-A     0.00    0.00    0.00    0.00    0.00    0.00    0.25   -1.08    3.30   -2.07  -10.16   32.51
C-G     0.00    0.00    0.00    0.00    0.00    0.00   -0.26   -0.45    3.42    2.66    0.22   39.91
T-A     0.00    0.00    0.00    0.00    0.00    0.00   -0.67   -0.30    3.34   -4.38   -5.19   32.78
G-C     0.00    0.00    0.00    0.00    0.00    0.00    0.00    1.93    3.09    3.00   -3.68   43.32
C-G     0.00    0.00    0.00    0.00    0.00    0.00   -0.37    0.89    3.17    1.44   -4.20   34.24
A-T     0.00    0.00    0.00    0.00    0.00    0.00    0.75    2.50    3.16    3.61   -0.84   42.14
G-C     0.00    0.00    0.00    0.00    0.00    0.00    0.30    0.73    3.11   -5.93    9.40   30.54
G-C     0.00    0.00    0.00    0.00    0.00    0.00   -0.71   -0.45    3.29   -2.27   15.60   30.81
T-A     0.00    0.00    0.00    0.00    0.00    0.00   -0.29   -0.42    3.52    1.19    5.23   32.81
G-C     0.00    0.00    0.00    0.00    0.00    0.00    0.08    0.12    3.56    0.12   12.59   33.87
G-C     0.00    0.00    0.00    0.00    0.00    0.00    0.32    0.04    2.98   -0.88    2.07   30.56
A-T     0.00    0.00    0.00    0.00    0.00    0.00   -0.15   -0.35    3.13   -2.31    6.12   35.55
T-A     0.00    0.00    0.00    0.00    0.00    0.00   -0.25   -0.51    3.40   -1.81   -4.72   33.86
A-T     0.00    0.00    0.00    0.00    0.00    0.00   -0.41   -0.25    3.49    2.25   -2.69   38.46
T-A     0.00    0.00    0.00    0.00    0.00    0.00   -0.15   -0.75    3.46   -6.08   -2.31   32.98
T-A     0.00    0.00    0.00    0.00    0.00    0.00    0.23    0.34    3.06    5.87   -0.15   36.78
G-C     0.00    0.00    0.00    0.00    0.00    0.00    0.14   -0.12    3.29    0.71    6.06   33.76
A-T     0.00    0.00    0.00    0.00    0.00    0.00   -0.16   -0.25    3.35    0.19    4.17   34.11
T-A     0.00    0.00    0.00    0.00    0.00    0.00    0.71   -0.51    3.27   -2.31    0.16   32.99
