 146 base-pairs
   0  ***local base-pair & step parameters***
       Shear  Stretch  Stagger Buckle Prop-Tw Opening   Shift  Slide    Rise    Tilt    Roll   Twist
A-T     0.00    0.00    0.00    0.00    0.00    0.00    0.00    0.00    0.00    0.00    0.00    0.00
T-A     0.00    0.00    0.00    0.00    0.00    0.00   -1.31   -0.84    3.26   -4.41    1.35   31.65
C-G     0.00    0.00    0.00    0.00    0.00    0.00    1.14   -0.06    3.03    6.28   -0.05   37.10
A-T     0.00    0.00    0.00    0.00    0.00    0.00   -0.48    0.34    3.37   -5.13    8.52   35.08
A-T     0.00    0.00    0.00    0.00    0.00    0.00   -0.18    0.78    3.14   -2.60   -5.07   38.50
T-A     0.00    0.00    0.00    0.00    0.00    0.00    0.26   -1.00    3.27    6.36    3.11   32.20
A-T     0.00    0.00    0.00    0.00    0.00    0.00   -0.07   -0.31    3.45   -4.24   -7.75   41.79
T-A     0.00    0.00    0.00    0.00    0.00    0.00    0.23   -0.66    3.30    6.86    1.23   33.92
C-G     0.00    0.00    0.00    0.00    0.00    0.00    0.65   -0.12    3.27   -1.74   -2.13   32.64
C-G     0.00    0.00    0.00    0.00    0.00    0.00   -0.18    0.14    3.13    0.52    9.72   27.91
A-T     0.00    0.00    0.00    0.00    0.00    0.00   -0.90    0.16    3.46   -0.48    6.16   31.22
C-G     0.00    0.00    0.00    0.00    0.00    0.00    0.24   -0.29    3.48   -2.44    6.86   35.25
C-G     0.00    0.00    0.00    0.00    0.00    0.00    0.51   -0.64    3.33    1.32   11.90   29.96
T-A     0.00    0.00    0.00    0.00    0.00    0.00   -1.00    0.31    3.38   -3.95    7.60   32.27
G-C     0.00    0.00    0.00    0.00    0.00    0.00    0.53    1.23    3.36    0.81   -6.77   39.25
C-G     0.00    0.00    0.00    0.00    0.00    0.00   -0.15    0.29    3.51   -2.98    4.67   39.21
A-T     0.00    0.00    0.00    0.00    0.00    0.00   -0.30    1.54    3.17    0.12  -20.55   40.69
G-C     0.00    0.00    0.00    0.00    0.00    0.00    0.77   -0.15    3.30    5.60    1.11   35.32
A-T     0.00    0.00    0.00    0.00    0.00    0.00    0.02   -0.34    3.28   -1.63   -6.60   39.29
T-A     0.00    0.00    0.00    0.00    0.00    0.00    0.02   -0.32    3.11    4.74   -3.38   33.86
T-A     0.00    0.00    0.00    0.00    0.00    0.00    0.24   -1.13    3.17    2.43    2.70   30.02
C-G     0.00    0.00    0.00    0.00    0.00    0.00   -0.44   -0.46    2.97    5.11    8.96   27.52
T-A     0.00    0.00    0.00    0.00    0.00    0.00   -0.14   -0.15    3.84   -0.96   14.89   29.84
A-T     0.00    0.00    0.00    0.00    0.00    0.00    1.53    0.52    3.45    3.18   18.86   32.65
C-G     0.00    0.00    0.00    0.00    0.00    0.00   -0.70   -0.29    2.86  -10.52    5.34   29.36
C-G     0.00    0.00    0.00    0.00    0.00    0.00    0.34    0.22    3.04    9.15    6.82   32.45
A-T     0.00    0.00    0.00    0.00    0.00    0.00   -0.07    2.39    3.05    1.48  -14.18   40.88
A-T     0.00    0.00    0.00    0.00    0.00    0.00    0.54    0.27    3.57    0.13    3.39   37.60
A-T     0.00    0.00    0.00    0.00    0.00    0.00    0.45   -0.05    3.24   -1.46   -9.83   42.01
A-T     0.00    0.00    0.00    0.00    0.00    0.00    0.35   -0.40    3.35    0.22    5.19   32.32
G-C     0.00    0.00    0.00    0.00    0.00    0.00   -0.63   -0.80    3.50   -1.96   -1.87   33.67
T-A     0.00    0.00    0.00    0.00    0.00    0.00    0.57   -0.48    3.18    7.68   -0.88   30.90
G-C     0.00    0.00    0.00    0.00    0.00    0.00    0.37    0.03    3.54   -1.23   12.31   33.18
T-A     0.00    0.00    0.00    0.00    0.00    0.00   -0.81   -0.73    3.13    0.70   17.87   23.80
A-T     0.00    0.00    0.00    0.00    0.00    0.00   -0.18   -0.44    3.51   -7.41   -1.00   42.80
T-A     0.00    0.00    0.00    0.00    0.00    0.00    0.69   -1.19    3.49    5.29    4.48   30.33
T-A     0.00    0.00    0.00    0.00    0.00    0.00    0.15   -0.09    3.23   -2.58   -9.41   39.92
T-A     0.00    0.00    0.00    0.00    0.00    0.00   -0.44   -0.49    3.48   -0.66    4.26   32.86
G-C     0.00    0.00    0.00    0.00    0.00    0.00   -0.24    2.29    3.05   -1.98  -18.19   45.86
G-C     0.00    0.00    0.00    0.00    0.00    0.00    0.42    0.99    3.28    5.06    1.40   28.67
A-T     0.00    0.00    0.00    0.00    0.00    0.00   -0.81    1.11    3.50   -7.66    1.86   39.98
A-T     0.00    0.00    0.00    0.00    0.00    0.00    0.00   -0.52    3.04   -3.52    8.11   30.26
A-T     0.00    0.00    0.00    0.00    0.00    0.00    0.01    0.14    3.47   -2.54    9.80   34.80
C-G     0.00    0.00    0.00    0.00    0.00    0.00    0.25   -0.68    3.02    4.98    0.50   30.15
T-A     0.00    0.00    0.00    0.00    0.00    0.00    1.14    0.10    3.30    0.76   11.31   36.65
G-C     0.00    0.00    0.00    0.00    0.00    0.00   -1.27    0.27    3.65   -4.27   11.40   34.11
C-G     0.00    0.00    0.00    0.00    0.00    0.00    0.16    1.05    3.43   -1.29  -12.81   46.87
T-A     0.00    0.00    0.00    0.00    0.00    0.00   -0.74    0.05    3.21   -0.28   -1.35   32.97
C-G     0.00    0.00    0.00    0.00    0.00    0.00    0.95    1.53    2.77    8.62   -9.97   42.75
C-G     0.00    0.00    0.00    0.00    0.00    0.00   -0.19    0.37    3.57   -4.44    7.29   33.21
A-T     0.00    0.00    0.00    0.00    0.00    0.00   -0.11    1.44    3.36   -6.73   -7.27   44.41
T-A     0.00    0.00    0.00    0.00    0.00    0.00    0.85   -0.98    3.16    8.75    1.35   27.21
C-G     0.00    0.00    0.00    0.00    0.00    0.00    0.38    0.25    3.49    3.21   14.94   35.47
A-T     0.00    0.00    0.00    0.00    0.00    0.00   -0.46    0.09    3.62    2.05   13.03   31.81
A-T     0.00    0.00    0.00    0.00    0.00    0.00    0.47    0.81    3.55   -3.49    6.98   44.48
A-T     0.00    0.00    0.00    0.00    0.00    0.00   -0.65    0.10    3.05   -3.10    1.10   34.84
A-T     0.00    0.00    0.00    0.00    0.00    0.00   -0.45   -0.32    3.24   -5.69   -6.66   37.40
G-C     0.00    0.00    0.00    0.00    0.00    0.00   -0.27    0.26    3.74   -2.80   -2.30   34.36
G-C     0.00    0.00    0.00    0.00    0.00    0.00   -0.64    0.80    3.46   -7.22  -32.78   39.61
C-G     0.00    0.00    0.00    0.00    0.00    0.00    0.94   -0.52    4.10    3.15  -14.98   32.21
A-T     0.00    0.00    0.00    0.00    0.00    0.00    0.47    1.07    3.34   11.81    0.89   42.21
T-A     0.00    0.00    0.00    0.00    0.00    0.00   -0.18   -0.37    3.75   -1.73   20.36   25.83
G-C     0.00    0.00    0.00    0.00    0.00    0.00    0.24    0.93    3.72   -0.28    6.59   40.25
T-A     0.00    0.00    0.00    0.00    0.00    0.00   -0.81   -0.62    3.37   -1.65   10.78   22.64
T-A     0.00    0.00    0.00    0.00    0.00    0.00    0.43    0.41    3.02    2.61   -2.00   39.26
C-G     0.00    0.00    0.00    0.00    0.00    0.00    0.67    0.21    3.28    5.32   11.52   29.59
A-T     0.00    0.00    0.00    0.00    0.00    0.00   -0.59    1.88    3.83   -1.22   -6.16   49.79
G-C     0.00    0.00    0.00    0.00    0.00    0.00    0.79    0.91    3.26    3.49   -1.53   29.76
C-G     0.00    0.00    0.00    0.00    0.00    0.00   -0.91    0.79    3.30   -7.06   -7.39   43.04
T-A     0.00    0.00    0.00    0.00    0.00    0.00    0.82    0.46    3.44    6.08    3.74   32.78
G-C     0.00    0.00    0.00    0.00    0.00    0.00    0.08    1.77    3.04   -0.38   -0.46   39.82
A-T     0.00    0.00    0.00    0.00    0.00    0.00    0.08   -0.55    3.43   -7.40   10.20   27.90
A-T     0.00    0.00    0.00    0.00    0.00    0.00   -0.85    0.24    3.32    1.94    1.23   40.64
T-A     0.00    0.00    0.00    0.00    0.00    0.00    0.41   -1.40    3.15   -0.12   12.87   23.28
T-A     0.00    0.00    0.00    0.00    0.00    0.00    0.29    0.33    3.26    3.97    4.23   37.71
C-G     0.00    0.00    0.00    0.00    0.00    0.00   -0.67   -0.28    3.28   -0.44    7.41   27.33
A-T     0.00    0.00    0.00    0.00    0.00    0.00    0.01    2.04    3.58    1.84   -0.30   44.92
G-C     0.00    0.00    0.00    0.00    0.00    0.00    0.28    0.62    3.14   -3.07   -3.06   32.22
C-G     0.00    0.00    0.00    0.00    0.00    0.00   -0.33    1.21    3.48   -3.00   -8.06   44.68
T-A     0.00    0.00    0.00    0.00    0.00    0.00    0.39    1.05    3.48    2.80   -4.99   35.30
G-C     0.00    0.00    0.00    0.00    0.00    0.00    0.10    1.45    3.34   -0.52    5.44   40.59
A-T     0.00    0.00    0.00    0.00    0.00    0.00   -1.11   -0.35    3.19   -3.78    8.69   27.86
A-T     0.00    0.00    0.00    0.00    0.00    0.00    0.72    0.54    3.28    2.06    3.01   39.18
C-G     0.00    0.00    0.00    0.00    0.00    0.00    0.20   -0.84    3.33    1.48   11.54   25.66
A-T     0.00    0.00    0.00    0.00    0.00    0.00   -0.80    0.75    3.53   -1.87    7.05   37.75
T-A     0.00    0.00    0.00    0.00    0.00    0.00    0.99   -0.72    3.32    4.57    3.39   26.56
G-C     0.00    0.00    0.00    0.00    0.00    0.00    0.10    0.83    3.28   -3.84    4.45   38.34
C-G     0.00    0.00    0.00    0.00    0.00    0.00   -0.98   -0.04    3.48   -0.08   -9.42   33.78
C-G     0.00    0.00    0.00    0.00    0.00    0.00    0.23    1.89    3.88    1.72  -11.91   50.31
T-A     0.00    0.00    0.00    0.00    0.00    0.00    0.12    1.18    3.31    0.18   -6.72   38.53
T-A     0.00    0.00    0.00    0.00    0.00    0.00    0.07    0.38    3.04   -1.90    2.63   32.33
T-A     0.00    0.00    0.00    0.00    0.00    0.00    0.29   -0.20    3.35    1.08   10.99   29.71
T-A     0.00    0.00    0.00    0.00    0.00    0.00    0.06    0.37    3.52    2.00   14.16   36.97
G-C     0.00    0.00    0.00    0.00    0.00    0.00   -0.23   -1.20    3.50    3.41   17.24   19.03
A-T     0.00    0.00    0.00    0.00    0.00    0.00    0.40    0.20    3.26   -6.52    9.97   36.64
T-A     0.00    0.00    0.00    0.00    0.00    0.00   -0.64   -1.20    3.11   -4.49    5.93   19.70
G-C     0.00    0.00    0.00    0.00    0.00    0.00    0.27    1.29    3.24    3.86   -6.59   45.19
G-C     0.00    0.00    0.00    0.00    0.00    0.00    0.41    0.15    3.46    3.67    6.95   29.86
A-T     0.00    0.00    0.00    0.00    0.00    0.00   -0.82    1.34    3.14   -6.64   -7.10   44.93
G-C     0.00    0.00    0.00    0.00    0.00    0.00    0.99    0.01    3.04    0.94   -6.88   32.23
C-G     0.00    0.00    0.00    0.00    0.00    0.00   -0.19    0.76    3.60   -2.63   -3.92   40.28
A-T     0.00    0.00    0.00    0.00    0.00    0.00    0.67    0.12    3.49    6.19    4.75   31.90
G-C     0.00    0.00    0.00    0.00    0.00    0.00   -1.24   -0.12    3.56   -4.30   10.92   39.87
T-A     0.00    0.00    0.00    0.00    0.00    0.00   -0.70   -0.67    3.21   -2.16   10.97   27.63
T-A     0.00    0.00    0.00    0.00    0.00    0.00   -0.71    0.28    3.17   -1.08    2.33   36.84
T-A     0.00    0.00    0.00    0.00    0.00    0.00    0.84   -0.51    3.23    1.81    6.92   27.62
C-G     0.00    0.00    0.00    0.00    0.00    0.00    1.09    1.23    3.02    7.92    3.43   40.19
C-G     0.00    0.00    0.00    0.00    0.00    0.00   -0.75    1.16    3.53   -8.65    2.46   31.53
A-T     0.00    0.00    0.00    0.00    0.00    0.00   -0.18    2.14    3.05    6.32  -14.92   46.51
A-T     0.00    0.00    0.00    0.00    0.00    0.00    0.49   -0.55    3.28   -1.88    0.35   30.30
A-T     0.00    0.00    0.00    0.00    0.00    0.00   -0.73   -0.09    3.65    1.81    4.57   40.57
T-A     0.00    0.00    0.00    0.00    0.00    0.00   -0.13   -0.58    3.16   -3.16   -3.98   31.97
A-T     0.00    0.00    0.00    0.00    0.00    0.00   -0.23   -0.57    3.09   -9.02    2.26   34.35
C-G     0.00    0.00    0.00    0.00    0.00    0.00    0.30   -0.80    3.11    2.86    5.70   25.77
A-T     0.00    0.00    0.00    0.00    0.00    0.00    0.38   -0.26    3.69    3.29   10.07   40.36
C-G     0.00    0.00    0.00    0.00    0.00    0.00    0.27   -0.47    3.52    0.33    7.02   35.06
T-A     0.00    0.00    0.00    0.00    0.00    0.00   -0.09   -0.17    3.21    2.49    7.41   33.57
T-A     0.00    0.00    0.00    0.00    0.00    0.00   -0.26   -0.10    3.51   -8.53   -5.37   33.98
T-A     0.00    0.00    0.00    0.00    0.00    0.00   -0.48   -0.08    2.85    4.37    0.96   36.80
T-A     0.00    0.00    0.00    0.00    0.00    0.00   -0.51    0.06    3.59   -2.08   -5.16   36.41
G-C     0.00    0.00    0.00    0.00    0.00    0.00   -0.09    2.66    3.32    0.65   -4.72   43.61
G-C     0.00    0.00    0.00    0.00    0.00    0.00   -0.36    0.15    2.77  -11.82    1.24   24.79
T-A     0.00    0.00    0.00    0.00    0.00    0.00    0.56   -0.23    3.14    3.51   10.81   34.51
A-T     0.00    0.00    0.00    0.00    0.00    0.00   -0.87   -0.14    3.50    3.10    8.66   30.57
G-C     0.00    0.00    0.00    0.00    0.00    0.00    0.40    0.25    3.43    1.90   16.84   32.29
A-T     0.00    0.00    0.00    0.00    0.00    0.00   -0.03   -0.68    3.04   -6.96   10.16   25.21
A-T     0.00    0.00    0.00    0.00    0.00    0.00    0.23   -0.68    3.04   -5.71    3.78   34.59
T-A     0.00    0.00    0.00    0.00    0.00    0.00    0.25   -1.06    3.50   -0.34  -11.48   31.13
C-G     0.00    0.00    0.00    0.00    0.00    0.00   -0.10   -0.44    3.25    2.52    1.10   42.03
T-A     0.00    0.00    0.00    0.00    0.00    0.00   -0.67   -0.47    3.30   -5.02   -3.30   29.98
G-C     0.00    0.00    0.00    0.00    0.00    0.00   -0.35    2.17    3.30    2.47   -8.34   45.90
C-G     0.00    0.00    0.00    0.00    0.00    0.00    0.25    0.78    3.00    4.14    0.15   33.13
A-T     0.00    0.00    0.00    0.00    0.00    0.00    0.14    2.45    3.16    0.18   -1.41   41.45
G-C     0.00    0.00    0.00    0.00    0.00    0.00    0.64    0.77    3.18   -4.55    5.91   31.83
G-C     0.00    0.00    0.00    0.00    0.00    0.00   -0.72   -0.35    3.32   -0.42   19.71   30.59
T-A     0.00    0.00    0.00    0.00    0.00    0.00   -0.43   -0.61    3.38   -2.08    4.22   31.66
G-C     0.00    0.00    0.00    0.00    0.00    0.00    0.18    0.24    3.63    2.08   10.04   35.07
G-C     0.00    0.00    0.00    0.00    0.00    0.00    0.32    0.03    3.09   -0.98    5.64   30.52
A-T     0.00    0.00    0.00    0.00    0.00    0.00   -0.18   -0.28    2.96   -2.10    3.68   35.13
T-A     0.00    0.00    0.00    0.00    0.00    0.00   -0.26   -0.75    3.42   -3.71   -3.02   32.74
A-T     0.00    0.00    0.00    0.00    0.00    0.00   -0.40    0.08    3.70    4.67   -4.93   41.91
T-A     0.00    0.00    0.00    0.00    0.00    0.00   -0.08   -0.97    3.16   -6.46   -0.26   29.06
T-A     0.00    0.00    0.00    0.00    0.00    0.00    0.09    0.34    3.27    3.51    0.54   38.22
G-C     0.00    0.00    0.00    0.00    0.00    0.00    0.26    0.05    3.22    3.83    1.50   35.85
A-T     0.00    0.00    0.00    0.00    0.00    0.00   -0.25   -0.44    3.37   -1.72   10.13   30.30
T-A     0.00    0.00    0.00    0.00    0.00    0.00    0.91   -0.38    3.22   -1.08   -3.20   35.94
