 146 base-pairs
   0  ***local base-pair & step parameters***
       Shear  Stretch  Stagger Buckle Prop-Tw Opening   Shift  Slide    Rise    Tilt    Roll   Twist
A-T     0.00    0.00    0.00    0.00    0.00    0.00    0.00    0.00    0.00    0.00    0.00    0.00
T-A     0.00    0.00    0.00    0.00    0.00    0.00   -0.99   -0.88    3.16   -3.12    2.43   30.85
C-G     0.00    0.00    0.00    0.00    0.00    0.00    0.80   -0.03    3.10    3.10   -1.17   38.20
A-T     0.00    0.00    0.00    0.00    0.00    0.00   -0.40    0.32    3.35   -2.39    7.87   35.01
A-T     0.00    0.00    0.00    0.00    0.00    0.00    0.06    0.78    3.16   -2.81   -3.29   37.75
T-A     0.00    0.00    0.00    0.00    0.00    0.00    0.00   -0.94    3.21    5.06    2.39   32.80
A-T     0.00    0.00    0.00    0.00    0.00    0.00   -0.19   -0.39    3.51   -4.47   -8.92   41.55
T-A     0.00    0.00    0.00    0.00    0.00    0.00    0.72   -0.62    3.28    9.95    2.63   34.35
C-G     0.00    0.00    0.00    0.00    0.00    0.00    0.21   -0.08    3.25   -5.59   -1.82   31.90
C-G     0.00    0.00    0.00    0.00    0.00    0.00   -0.20    0.09    3.14    2.14    7.97   28.14
A-T     0.00    0.00    0.00    0.00    0.00    0.00   -0.48    0.13    3.51    0.54    7.35   32.04
C-G     0.00    0.00    0.00    0.00    0.00    0.00   -0.11   -0.19    3.42   -3.73    7.37   34.23
C-G     0.00    0.00    0.00    0.00    0.00    0.00    0.43   -0.71    3.36    0.70   10.64   29.71
T-A     0.00    0.00    0.00    0.00    0.00    0.00   -0.62    0.31    3.40   -1.70    8.01   33.97
G-C     0.00    0.00    0.00    0.00    0.00    0.00    0.27    1.25    3.30   -1.23   -6.12   37.72
C-G     0.00    0.00    0.00    0.00    0.00    0.00   -0.24    0.34    3.56   -2.26    3.96   38.94
A-T     0.00    0.00    0.00    0.00    0.00    0.00    0.00    1.45    3.16    0.42  -20.43   42.42
G-C     0.00    0.00    0.00    0.00    0.00    0.00    0.53   -0.14    3.27    4.94    1.19   34.05
A-T     0.00    0.00    0.00    0.00    0.00    0.00    0.12   -0.27    3.31   -0.86   -6.46   38.82
T-A     0.00    0.00    0.00    0.00    0.00    0.00    0.00   -0.32    3.14    4.16   -3.33   35.36
T-A     0.00    0.00    0.00    0.00    0.00    0.00    0.24   -1.27    3.07    2.18    1.95   29.19
C-G     0.00    0.00    0.00    0.00    0.00    0.00   -0.40   -0.30    3.08    6.25    9.80   27.04
T-A     0.00    0.00    0.00    0.00    0.00    0.00   -0.15   -0.15    3.80   -1.67   15.18   30.82
A-T     0.00    0.00    0.00    0.00    0.00    0.00    1.37    0.36    3.42    1.92   17.41   32.13
C-G     0.00    0.00    0.00    0.00    0.00    0.00   -0.32   -0.17    2.89   -7.56    6.28   29.44
C-G     0.00    0.00    0.00    0.00    0.00    0.00   -0.04    0.33    3.09    6.77    7.84   32.28
A-T     0.00    0.00    0.00    0.00    0.00    0.00    0.02    2.16    2.92    1.52  -16.36   41.09
A-T     0.00    0.00    0.00    0.00    0.00    0.00    0.76    0.35    3.66    1.46    4.39   37.87
A-T     0.00    0.00    0.00    0.00    0.00    0.00    0.26    0.10    3.22   -1.48   -8.54   41.34
A-T     0.00    0.00    0.00    0.00    0.00    0.00    0.18   -0.59    3.34   -2.26    3.19   32.39
G-C     0.00    0.00    0.00    0.00    0.00    0.00   -0.17   -0.81    3.46    1.33   -1.60   34.93
T-A     0.00    0.00    0.00    0.00    0.00    0.00    0.18   -0.30    3.26    5.94    0.98   29.11
G-C     0.00    0.00    0.00    0.00    0.00    0.00    0.42   -0.06    3.49   -1.22   10.37   33.77
T-A     0.00    0.00    0.00    0.00    0.00    0.00   -0.63   -0.84    3.13    0.51   17.92   25.04
A-T     0.00    0.00    0.00    0.00    0.00    0.00   -0.29   -0.29    3.50   -5.76    0.49   41.10
T-A     0.00    0.00    0.00    0.00    0.00    0.00    0.58   -1.19    3.58    3.10    3.48   30.46
T-A     0.00    0.00    0.00    0.00    0.00    0.00    0.35   -0.21    3.13   -1.42  -10.06   41.77
T-A     0.00    0.00    0.00    0.00    0.00    0.00   -0.57   -0.48    3.49   -0.87    5.67   30.68
G-C     0.00    0.00    0.00    0.00    0.00    0.00   -0.17    2.45    3.15   -1.13  -18.76   46.40
G-C     0.00    0.00    0.00    0.00    0.00    0.00    0.34    0.85    3.21    2.86    0.80   30.01
A-T     0.00    0.00    0.00    0.00    0.00    0.00   -0.77    1.05    3.43   -5.54    2.54   38.33
A-T     0.00    0.00    0.00    0.00    0.00    0.00    0.11   -0.36    3.20   -3.82    8.32   30.54
A-T     0.00    0.00    0.00    0.00    0.00    0.00   -0.24    0.12    3.41   -3.76    8.97   36.08
C-G     0.00    0.00    0.00    0.00    0.00    0.00    0.39   -0.90    2.90    5.58    0.93   28.55
T-A     0.00    0.00    0.00    0.00    0.00    0.00    1.30    0.32    3.45    2.20   11.76   37.23
G-C     0.00    0.00    0.00    0.00    0.00    0.00   -1.58    0.29    3.63   -6.73   10.63   34.79
C-G     0.00    0.00    0.00    0.00    0.00    0.00    0.25    0.85    3.32   -0.09  -12.65   45.73
T-A     0.00    0.00    0.00    0.00    0.00    0.00   -0.41    0.14    3.28    0.76   -0.63   33.56
C-G     0.00    0.00    0.00    0.00    0.00    0.00    0.44    1.69    2.85    6.50  -10.92   43.05
C-G     0.00    0.00    0.00    0.00    0.00    0.00    0.08    0.14    3.42   -3.12    7.45   32.49
A-T     0.00    0.00    0.00    0.00    0.00    0.00    0.04    1.50    3.42   -6.48   -6.27   44.84
T-A     0.00    0.00    0.00    0.00    0.00    0.00    0.53   -0.84    3.21    7.63   -0.06   27.34
C-G     0.00    0.00    0.00    0.00    0.00    0.00    0.47    0.14    3.47    3.89   15.35   35.03
A-T     0.00    0.00    0.00    0.00    0.00    0.00   -0.14    0.01    3.52    2.82   14.23   32.19
A-T     0.00    0.00    0.00    0.00    0.00    0.00   -0.04    0.95    3.69   -5.79    5.28   44.15
A-T     0.00    0.00    0.00    0.00    0.00    0.00   -0.30    0.07    3.00   -0.27    1.32   35.28
A-T     0.00    0.00    0.00    0.00    0.00    0.00   -0.45   -0.42    3.17   -7.39   -4.73   37.00
G-C     0.00    0.00    0.00    0.00    0.00    0.00   -0.47    0.31    3.76   -3.07   -4.64   34.24
G-C     0.00    0.00    0.00    0.00    0.00    0.00   -0.51    0.88    3.60   -6.09  -32.52   40.33
C-G     0.00    0.00    0.00    0.00    0.00    0.00    1.09   -0.62    3.90    3.51  -12.80   31.72
A-T     0.00    0.00    0.00    0.00    0.00    0.00    0.10    1.03    3.41    8.88   -1.25   41.46
T-A     0.00    0.00    0.00    0.00    0.00    0.00    0.17   -0.22    3.86    2.11   19.83   27.69
G-C     0.00    0.00    0.00    0.00    0.00    0.00    0.11    0.85    3.62   -2.28    9.43   38.88
T-A     0.00    0.00    0.00    0.00    0.00    0.00   -0.91   -0.71    3.30   -2.21    8.69   22.08
T-A     0.00    0.00    0.00    0.00    0.00    0.00    0.57    0.55    3.22    3.54   -2.85   41.23
C-G     0.00    0.00    0.00    0.00    0.00    0.00    0.67    0.22    3.14    6.47   14.03   28.46
A-T     0.00    0.00    0.00    0.00    0.00    0.00   -0.74    1.73    3.78   -4.23   -7.17   48.53
G-C     0.00    0.00    0.00    0.00    0.00    0.00    0.96    1.05    3.39    5.88   -3.19   32.39
C-G     0.00    0.00    0.00    0.00    0.00    0.00   -0.99    0.79    3.26   -7.38   -5.15   41.61
T-A     0.00    0.00    0.00    0.00    0.00    0.00    0.84    0.37    3.34    5.61    3.51   31.70
G-C     0.00    0.00    0.00    0.00    0.00    0.00    0.07    1.81    3.15   -1.19   -2.13   41.98
A-T     0.00    0.00    0.00    0.00    0.00    0.00    0.03   -0.49    3.42   -5.41   11.31   27.09
A-T     0.00    0.00    0.00    0.00    0.00    0.00   -0.69    0.14    3.25    0.87    2.15   39.37
T-A     0.00    0.00    0.00    0.00    0.00    0.00    0.22   -1.33    3.21   -1.02   11.28   25.08
T-A     0.00    0.00    0.00    0.00    0.00    0.00    0.32    0.30    3.26    5.16    4.31   37.17
C-G     0.00    0.00    0.00    0.00    0.00    0.00   -0.46   -0.26    3.27    0.31    8.89   26.54
A-T     0.00    0.00    0.00    0.00    0.00    0.00   -0.21    2.05    3.55   -0.50   -1.24   45.79
G-C     0.00    0.00    0.00    0.00    0.00    0.00    0.17    0.60    3.19   -1.93   -4.01   32.05
C-G     0.00    0.00    0.00    0.00    0.00    0.00    0.15    1.19    3.44   -1.20   -6.46   44.57
T-A     0.00    0.00    0.00    0.00    0.00    0.00   -0.09    1.12    3.48   -0.32   -5.11   35.12
G-C     0.00    0.00    0.00    0.00    0.00    0.00    0.16    1.35    3.33    0.78    3.83   40.73
A-T     0.00    0.00    0.00    0.00    0.00    0.00   -0.78   -0.33    3.26   -2.41   10.12   28.35
A-T     0.00    0.00    0.00    0.00    0.00    0.00    0.45    0.59    3.19    0.34    3.35   38.43
C-G     0.00    0.00    0.00    0.00    0.00    0.00    0.00   -0.89    3.41    0.91   10.10   25.48
A-T     0.00    0.00    0.00    0.00    0.00    0.00   -0.25    0.72    3.51    0.99    7.71   39.25
T-A     0.00    0.00    0.00    0.00    0.00    0.00    0.53   -0.65    3.31    1.64    4.19   25.01
G-C     0.00    0.00    0.00    0.00    0.00    0.00    0.16    0.82    3.26   -2.51    3.27   38.32
C-G     0.00    0.00    0.00    0.00    0.00    0.00   -0.77   -0.08    3.54   -0.17   -9.02   35.30
C-G     0.00    0.00    0.00    0.00    0.00    0.00    0.12    1.90    3.78    1.86  -11.67   49.12
T-A     0.00    0.00    0.00    0.00    0.00    0.00    0.00    1.24    3.40   -0.62   -6.82   37.87
T-A     0.00    0.00    0.00    0.00    0.00    0.00    0.33    0.34    3.00   -0.53    2.49   34.27
T-A     0.00    0.00    0.00    0.00    0.00    0.00    0.06   -0.27    3.33   -0.85   10.85   28.37
T-A     0.00    0.00    0.00    0.00    0.00    0.00    0.23    0.50    3.55    4.45   14.51   36.72
G-C     0.00    0.00    0.00    0.00    0.00    0.00   -0.34   -1.23    3.53    1.23   17.54   20.05
A-T     0.00    0.00    0.00    0.00    0.00    0.00    0.41    0.07    3.15   -5.81    8.69   36.21
T-A     0.00    0.00    0.00    0.00    0.00    0.00   -0.50   -1.09    3.21   -3.76    7.03   19.24
G-C     0.00    0.00    0.00    0.00    0.00    0.00    0.11    1.37    3.23    3.51   -6.10   45.83
G-C     0.00    0.00    0.00    0.00    0.00    0.00    0.35   -0.08    3.40    1.89    5.23   29.52
A-T     0.00    0.00    0.00    0.00    0.00    0.00   -0.50    1.48    3.20   -3.36   -6.21   45.27
G-C     0.00    0.00    0.00    0.00    0.00    0.00    0.69    0.11    3.07   -1.27   -5.60   31.64
C-G     0.00    0.00    0.00    0.00    0.00    0.00   -0.24    0.58    3.53   -3.06   -6.16   40.57
A-T     0.00    0.00    0.00    0.00    0.00    0.00    1.05    0.12    3.52    7.92    5.48   32.56
G-C     0.00    0.00    0.00    0.00    0.00    0.00   -1.58    0.09    3.60   -4.71   12.48   38.69
T-A     0.00    0.00    0.00    0.00    0.00    0.00   -0.70   -0.85    3.16   -3.79    8.98   27.92
T-A     0.00    0.00    0.00    0.00    0.00    0.00   -0.45    0.25    3.18    0.71    2.47   38.14
T-A     0.00    0.00    0.00    0.00    0.00    0.00    0.67   -0.38    3.23    1.74    8.64   25.84
C-G     0.00    0.00    0.00    0.00    0.00    0.00    0.96    1.22    3.08    6.64    1.96   40.52
C-G     0.00    0.00    0.00    0.00    0.00    0.00   -0.44    1.01    3.44   -7.85    2.09   33.17
A-T     0.00    0.00    0.00    0.00    0.00    0.00   -0.41    2.25    3.09    6.61  -13.38   44.45
A-T     0.00    0.00    0.00    0.00    0.00    0.00    0.59   -0.49    3.32   -1.95   -0.51   30.75
A-T     0.00    0.00    0.00    0.00    0.00    0.00   -0.81   -0.20    3.62    0.49    4.02   42.06
T-A     0.00    0.00    0.00    0.00    0.00    0.00   -0.02   -0.63    3.08   -1.26   -3.05   30.20
A-T     0.00    0.00    0.00    0.00    0.00    0.00   -0.28   -0.39    3.27   -9.77    2.23   34.56
C-G     0.00    0.00    0.00    0.00    0.00    0.00    0.28   -0.89    2.99    2.23    4.84   27.31
A-T     0.00    0.00    0.00    0.00    0.00    0.00    0.33   -0.39    3.65    3.44   10.76   38.50
C-G     0.00    0.00    0.00    0.00    0.00    0.00    0.56   -0.27    3.63    2.28    7.21   35.73
T-A     0.00    0.00    0.00    0.00    0.00    0.00   -0.52   -0.16    3.23   -0.82    6.79   34.31
T-A     0.00    0.00    0.00    0.00    0.00    0.00   -0.01   -0.31    3.33   -6.16   -5.27   32.87
T-A     0.00    0.00    0.00    0.00    0.00    0.00   -0.36    0.07    3.03    4.17    1.73   37.13
T-A     0.00    0.00    0.00    0.00    0.00    0.00   -0.81    0.17    3.58   -2.88   -6.18   37.16
G-C     0.00    0.00    0.00    0.00    0.00    0.00   -0.01    2.41    3.23    0.36   -4.40   42.41
G-C     0.00    0.00    0.00    0.00    0.00    0.00   -0.01    0.25    2.80   -9.62    1.91   25.59
T-A     0.00    0.00    0.00    0.00    0.00    0.00    0.05   -0.10    3.25    0.41    9.83   34.45
A-T     0.00    0.00    0.00    0.00    0.00    0.00   -0.62   -0.30    3.37    5.49    8.78   30.23
G-C     0.00    0.00    0.00    0.00    0.00    0.00    0.59    0.21    3.44    1.06   18.09   32.49
A-T     0.00    0.00    0.00    0.00    0.00    0.00   -0.41   -0.50    3.12   -7.38    8.46   25.32
A-T     0.00    0.00    0.00    0.00    0.00    0.00    0.41   -0.78    3.03   -5.15    4.25   34.38
T-A     0.00    0.00    0.00    0.00    0.00    0.00    0.42   -1.12    3.40    0.23  -10.04   31.33
C-G     0.00    0.00    0.00    0.00    0.00    0.00   -0.46   -0.38    3.35    0.32   -0.85   41.65
T-A     0.00    0.00    0.00    0.00    0.00    0.00   -0.45   -0.40    3.35   -2.21   -3.11   30.68
G-C     0.00    0.00    0.00    0.00    0.00    0.00   -0.25    2.03    3.16    1.08   -6.21   45.35
C-G     0.00    0.00    0.00    0.00    0.00    0.00   -0.08    0.81    3.06    3.07   -2.20   32.78
A-T     0.00    0.00    0.00    0.00    0.00    0.00    0.45    2.55    3.27    2.37   -1.48   42.68
G-C     0.00    0.00    0.00    0.00    0.00    0.00    0.57    0.72    3.04   -5.24    8.44   30.90
G-C     0.00    0.00    0.00    0.00    0.00    0.00   -0.87   -0.46    3.29   -2.20   17.54   29.94
T-A     0.00    0.00    0.00    0.00    0.00    0.00   -0.28   -0.42    3.58    0.24    3.55   33.56
G-C     0.00    0.00    0.00    0.00    0.00    0.00    0.22    0.18    3.47    1.92   12.73   33.85
G-C     0.00    0.00    0.00    0.00    0.00    0.00    0.07   -0.08    3.07   -3.27    4.10   29.52
A-T     0.00    0.00    0.00    0.00    0.00    0.00    0.11   -0.17    3.09    0.25    2.31   37.59
T-A     0.00    0.00    0.00    0.00    0.00    0.00   -0.44   -0.72    3.38   -4.05   -0.48   31.28
A-T     0.00    0.00    0.00    0.00    0.00    0.00   -0.33   -0.06    3.57    3.77   -5.67   40.89
T-A     0.00    0.00    0.00    0.00    0.00    0.00   -0.14   -0.86    3.34   -6.67   -1.85   31.32
T-A     0.00    0.00    0.00    0.00    0.00    0.00    0.17    0.35    3.19    5.53    2.11   37.29
G-C     0.00    0.00    0.00    0.00    0.00    0.00    0.20   -0.04    3.19    1.77    2.02   34.42
A-T     0.00    0.00    0.00    0.00    0.00    0.00   -0.21   -0.39    3.40   -1.25    8.28   32.57
T-A     0.00    0.00    0.00    0.00    0.00    0.00    0.76   -0.36    3.27   -0.84   -2.43   35.01
