 146 base-pairs
   0  ***local base-pair & step parameters***
       Shear  Stretch  Stagger Buckle Prop-Tw Opening   Shift  Slide    Rise    Tilt    Roll   Twist
A-T     0.00    0.00    0.00    0.00    0.00    0.00    0.00    0.00    0.00    0.00    0.00    0.00
T-A     0.00    0.00    0.00    0.00    0.00    0.00   -1.27   -0.84    3.18   -3.43    0.54   31.24
C-G     0.00    0.00    0.00    0.00    0.00    0.00    1.17   -0.05    3.11    5.40    0.58   37.07
A-T     0.00    0.00    0.00    0.00    0.00    0.00   -0.50    0.37    3.41   -3.78    7.92   35.06
A-T     0.00    0.00    0.00    0.00    0.00    0.00   -0.22    0.77    3.18   -4.03   -4.26   38.92
T-A     0.00    0.00    0.00    0.00    0.00    0.00    0.27   -1.04    3.17    7.34    2.50   32.18
A-T     0.00    0.00    0.00    0.00    0.00    0.00   -0.07   -0.31    3.41   -5.27   -7.46   41.51
T-A     0.00    0.00    0.00    0.00    0.00    0.00    0.29   -0.65    3.34    7.96    0.90   33.80
C-G     0.00    0.00    0.00    0.00    0.00    0.00    0.58   -0.06    3.34   -2.21   -2.01   32.64
C-G     0.00    0.00    0.00    0.00    0.00    0.00   -0.14    0.10    3.15    0.64   10.12   28.38
A-T     0.00    0.00    0.00    0.00    0.00    0.00   -0.99    0.17    3.36   -0.67    5.58   31.09
C-G     0.00    0.00    0.00    0.00    0.00    0.00    0.35   -0.35    3.45   -2.75    7.58   35.08
C-G     0.00    0.00    0.00    0.00    0.00    0.00    0.45   -0.55    3.35    2.18   10.64   29.75
T-A     0.00    0.00    0.00    0.00    0.00    0.00   -0.94    0.27    3.49   -4.69    9.17   32.27
G-C     0.00    0.00    0.00    0.00    0.00    0.00    0.43    1.30    3.35    1.66   -8.35   39.87
C-G     0.00    0.00    0.00    0.00    0.00    0.00   -0.11    0.17    3.44   -4.32    6.56   38.69
A-T     0.00    0.00    0.00    0.00    0.00    0.00   -0.28    1.61    3.12    1.28  -22.76   41.22
G-C     0.00    0.00    0.00    0.00    0.00    0.00    0.78   -0.22    3.33    4.79    3.18   34.06
A-T     0.00    0.00    0.00    0.00    0.00    0.00    0.05   -0.22    3.40   -0.60   -8.67   40.74
T-A     0.00    0.00    0.00    0.00    0.00    0.00   -0.09   -0.42    3.06    3.85   -1.10   32.63
T-A     0.00    0.00    0.00    0.00    0.00    0.00    0.34   -1.07    3.16    2.68    0.62   31.79
C-G     0.00    0.00    0.00    0.00    0.00    0.00   -0.54   -0.57    2.84    4.94   10.76   25.37
T-A     0.00    0.00    0.00    0.00    0.00    0.00    0.04   -0.03    3.98   -0.77   13.00   31.62
A-T     0.00    0.00    0.00    0.00    0.00    0.00    1.35    0.45    3.43    3.60   20.63   30.76
C-G     0.00    0.00    0.00    0.00    0.00    0.00   -0.56   -0.20    2.97  -11.18    3.95   31.68
C-G     0.00    0.00    0.00    0.00    0.00    0.00    0.16    0.09    2.86    9.55    8.22   30.52
A-T     0.00    0.00    0.00    0.00    0.00    0.00    0.12    2.48    3.09    0.84  -15.66   42.47
A-T     0.00    0.00    0.00    0.00    0.00    0.00    0.41    0.20    3.52    1.03    4.60   35.67
A-T     0.00    0.00    0.00    0.00    0.00    0.00    0.57    0.07    3.40   -1.90  -11.01   43.72
A-T     0.00    0.00    0.00    0.00    0.00    0.00    0.19   -0.51    3.29    0.43    6.67   31.22
G-C     0.00    0.00    0.00    0.00    0.00    0.00   -0.53   -0.73    3.47   -2.33   -3.31   34.95
T-A     0.00    0.00    0.00    0.00    0.00    0.00    0.52   -0.59    3.09    7.59    0.52   29.53
G-C     0.00    0.00    0.00    0.00    0.00    0.00    0.46    0.15    3.61   -0.56   10.54   33.96
T-A     0.00    0.00    0.00    0.00    0.00    0.00   -0.88   -0.81    3.20    0.10   19.83   23.03
A-T     0.00    0.00    0.00    0.00    0.00    0.00   -0.17   -0.35    3.53   -6.59   -2.86   43.97
T-A     0.00    0.00    0.00    0.00    0.00    0.00    0.64   -1.32    3.41    3.85    6.60   29.47
T-A     0.00    0.00    0.00    0.00    0.00    0.00    0.24   -0.01    3.18   -1.17  -11.80   40.59
T-A     0.00    0.00    0.00    0.00    0.00    0.00   -0.48   -0.56    3.52   -1.88    6.47   31.63
G-C     0.00    0.00    0.00    0.00    0.00    0.00   -0.18    2.41    3.15   -0.40  -20.36   47.14
G-C     0.00    0.00    0.00    0.00    0.00    0.00    0.29    0.90    3.26    3.50    3.75   27.71
A-T     0.00    0.00    0.00    0.00    0.00    0.00   -0.70    1.16    3.46   -6.65   -0.25   41.39
A-T     0.00    0.00    0.00    0.00    0.00    0.00   -0.11   -0.60    2.94   -4.50    9.86   28.52
A-T     0.00    0.00    0.00    0.00    0.00    0.00    0.18    0.22    3.57   -1.55    8.05   36.14
C-G     0.00    0.00    0.00    0.00    0.00    0.00    0.07   -0.71    3.03    4.65    2.00   28.71
T-A     0.00    0.00    0.00    0.00    0.00    0.00    1.29    0.14    3.38    0.73   10.35   38.51
G-C     0.00    0.00    0.00    0.00    0.00    0.00   -1.46    0.20    3.50   -4.35   12.18   32.65
C-G     0.00    0.00    0.00    0.00    0.00    0.00    0.38    1.07    3.45   -1.65  -13.46   47.98
T-A     0.00    0.00    0.00    0.00    0.00    0.00   -0.89    0.05    3.18    0.54   -1.21   31.56
C-G     0.00    0.00    0.00    0.00    0.00    0.00    1.10    1.57    2.92    8.04   -9.84   43.89
C-G     0.00    0.00    0.00    0.00    0.00    0.00   -0.37    0.36    3.53   -3.88    7.21   32.75
A-T     0.00    0.00    0.00    0.00    0.00    0.00    0.00    1.41    3.32   -7.65   -6.93   44.92
T-A     0.00    0.00    0.00    0.00    0.00    0.00    0.80   -0.98    3.08    9.37    0.73   26.74
C-G     0.00    0.00    0.00    0.00    0.00    0.00    0.46    0.26    3.54    3.05   15.37   35.20
A-T     0.00    0.00    0.00    0.00    0.00    0.00   -0.51    0.13    3.71    2.34   12.63   32.26
A-T     0.00    0.00    0.00    0.00    0.00    0.00    0.44    0.78    3.52   -3.57    7.59   44.25
A-T     0.00    0.00    0.00    0.00    0.00    0.00   -0.63    0.09    3.01   -3.67    0.67   35.58
A-T     0.00    0.00    0.00    0.00    0.00    0.00   -0.45   -0.36    3.13   -5.06   -6.47   36.30
G-C     0.00    0.00    0.00    0.00    0.00    0.00   -0.19    0.32    3.84   -3.36   -2.65   35.05
G-C     0.00    0.00    0.00    0.00    0.00    0.00   -0.72    0.79    3.48   -6.14  -32.44   38.84
C-G     0.00    0.00    0.00    0.00    0.00    0.00    0.97   -0.49    4.17    1.94  -15.06   33.41
A-T     0.00    0.00    0.00    0.00    0.00    0.00    0.42    0.99    3.21   12.63    1.13   41.40
T-A     0.00    0.00    0.00    0.00    0.00    0.00   -0.11   -0.33    3.74   -2.67   19.87   26.33
G-C     0.00    0.00    0.00    0.00    0.00    0.00    0.23    0.89    3.73    0.77    6.99   39.36
T-A     0.00    0.00    0.00    0.00    0.00    0.00   -0.82   -0.52    3.48   -2.12   10.23   23.39
T-A     0.00    0.00    0.00    0.00    0.00    0.00    0.40    0.33    3.01    2.75   -0.98   39.02
C-G     0.00    0.00    0.00    0.00    0.00    0.00    0.65    0.26    3.21    5.09   10.37   30.12
A-T     0.00    0.00    0.00    0.00    0.00    0.00   -0.54    1.78    3.77   -1.50   -4.91   49.03
G-C     0.00    0.00    0.00    0.00    0.00    0.00    0.79    1.02    3.30    4.35   -3.27   30.08
C-G     0.00    0.00    0.00    0.00    0.00    0.00   -0.91    0.72    3.38   -7.83   -5.35   42.57
T-A     0.00    0.00    0.00    0.00    0.00    0.00    0.77    0.56    3.44    7.01    1.72   33.82
G-C     0.00    0.00    0.00    0.00    0.00    0.00    0.07    1.63    2.95   -1.86    1.88   38.95
A-T     0.00    0.00    0.00    0.00    0.00    0.00    0.13   -0.45    3.39   -6.05    7.55   28.73
A-T     0.00    0.00    0.00    0.00    0.00    0.00   -0.87    0.15    3.34    0.88    3.74   39.12
T-A     0.00    0.00    0.00    0.00    0.00    0.00    0.47   -1.26    3.27    1.20   10.38   24.95
T-A     0.00    0.00    0.00    0.00    0.00    0.00    0.16    0.22    3.21    2.76    6.93   36.28
C-G     0.00    0.00    0.00    0.00    0.00    0.00   -0.55   -0.20    3.27    0.16    4.94   29.27
A-T     0.00    0.00    0.00    0.00    0.00    0.00   -0.11    1.93    3.44    1.31    1.85   42.60
G-C     0.00    0.00    0.00    0.00    0.00    0.00    0.48    0.75    3.27   -2.55   -5.27   34.16
C-G     0.00    0.00    0.00    0.00    0.00    0.00   -0.54    1.13    3.46   -2.90   -6.03   42.64
T-A     0.00    0.00    0.00    0.00    0.00    0.00    0.55    1.14    3.59    2.40   -6.57   37.77
G-C     0.00    0.00    0.00    0.00    0.00    0.00   -0.11    1.33    3.16   -0.33    6.95   38.52
A-T     0.00    0.00    0.00    0.00    0.00    0.00   -0.89   -0.28    3.23   -4.29    7.18   29.57
A-T     0.00    0.00    0.00    0.00    0.00    0.00    0.55    0.48    3.24    2.90    4.15   37.14
C-G     0.00    0.00    0.00    0.00    0.00    0.00    0.35   -0.73    3.50    1.02   10.52   27.44
A-T     0.00    0.00    0.00    0.00    0.00    0.00   -0.99    0.66    3.47   -1.57    8.27   36.61
T-A     0.00    0.00    0.00    0.00    0.00    0.00    1.11   -0.67    3.30    4.06    2.29   27.81
G-C     0.00    0.00    0.00    0.00    0.00    0.00    0.03    0.74    3.19   -3.75    5.42   37.06
C-G     0.00    0.00    0.00    0.00    0.00    0.00   -0.87    0.06    3.54    0.38  -10.69   34.40
C-G     0.00    0.00    0.00    0.00    0.00    0.00    0.15    1.84    3.95    1.34  -10.51   49.77
T-A     0.00    0.00    0.00    0.00    0.00    0.00    0.14    1.25    3.31    0.78   -7.97   39.39
T-A     0.00    0.00    0.00    0.00    0.00    0.00    0.03    0.28    2.97   -3.15    4.10   31.86
T-A     0.00    0.00    0.00    0.00    0.00    0.00    0.35   -0.15    3.29    2.33    9.27   29.93
T-A     0.00    0.00    0.00    0.00    0.00    0.00    0.05    0.34    3.58    0.89   15.69   36.25
G-C     0.00    0.00    0.00    0.00    0.00    0.00   -0.21   -1.13    3.57    4.93   15.75   19.73
A-T     0.00    0.00    0.00    0.00    0.00    0.00    0.31    0.15    3.26   -8.07   11.65   36.30
T-A     0.00    0.00    0.00    0.00    0.00    0.00   -0.58   -1.20    3.04   -3.44    4.49   20.46
G-C     0.00    0.00    0.00    0.00    0.00    0.00    0.21    1.25    3.17    2.80   -5.49   44.12
G-C     0.00    0.00    0.00    0.00    0.00    0.00    0.54    0.20    3.54    4.75    5.86   30.53
A-T     0.00    0.00    0.00    0.00    0.00    0.00   -0.96    1.36    3.19   -7.08   -6.25   44.16
G-C     0.00    0.00    0.00    0.00    0.00    0.00    1.09    0.01    3.10    1.01   -7.18   33.44
C-G     0.00    0.00    0.00    0.00    0.00    0.00   -0.33    0.73    3.47   -2.78   -3.82   39.46
A-T     0.00    0.00    0.00    0.00    0.00    0.00    0.84    0.09    3.49    5.87    4.79   32.39
G-C     0.00    0.00    0.00    0.00    0.00    0.00   -1.35   -0.07    3.55   -3.46   10.34   39.05
T-A     0.00    0.00    0.00    0.00    0.00    0.00   -0.59   -0.67    3.34   -2.82   11.85   28.20
T-A     0.00    0.00    0.00    0.00    0.00    0.00   -0.85    0.31    3.14   -0.36    1.45   36.93
T-A     0.00    0.00    0.00    0.00    0.00    0.00    0.92   -0.59    3.17    0.66    8.11   27.60
C-G     0.00    0.00    0.00    0.00    0.00    0.00    1.07    1.27    2.96    8.82    1.94   40.25
C-G     0.00    0.00    0.00    0.00    0.00    0.00   -0.70    1.13    3.57   -9.15    3.80   30.72
A-T     0.00    0.00    0.00    0.00    0.00    0.00   -0.19    2.23    3.16    6.99  -16.25   47.52
A-T     0.00    0.00    0.00    0.00    0.00    0.00    0.41   -0.62    3.24   -2.37    1.90   29.49
A-T     0.00    0.00    0.00    0.00    0.00    0.00   -0.67   -0.06    3.63    1.65    3.21   41.90
T-A     0.00    0.00    0.00    0.00    0.00    0.00   -0.18   -0.67    3.04   -2.93   -2.88   30.26
A-T     0.00    0.00    0.00    0.00    0.00    0.00   -0.10   -0.48    3.21   -9.22    1.02   35.68
C-G     0.00    0.00    0.00    0.00    0.00    0.00    0.17   -0.85    3.11    3.61    6.88   24.34
A-T     0.00    0.00    0.00    0.00    0.00    0.00    0.46   -0.19    3.78    2.35    9.21   42.23
C-G     0.00    0.00    0.00    0.00    0.00    0.00    0.15   -0.58    3.36    0.95    7.97   33.57
T-A     0.00    0.00    0.00    0.00    0.00    0.00    0.05   -0.10    3.23    1.70    6.29   34.73
T-A     0.00    0.00    0.00    0.00    0.00    0.00   -0.33   -0.16    3.49   -7.55   -4.42   32.46
T-A     0.00    0.00    0.00    0.00    0.00    0.00   -0.41    0.03    2.99    3.92   -0.06   38.15
T-A     0.00    0.00    0.00    0.00    0.00    0.00   -0.61   -0.04    3.56   -1.91   -3.76   35.62
G-C     0.00    0.00    0.00    0.00    0.00    0.00   -0.04    2.72    3.27    0.37   -6.18   44.64
G-C     0.00    0.00    0.00    0.00    0.00    0.00   -0.37    0.04    2.70  -12.04    2.73   23.60
T-A     0.00    0.00    0.00    0.00    0.00    0.00    0.61   -0.10    3.20    4.31    8.87   35.19
A-T     0.00    0.00    0.00    0.00    0.00    0.00   -0.91   -0.22    3.57    2.37   10.84   29.82
G-C     0.00    0.00    0.00    0.00    0.00    0.00    0.39    0.35    3.44    2.83   14.71   33.53
A-T     0.00    0.00    0.00    0.00    0.00    0.00   -0.07   -0.82    2.96   -8.48   12.58   24.21
A-T     0.00    0.00    0.00    0.00    0.00    0.00    0.30   -0.58    3.00   -4.27    1.06   35.47
T-A     0.00    0.00    0.00    0.00    0.00    0.00    0.21   -1.15    3.53   -1.54   -8.92   29.62
C-G     0.00    0.00    0.00    0.00    0.00    0.00   -0.03   -0.31    3.37    4.04   -1.43   43.65
T-A     0.00    0.00    0.00    0.00    0.00    0.00   -0.82   -0.58    3.26   -6.46   -0.58   28.64
G-C     0.00    0.00    0.00    0.00    0.00    0.00   -0.22    2.24    3.28    3.33  -10.82   47.73
C-G     0.00    0.00    0.00    0.00    0.00    0.00    0.13    0.67    2.88    3.34    2.28   30.95
A-T     0.00    0.00    0.00    0.00    0.00    0.00    0.34    2.57    3.29    0.98   -3.56   43.23
G-C     0.00    0.00    0.00    0.00    0.00    0.00    0.43    0.72    3.17   -4.70    7.84   29.94
G-C     0.00    0.00    0.00    0.00    0.00    0.00   -0.56   -0.28    3.42   -0.60   18.29   32.89
T-A     0.00    0.00    0.00    0.00    0.00    0.00   -0.64   -0.71    3.21   -2.05    5.50   29.76
G-C     0.00    0.00    0.00    0.00    0.00    0.00    0.41    0.30    3.67    1.66    8.83   36.61
G-C     0.00    0.00    0.00    0.00    0.00    0.00    0.15   -0.01    3.04   -0.16    6.40   28.67
A-T     0.00    0.00    0.00    0.00    0.00    0.00   -0.02   -0.20    3.12   -2.60    3.13   36.70
T-A     0.00    0.00    0.00    0.00    0.00    0.00   -0.45   -0.81    3.36   -3.29   -2.35   31.85
A-T     0.00    0.00    0.00    0.00    0.00    0.00   -0.27    0.10    3.67    3.97   -5.39   42.88
T-A     0.00    0.00    0.00    0.00    0.00    0.00   -0.16   -1.02    3.07   -6.13   -0.01   28.10
T-A     0.00    0.00    0.00    0.00    0.00    0.00    0.19    0.40    3.33    3.68    0.05   38.47
G-C     0.00    0.00    0.00    0.00    0.00    0.00    0.19    0.04    3.31    3.76    2.07   35.75
A-T     0.00    0.00    0.00    0.00    0.00    0.00   -0.25   -0.42    3.36   -1.43    9.75   30.66
T-A     0.00    0.00    0.00    0.00    0.00    0.00    0.89   -0.43    3.17   -2.02   -2.63   36.03
