 146 base-pairs
   0  ***local base-pair & step parameters***
       Shear  Stretch  Stagger Buckle Prop-Tw Opening   Shift  Slide    Rise    Tilt    Roll   Twist
A-T     0.00    0.00    0.00    0.00    0.00    0.00    0.00    0.00    0.00    0.00    0.00    0.00
T-A     0.00    0.00    0.00    0.00    0.00    0.00   -1.19   -0.84    3.22   -4.09    0.79   31.86
C-G     0.00    0.00    0.00    0.00    0.00    0.00    1.09   -0.04    3.06    6.26    0.16   36.52
A-T     0.00    0.00    0.00    0.00    0.00    0.00   -0.43    0.36    3.46   -4.76    8.48   35.50
A-T     0.00    0.00    0.00    0.00    0.00    0.00   -0.28    0.78    3.14   -2.99   -4.91   38.62
T-A     0.00    0.00    0.00    0.00    0.00    0.00    0.31   -1.05    3.20    6.33    3.19   32.32
A-T     0.00    0.00    0.00    0.00    0.00    0.00   -0.09   -0.30    3.40   -4.37   -8.14   41.55
T-A     0.00    0.00    0.00    0.00    0.00    0.00    0.29   -0.66    3.34    7.25    1.52   33.58
C-G     0.00    0.00    0.00    0.00    0.00    0.00    0.60   -0.06    3.36   -1.74   -2.51   33.01
C-G     0.00    0.00    0.00    0.00    0.00    0.00   -0.19    0.09    3.13    0.44   10.47   27.88
A-T     0.00    0.00    0.00    0.00    0.00    0.00   -0.92    0.17    3.40   -0.76    5.42   31.68
C-G     0.00    0.00    0.00    0.00    0.00    0.00    0.28   -0.35    3.41   -2.38    7.55   34.46
C-G     0.00    0.00    0.00    0.00    0.00    0.00    0.53   -0.56    3.39    1.56   10.86   30.37
T-A     0.00    0.00    0.00    0.00    0.00    0.00   -1.02    0.28    3.44   -3.86    8.77   31.71
G-C     0.00    0.00    0.00    0.00    0.00    0.00    0.51    1.30    3.39    0.69   -7.81   40.34
C-G     0.00    0.00    0.00    0.00    0.00    0.00   -0.18    0.18    3.40   -3.29    5.93   38.37
A-T     0.00    0.00    0.00    0.00    0.00    0.00   -0.23    1.60    3.15    0.27  -22.07   41.38
G-C     0.00    0.00    0.00    0.00    0.00    0.00    0.76   -0.21    3.31    5.70    2.50   34.08
A-T     0.00    0.00    0.00    0.00    0.00    0.00    0.05   -0.22    3.40   -1.35   -8.04   40.55
T-A     0.00    0.00    0.00    0.00    0.00    0.00   -0.07   -0.41    3.07    4.37   -1.62   32.98
T-A     0.00    0.00    0.00    0.00    0.00    0.00    0.29   -1.07    3.14    2.43    0.99   31.31
C-G     0.00    0.00    0.00    0.00    0.00    0.00   -0.48   -0.57    2.87    4.90   10.57   25.94
T-A     0.00    0.00    0.00    0.00    0.00    0.00   -0.04   -0.02    3.93   -0.45   13.00   31.00
A-T     0.00    0.00    0.00    0.00    0.00    0.00    1.43    0.45    3.48    3.01   20.82   31.38
C-G     0.00    0.00    0.00    0.00    0.00    0.00   -0.64   -0.19    2.92  -10.38    3.58   31.10
C-G     0.00    0.00    0.00    0.00    0.00    0.00    0.24    0.08    2.91    8.60    8.73   31.00
A-T     0.00    0.00    0.00    0.00    0.00    0.00    0.06    2.49    3.05    1.87  -16.29   42.12
A-T     0.00    0.00    0.00    0.00    0.00    0.00    0.46    0.19    3.56    0.01    5.28   35.86
A-T     0.00    0.00    0.00    0.00    0.00    0.00    0.54    0.08    3.38   -0.96  -11.70   43.71
A-T     0.00    0.00    0.00    0.00    0.00    0.00    0.20   -0.51    3.30   -0.35    7.31   31.06
G-C     0.00    0.00    0.00    0.00    0.00    0.00   -0.52   -0.73    3.48   -1.78   -3.85   35.27
T-A     0.00    0.00    0.00    0.00    0.00    0.00    0.48   -0.59    3.07    7.30    0.91   29.07
G-C     0.00    0.00    0.00    0.00    0.00    0.00    0.52    0.15    3.64   -0.56   10.31   34.52
T-A     0.00    0.00    0.00    0.00    0.00    0.00   -0.95   -0.80    3.16    0.38   19.86   22.41
A-T     0.00    0.00    0.00    0.00    0.00    0.00   -0.09   -0.35    3.58   -7.14   -2.70   44.60
T-A     0.00    0.00    0.00    0.00    0.00    0.00    0.56   -1.32    3.36    4.62    6.26   28.89
T-A     0.00    0.00    0.00    0.00    0.00    0.00    0.31   -0.02    3.23   -2.10  -11.30   41.09
T-A     0.00    0.00    0.00    0.00    0.00    0.00   -0.55   -0.56    3.48   -0.86    5.86   31.25
G-C     0.00    0.00    0.00    0.00    0.00    0.00   -0.13    2.40    3.18   -1.42  -19.68   47.36
G-C     0.00    0.00    0.00    0.00    0.00    0.00    0.26    0.91    3.24    4.45    3.06   27.66
A-T     0.00    0.00    0.00    0.00    0.00    0.00   -0.69    1.15    3.47   -7.46    0.40   41.26
A-T     0.00    0.00    0.00    0.00    0.00    0.00   -0.09   -0.60    2.94   -3.90    9.31   28.81
A-T     0.00    0.00    0.00    0.00    0.00    0.00    0.15    0.22    3.55   -1.88    8.47   35.70
C-G     0.00    0.00    0.00    0.00    0.00    0.00    0.12   -0.71    3.07    4.70    1.75   29.26
T-A     0.00    0.00    0.00    0.00    0.00    0.00    1.22    0.14    3.34    0.97   10.41   37.89
G-C     0.00    0.00    0.00    0.00    0.00    0.00   -1.38    0.19    3.54   -4.87   12.31   33.28
C-G     0.00    0.00    0.00    0.00    0.00    0.00    0.30    1.07    3.40   -0.91  -13.78   47.38
T-A     0.00    0.00    0.00    0.00    0.00    0.00   -0.81    0.04    3.22   -0.37   -0.73   32.07
C-G     0.00    0.00    0.00    0.00    0.00    0.00    1.03    1.58    2.88    9.05  -10.44   43.49
C-G     0.00    0.00    0.00    0.00    0.00    0.00   -0.32    0.35    3.56   -4.91    7.88   32.99
A-T     0.00    0.00    0.00    0.00    0.00    0.00   -0.04    1.42    3.30   -6.68   -7.62   44.85
T-A     0.00    0.00    0.00    0.00    0.00    0.00    0.81   -0.99    3.09    8.53    1.39   26.63
C-G     0.00    0.00    0.00    0.00    0.00    0.00    0.47    0.27    3.54    3.68   14.80   35.47
A-T     0.00    0.00    0.00    0.00    0.00    0.00   -0.54    0.13    3.69    1.97   13.07   31.84
A-T     0.00    0.00    0.00    0.00    0.00    0.00    0.49    0.78    3.55   -3.48    7.31   44.78
A-T     0.00    0.00    0.00    0.00    0.00    0.00   -0.70    0.09    2.97   -3.47    0.76   34.97
A-T     0.00    0.00    0.00    0.00    0.00    0.00   -0.38   -0.37    3.18   -5.53   -6.37   36.93
G-C     0.00    0.00    0.00    0.00    0.00    0.00   -0.27    0.32    3.79   -2.65   -2.94   34.45
G-C     0.00    0.00    0.00    0.00    0.00    0.00   -0.64    0.78    3.53   -7.03  -31.99   39.37
C-G     0.00    0.00    0.00    0.00    0.00    0.00    0.90   -0.48    4.13    2.94  -15.64   32.99
A-T     0.00    0.00    0.00    0.00    0.00    0.00    0.47    0.99    3.24   11.59    1.80   41.66
T-A     0.00    0.00    0.00    0.00    0.00    0.00   -0.15   -0.32    3.72   -1.68   19.17   26.24
G-C     0.00    0.00    0.00    0.00    0.00    0.00    0.25    0.88    3.74   -0.09    7.66   39.28
T-A     0.00    0.00    0.00    0.00    0.00    0.00   -0.81   -0.52    3.48   -1.45    9.64   23.64
T-A     0.00    0.00    0.00    0.00    0.00    0.00    0.37    0.33    2.99    2.33   -0.52   38.62
C-G     0.00    0.00    0.00    0.00    0.00    0.00    0.70    0.27    3.24    5.23   10.07   30.64
A-T     0.00    0.00    0.00    0.00    0.00    0.00   -0.60    1.79    3.74   -1.35   -4.79   48.43
G-C     0.00    0.00    0.00    0.00    0.00    0.00    0.87    1.02    3.35    3.92   -3.20   30.71
C-G     0.00    0.00    0.00    0.00    0.00    0.00   -0.99    0.73    3.34   -7.15   -5.62   41.96
T-A     0.00    0.00    0.00    0.00    0.00    0.00    0.85    0.55    3.49    6.14    2.15   34.36
G-C     0.00    0.00    0.00    0.00    0.00    0.00    0.00    1.64    2.91   -0.87    1.31   38.51
A-T     0.00    0.00    0.00    0.00    0.00    0.00    0.19   -0.46    3.42   -7.08    8.20   29.02
A-T     0.00    0.00    0.00    0.00    0.00    0.00   -0.92    0.16    3.32    1.88    3.05   39.00
T-A     0.00    0.00    0.00    0.00    0.00    0.00    0.49   -1.27    3.28    0.32   11.05   24.90
T-A     0.00    0.00    0.00    0.00    0.00    0.00    0.16    0.22    3.21    3.46    6.32   36.50
C-G     0.00    0.00    0.00    0.00    0.00    0.00   -0.57   -0.20    3.26   -0.30    5.43   28.89
A-T     0.00    0.00    0.00    0.00    0.00    0.00   -0.07    1.93    3.47    1.50    1.52   43.11
G-C     0.00    0.00    0.00    0.00    0.00    0.00    0.42    0.75    3.23   -2.44   -5.12   33.57
C-G     0.00    0.00    0.00    0.00    0.00    0.00   -0.46    1.13    3.50   -3.29   -5.99   43.27
T-A     0.00    0.00    0.00    0.00    0.00    0.00    0.47    1.14    3.54    3.04   -6.80   37.15
G-C     0.00    0.00    0.00    0.00    0.00    0.00   -0.03    1.32    3.21   -1.17    7.35   39.07
A-T     0.00    0.00    0.00    0.00    0.00    0.00   -0.96   -0.27    3.19   -3.31    6.64   29.12
A-T     0.00    0.00    0.00    0.00    0.00    0.00    0.61    0.47    3.27    1.86    4.79   37.46
C-G     0.00    0.00    0.00    0.00    0.00    0.00    0.30   -0.72    3.47    2.03    9.83   27.29
A-T     0.00    0.00    0.00    0.00    0.00    0.00   -0.96    0.66    3.48   -2.48    8.96   36.59
T-A     0.00    0.00    0.00    0.00    0.00    0.00    1.11   -0.66    3.29    4.79    1.68   28.01
G-C     0.00    0.00    0.00    0.00    0.00    0.00    0.01    0.74    3.18   -4.25    5.93   36.70
C-G     0.00    0.00    0.00    0.00    0.00    0.00   -0.83    0.06    3.57    0.61  -11.05   34.89
C-G     0.00    0.00    0.00    0.00    0.00    0.00    0.09    1.84    3.92    1.40  -10.33   49.19
T-A     0.00    0.00    0.00    0.00    0.00    0.00    0.21    1.24    3.35    0.43   -7.96   40.02
T-A     0.00    0.00    0.00    0.00    0.00    0.00   -0.05    0.29    2.92   -2.54    3.90   31.24
T-A     0.00    0.00    0.00    0.00    0.00    0.00    0.43   -0.16    3.34    1.51    9.65   30.50
T-A     0.00    0.00    0.00    0.00    0.00    0.00   -0.03    0.34    3.53    1.85   15.16   35.78
G-C     0.00    0.00    0.00    0.00    0.00    0.00   -0.14   -1.13    3.61    3.90   16.38   20.07
A-T     0.00    0.00    0.00    0.00    0.00    0.00    0.27    0.16    3.23   -7.05   10.97   36.12
T-A     0.00    0.00    0.00    0.00    0.00    0.00   -0.55   -1.20    3.06   -4.37    5.17   20.46
G-C     0.00    0.00    0.00    0.00    0.00    0.00    0.21    1.25    3.17    3.57   -6.12   44.29
G-C     0.00    0.00    0.00    0.00    0.00    0.00    0.52    0.19    3.53    4.21    6.39   30.19
A-T     0.00    0.00    0.00    0.00    0.00    0.00   -0.92    1.36    3.21   -6.81   -6.63   44.63
G-C     0.00    0.00    0.00    0.00    0.00    0.00    1.03    0.01    3.06    1.03   -6.97   32.87
C-G     0.00    0.00    0.00    0.00    0.00    0.00   -0.26    0.73    3.51   -3.09   -3.83   40.08
A-T     0.00    0.00    0.00    0.00    0.00    0.00    0.76    0.10    3.44    6.44    4.61   31.77
G-C     0.00    0.00    0.00    0.00    0.00    0.00   -1.27   -0.08    3.60   -4.24   10.69   39.63
T-A     0.00    0.00    0.00    0.00    0.00    0.00   -0.67   -0.67    3.29   -1.88   11.35   27.71
T-A     0.00    0.00    0.00    0.00    0.00    0.00   -0.78    0.30    3.18   -1.39    2.07   37.29
T-A     0.00    0.00    0.00    0.00    0.00    0.00    0.87   -0.58    3.14    1.69    7.43   27.40
C-G     0.00    0.00    0.00    0.00    0.00    0.00    1.10    1.26    2.98    7.87    2.63   40.28
C-G     0.00    0.00    0.00    0.00    0.00    0.00   -0.71    1.13    3.56   -8.36    3.15   30.86
A-T     0.00    0.00    0.00    0.00    0.00    0.00   -0.20    2.22    3.15    6.41  -15.70   47.20
A-T     0.00    0.00    0.00    0.00    0.00    0.00    0.45   -0.61    3.26   -2.06    1.49   29.94
A-T     0.00    0.00    0.00    0.00    0.00    0.00   -0.73   -0.06    3.60    1.62    3.45   41.35
T-A     0.00    0.00    0.00    0.00    0.00    0.00   -0.11   -0.67    3.08   -3.19   -2.93   30.88
A-T     0.00    0.00    0.00    0.00    0.00    0.00   -0.18   -0.47    3.17   -8.69    0.87   35.05
C-G     0.00    0.00    0.00    0.00    0.00    0.00    0.25   -0.85    3.16    2.85    7.21   24.93
A-T     0.00    0.00    0.00    0.00    0.00    0.00    0.39   -0.18    3.74    3.27    8.72   41.72
C-G     0.00    0.00    0.00    0.00    0.00    0.00    0.22   -0.59    3.40   -0.07    8.57   33.96
T-A     0.00    0.00    0.00    0.00    0.00    0.00   -0.01   -0.09    3.20    2.73    5.61   34.50
T-A     0.00    0.00    0.00    0.00    0.00    0.00   -0.30   -0.17    3.51   -8.51   -3.73   32.51
T-A     0.00    0.00    0.00    0.00    0.00    0.00   -0.42    0.04    2.98    4.74   -0.71   38.27
T-A     0.00    0.00    0.00    0.00    0.00    0.00   -0.62   -0.04    3.55   -2.52   -3.19   35.33
G-C     0.00    0.00    0.00    0.00    0.00    0.00   -0.01    2.73    3.29    0.72   -6.62   45.07
G-C     0.00    0.00    0.00    0.00    0.00    0.00   -0.42    0.04    2.66  -12.11    3.00   23.06
T-A     0.00    0.00    0.00    0.00    0.00    0.00    0.68   -0.10    3.24    4.09    8.79   35.79
A-T     0.00    0.00    0.00    0.00    0.00    0.00   -0.99   -0.22    3.53    2.86   10.72   29.19
G-C     0.00    0.00    0.00    0.00    0.00    0.00    0.47    0.35    3.49    2.10   15.01   34.12
A-T     0.00    0.00    0.00    0.00    0.00    0.00   -0.15   -0.82    2.91   -7.58   12.12   23.69
A-T     0.00    0.00    0.00    0.00    0.00    0.00    0.37   -0.59    3.04   -5.28    1.65   35.88
T-A     0.00    0.00    0.00    0.00    0.00    0.00    0.15   -1.14    3.49   -0.51   -9.59   29.37
C-G     0.00    0.00    0.00    0.00    0.00    0.00    0.00   -0.32    3.39    3.06   -0.74   43.73
T-A     0.00    0.00    0.00    0.00    0.00    0.00   -0.83   -0.57    3.25   -5.62   -1.24   28.74
G-C     0.00    0.00    0.00    0.00    0.00    0.00   -0.23    2.23    3.28    2.69  -10.24   47.46
C-G     0.00    0.00    0.00    0.00    0.00    0.00    0.16    0.67    2.89    3.74    1.82   31.37
A-T     0.00    0.00    0.00    0.00    0.00    0.00    0.29    2.57    3.26    0.86   -3.27   42.70
G-C     0.00    0.00    0.00    0.00    0.00    0.00    0.49    0.71    3.21   -4.88    7.73   30.54
G-C     0.00    0.00    0.00    0.00    0.00    0.00   -0.63   -0.28    3.37   -0.15   18.20   32.26
T-A     0.00    0.00    0.00    0.00    0.00    0.00   -0.56   -0.72    3.26   -2.74    5.77   30.37
G-C     0.00    0.00    0.00    0.00    0.00    0.00    0.33    0.30    3.63    2.54    8.39   36.08
G-C     0.00    0.00    0.00    0.00    0.00    0.00    0.22   -0.02    3.09   -1.16    6.97   29.10
A-T     0.00    0.00    0.00    0.00    0.00    0.00   -0.08   -0.19    3.08   -1.56    2.47   36.42
T-A     0.00    0.00    0.00    0.00    0.00    0.00   -0.41   -0.81    3.39   -4.28   -1.66   31.96
A-T     0.00    0.00    0.00    0.00    0.00    0.00   -0.29    0.11    3.66    4.84   -6.06   42.95
T-A     0.00    0.00    0.00    0.00    0.00    0.00   -0.16   -1.02    3.07   -6.81    0.59   27.86
T-A     0.00    0.00    0.00    0.00    0.00    0.00    0.22    0.40    3.34    4.12   -0.43   38.86
G-C     0.00    0.00    0.00    0.00    0.00    0.00    0.14    0.04    3.28    3.60    2.39   35.24
A-T     0.00    0.00    0.00    0.00    0.00    0.00   -0.19   -0.42    3.40   -1.56    9.61   31.26
T-A     0.00    0.00    0.00    0.00    0.00    0.00    0.81   -0.43    3.12   -1.61   -2.69   35.41
