 146 base-pairs
   0  ***local base-pair & step parameters***
       Shear  Stretch  Stagger Buckle Prop-Tw Opening   Shift  Slide    Rise    Tilt    Roll   Twist
A-T     0.00    0.00    0.00    0.00    0.00    0.00    0.00    0.00    0.00    0.00    0.00    0.00
T-A     0.00    0.00    0.00    0.00    0.00    0.00   -1.39   -0.78    3.26   -4.82    2.00   31.21
C-G     0.00    0.00    0.00    0.00    0.00    0.00    1.11   -0.16    2.98    5.51   -0.64   37.38
A-T     0.00    0.00    0.00    0.00    0.00    0.00   -0.39    0.34    3.40   -4.27    8.22   35.37
A-T     0.00    0.00    0.00    0.00    0.00    0.00   -0.21    0.88    3.18   -2.32   -4.30   38.06
T-A     0.00    0.00    0.00    0.00    0.00    0.00    0.18   -1.06    3.22    5.35    2.97   32.17
A-T     0.00    0.00    0.00    0.00    0.00    0.00    0.00   -0.38    3.44   -3.93   -8.44   42.25
T-A     0.00    0.00    0.00    0.00    0.00    0.00    0.26   -0.56    3.35    7.70    1.77   33.69
C-G     0.00    0.00    0.00    0.00    0.00    0.00    0.56   -0.10    3.24   -2.53   -1.75   32.31
C-G     0.00    0.00    0.00    0.00    0.00    0.00   -0.16    0.04    3.09    0.14    8.96   28.33
A-T     0.00    0.00    0.00    0.00    0.00    0.00   -0.82    0.21    3.51    0.54    6.22   31.30
C-G     0.00    0.00    0.00    0.00    0.00    0.00    0.17   -0.21    3.49   -2.64    7.58   34.78
C-G     0.00    0.00    0.00    0.00    0.00    0.00    0.46   -0.73    3.28    0.42   11.43   30.14
T-A     0.00    0.00    0.00    0.00    0.00    0.00   -0.90    0.29    3.40   -3.23    7.14   32.63
G-C     0.00    0.00    0.00    0.00    0.00    0.00    0.52    1.34    3.40    1.29   -6.04   38.85
C-G     0.00    0.00    0.00    0.00    0.00    0.00   -0.24    0.25    3.47   -3.98    4.70   39.08
A-T     0.00    0.00    0.00    0.00    0.00    0.00   -0.24    1.45    3.15    0.21  -21.30   41.16
G-C     0.00    0.00    0.00    0.00    0.00    0.00    0.83   -0.06    3.36    6.54    1.52   35.19
A-T     0.00    0.00    0.00    0.00    0.00    0.00   -0.07   -0.30    3.27   -2.27   -6.08   38.90
T-A     0.00    0.00    0.00    0.00    0.00    0.00    0.02   -0.42    3.06    4.16   -4.08   34.22
T-A     0.00    0.00    0.00    0.00    0.00    0.00    0.33   -1.11    3.21    3.40    2.59   30.21
C-G     0.00    0.00    0.00    0.00    0.00    0.00   -0.49   -0.37    2.99    5.13    9.73   27.05
T-A     0.00    0.00    0.00    0.00    0.00    0.00   -0.20   -0.23    3.79   -1.94   14.56   29.93
A-T     0.00    0.00    0.00    0.00    0.00    0.00    1.61    0.47    3.46    3.73   18.28   33.06
C-G     0.00    0.00    0.00    0.00    0.00    0.00   -0.69   -0.18    2.91   -9.86    6.00   29.04
C-G     0.00    0.00    0.00    0.00    0.00    0.00    0.24    0.20    3.00    8.22    7.02   32.22
A-T     0.00    0.00    0.00    0.00    0.00    0.00   -0.03    2.30    3.02    1.36  -14.95   41.34
A-T     0.00    0.00    0.00    0.00    0.00    0.00    0.61    0.34    3.62    1.13    3.64   37.56
A-T     0.00    0.00    0.00    0.00    0.00    0.00    0.37    0.00    3.24   -1.91   -9.20   41.58
A-T     0.00    0.00    0.00    0.00    0.00    0.00    0.32   -0.50    3.29   -0.52    4.57   32.61
G-C     0.00    0.00    0.00    0.00    0.00    0.00   -0.53   -0.79    3.53   -1.08   -2.14   33.94
T-A     0.00    0.00    0.00    0.00    0.00    0.00    0.54   -0.37    3.21    7.92   -0.11   30.45
G-C     0.00    0.00    0.00    0.00    0.00    0.00    0.29   -0.03    3.49   -2.25   12.14   33.17
T-A     0.00    0.00    0.00    0.00    0.00    0.00   -0.74   -0.80    3.12    1.05   17.19   24.25
A-T     0.00    0.00    0.00    0.00    0.00    0.00   -0.15   -0.34    3.57   -6.59   -0.44   42.55
T-A     0.00    0.00    0.00    0.00    0.00    0.00    0.59   -1.18    3.46    4.47    4.83   30.02
T-A     0.00    0.00    0.00    0.00    0.00    0.00    0.18   -0.20    3.20   -2.92  -10.17   40.35
T-A     0.00    0.00    0.00    0.00    0.00    0.00   -0.36   -0.44    3.53    0.36    4.34   32.92
G-C     0.00    0.00    0.00    0.00    0.00    0.00   -0.31    2.37    3.06   -2.23  -17.47   45.40
G-C     0.00    0.00    0.00    0.00    0.00    0.00    0.38    0.89    3.22    4.18    0.90   28.87
A-T     0.00    0.00    0.00    0.00    0.00    0.00   -0.72    1.09    3.52   -6.91    1.44   40.32
A-T     0.00    0.00    0.00    0.00    0.00    0.00   -0.02   -0.42    3.08   -3.07    8.85   29.86
A-T     0.00    0.00    0.00    0.00    0.00    0.00   -0.08    0.09    3.42   -3.54    9.80   34.68
C-G     0.00    0.00    0.00    0.00    0.00    0.00    0.32   -0.76    3.01    5.12   -0.24   30.62
T-A     0.00    0.00    0.00    0.00    0.00    0.00    1.19    0.19    3.35    1.68   11.74   36.49
G-C     0.00    0.00    0.00    0.00    0.00    0.00   -1.36    0.30    3.64   -4.94   11.89   33.73
C-G     0.00    0.00    0.00    0.00    0.00    0.00    0.17    0.94    3.38   -1.83  -13.53   47.24
T-A     0.00    0.00    0.00    0.00    0.00    0.00   -0.65    0.08    3.25    0.70   -1.43   33.13
C-G     0.00    0.00    0.00    0.00    0.00    0.00    0.90    1.62    2.79    8.59   -9.21   42.28
C-G     0.00    0.00    0.00    0.00    0.00    0.00   -0.25    0.29    3.52   -5.41    6.93   33.31
A-T     0.00    0.00    0.00    0.00    0.00    0.00   -0.02    1.40    3.37   -6.15   -7.83   44.81
T-A     0.00    0.00    0.00    0.00    0.00    0.00    0.86   -0.87    3.21    9.38    2.02   26.87
C-G     0.00    0.00    0.00    0.00    0.00    0.00    0.29    0.23    3.46    2.26   15.10   35.26
A-T     0.00    0.00    0.00    0.00    0.00    0.00   -0.42   -0.01    3.59    1.97   12.25   32.27
A-T     0.00    0.00    0.00    0.00    0.00    0.00    0.54    0.88    3.60   -2.49    7.26   44.42
A-T     0.00    0.00    0.00    0.00    0.00    0.00   -0.74    0.15    3.04   -3.59    1.71   34.42
A-T     0.00    0.00    0.00    0.00    0.00    0.00   -0.46   -0.43    3.19   -6.40   -7.29   37.70
G-C     0.00    0.00    0.00    0.00    0.00    0.00   -0.17    0.27    3.77   -1.90   -2.54   34.62
G-C     0.00    0.00    0.00    0.00    0.00    0.00   -0.68    0.90    3.50   -7.03  -32.01   39.16
C-G     0.00    0.00    0.00    0.00    0.00    0.00    0.87   -0.59    4.05    2.14  -15.18   32.22
A-T     0.00    0.00    0.00    0.00    0.00    0.00    0.55    1.01    3.34   12.20    0.23   42.66
T-A     0.00    0.00    0.00    0.00    0.00    0.00   -0.16   -0.27    3.80   -0.95   20.95   25.57
G-C     0.00    0.00    0.00    0.00    0.00    0.00    0.14    0.93    3.70   -1.13    6.91   39.96
T-A     0.00    0.00    0.00    0.00    0.00    0.00   -0.79   -0.72    3.34   -1.94   10.01   23.07
T-A     0.00    0.00    0.00    0.00    0.00    0.00    0.51    0.47    3.07    3.62   -1.88   39.31
C-G     0.00    0.00    0.00    0.00    0.00    0.00    0.59    0.29    3.29    5.03   12.22   29.13
A-T     0.00    0.00    0.00    0.00    0.00    0.00   -0.63    1.79    3.78   -2.07   -6.68   50.01
G-C     0.00    0.00    0.00    0.00    0.00    0.00    0.89    0.89    3.28    4.27   -1.92   30.09
C-G     0.00    0.00    0.00    0.00    0.00    0.00   -0.93    0.90    3.34   -6.66   -6.64   42.63
T-A     0.00    0.00    0.00    0.00    0.00    0.00    0.73    0.42    3.39    5.07    3.70   32.68
G-C     0.00    0.00    0.00    0.00    0.00    0.00    0.14    1.69    3.02   -0.20   -1.19   40.28
A-T     0.00    0.00    0.00    0.00    0.00    0.00    0.13   -0.45    3.48   -6.49   10.66   27.72
A-T     0.00    0.00    0.00    0.00    0.00    0.00   -0.95    0.26    3.30    1.24    1.70   40.27
T-A     0.00    0.00    0.00    0.00    0.00    0.00    0.42   -1.51    3.10   -0.63   12.14   23.67
T-A     0.00    0.00    0.00    0.00    0.00    0.00    0.38    0.37    3.30    4.96    4.19   37.85
C-G     0.00    0.00    0.00    0.00    0.00    0.00   -0.73   -0.19    3.30   -0.51    8.17   26.86
A-T     0.00    0.00    0.00    0.00    0.00    0.00   -0.05    1.96    3.52    0.89   -0.69   45.05
G-C     0.00    0.00    0.00    0.00    0.00    0.00    0.37    0.58    3.15   -2.45   -3.59   32.61
C-G     0.00    0.00    0.00    0.00    0.00    0.00   -0.33    1.31    3.52   -2.41   -7.37   44.33
T-A     0.00    0.00    0.00    0.00    0.00    0.00    0.29    1.02    3.44    1.84   -4.86   35.11
G-C     0.00    0.00    0.00    0.00    0.00    0.00    0.15    1.36    3.32   -0.56    4.67   41.05
A-T     0.00    0.00    0.00    0.00    0.00    0.00   -1.05   -0.28    3.24   -2.79    9.01   27.78
A-T     0.00    0.00    0.00    0.00    0.00    0.00    0.63    0.59    3.28    1.53    3.59   38.76
C-G     0.00    0.00    0.00    0.00    0.00    0.00    0.18   -0.94    3.28    0.80   10.89   25.97
A-T     0.00    0.00    0.00    0.00    0.00    0.00   -0.71    0.76    3.56   -0.95    6.84   37.98
T-A     0.00    0.00    0.00    0.00    0.00    0.00    0.95   -0.62    3.35    4.72    4.17   26.10
G-C     0.00    0.00    0.00    0.00    0.00    0.00    0.03    0.76    3.23   -4.84    4.22   38.37
C-G     0.00    0.00    0.00    0.00    0.00    0.00   -0.90   -0.10    3.48    0.36  -10.06   34.22
C-G     0.00    0.00    0.00    0.00    0.00    0.00    0.26    1.99    3.93    2.47  -11.31   50.03
T-A     0.00    0.00    0.00    0.00    0.00    0.00    0.03    1.18    3.28   -0.69   -6.43   38.25
T-A     0.00    0.00    0.00    0.00    0.00    0.00    0.10    0.28    3.01   -2.16    1.86   32.77
T-A     0.00    0.00    0.00    0.00    0.00    0.00    0.36   -0.14    3.40    2.09   11.14   29.73
T-A     0.00    0.00    0.00    0.00    0.00    0.00   -0.02    0.44    3.53    1.67   14.85   36.51
G-C     0.00    0.00    0.00    0.00    0.00    0.00   -0.27   -1.30    3.44    2.58   16.69   19.27
A-T     0.00    0.00    0.00    0.00    0.00    0.00    0.50    0.19    3.28   -5.72    9.60   36.95
T-A     0.00    0.00    0.00    0.00    0.00    0.00   -0.67   -1.10    3.15   -4.13    6.69   19.28
G-C     0.00    0.00    0.00    0.00    0.00    0.00    0.19    1.24    3.20    2.84   -6.66   45.12
G-C     0.00    0.00    0.00    0.00    0.00    0.00    0.48    0.08    3.45    3.89    6.23   30.32
A-T     0.00    0.00    0.00    0.00    0.00    0.00   -0.78    1.44    3.20   -5.75   -6.62   44.74
G-C     0.00    0.00    0.00    0.00    0.00    0.00    0.89    0.03    3.02    0.21   -6.44   31.88
C-G     0.00    0.00    0.00    0.00    0.00    0.00   -0.18    0.65    3.56   -3.09   -4.66   40.68
A-T     0.00    0.00    0.00    0.00    0.00    0.00    0.76    0.16    3.54    7.19    4.73   32.02
G-C     0.00    0.00    0.00    0.00    0.00    0.00   -1.30   -0.03    3.57   -4.41   11.66   39.41
T-A     0.00    0.00    0.00    0.00    0.00    0.00   -0.75   -0.76    3.16   -3.09   10.55   27.77
T-A     0.00    0.00    0.00    0.00    0.00    0.00   -0.62    0.25    3.19   -0.43    1.82   37.22
T-A     0.00    0.00    0.00    0.00    0.00    0.00    0.84   -0.40    3.27    2.36    7.63   27.25
C-G     0.00    0.00    0.00    0.00    0.00    0.00    1.00    1.21    2.98    6.94    3.53   40.02
C-G     0.00    0.00    0.00    0.00    0.00    0.00   -0.69    1.07    3.51   -8.64    1.69   31.99
A-T     0.00    0.00    0.00    0.00    0.00    0.00   -0.12    2.22    3.10    7.29  -14.58   46.41
A-T     0.00    0.00    0.00    0.00    0.00    0.00    0.40   -0.50    3.27   -2.44    0.92   29.89
A-T     0.00    0.00    0.00    0.00    0.00    0.00   -0.74   -0.20    3.61    1.16    3.90   40.91
T-A     0.00    0.00    0.00    0.00    0.00    0.00   -0.03   -0.57    3.20   -2.22   -4.16   32.19
A-T     0.00    0.00    0.00    0.00    0.00    0.00   -0.27   -0.48    3.12   -8.92    3.03   33.89
C-G     0.00    0.00    0.00    0.00    0.00    0.00    0.23   -0.87    3.06    1.86    5.43   25.82
A-T     0.00    0.00    0.00    0.00    0.00    0.00    0.46   -0.32    3.69    3.76    9.45   40.80
C-G     0.00    0.00    0.00    0.00    0.00    0.00    0.29   -0.36    3.57    1.06    7.65   34.76
T-A     0.00    0.00    0.00    0.00    0.00    0.00   -0.19   -0.18    3.18    1.60    7.67   33.31
T-A     0.00    0.00    0.00    0.00    0.00    0.00   -0.22   -0.20    3.47   -8.74   -6.14   34.43
T-A     0.00    0.00    0.00    0.00    0.00    0.00   -0.40   -0.02    2.91    5.39    1.14   36.80
T-A     0.00    0.00    0.00    0.00    0.00    0.00   -0.58    0.13    3.60   -2.45   -4.50   35.96
G-C     0.00    0.00    0.00    0.00    0.00    0.00   -0.12    2.56    3.27   -0.15   -5.29   43.87
G-C     0.00    0.00    0.00    0.00    0.00    0.00   -0.26    0.15    2.80  -10.99    0.90   25.09
T-A     0.00    0.00    0.00    0.00    0.00    0.00    0.54   -0.13    3.18    3.83   11.57   34.08
A-T     0.00    0.00    0.00    0.00    0.00    0.00   -0.95   -0.20    3.45    2.08    8.55   30.51
G-C     0.00    0.00    0.00    0.00    0.00    0.00    0.47    0.18    3.42    2.16   16.14   32.75
A-T     0.00    0.00    0.00    0.00    0.00    0.00    0.01   -0.58    3.10   -6.10   10.67   24.99
A-T     0.00    0.00    0.00    0.00    0.00    0.00    0.13   -0.67    3.02   -6.48    4.19   34.25
T-A     0.00    0.00    0.00    0.00    0.00    0.00    0.26   -1.17    3.46   -0.76  -12.22   31.54
C-G     0.00    0.00    0.00    0.00    0.00    0.00   -0.01   -0.40    3.30    3.53    1.12   42.14
T-A     0.00    0.00    0.00    0.00    0.00    0.00   -0.74   -0.38    3.31   -5.18   -2.56   29.52
G-C     0.00    0.00    0.00    0.00    0.00    0.00   -0.40    2.08    3.25    1.56   -8.79   46.07
C-G     0.00    0.00    0.00    0.00    0.00    0.00    0.34    0.75    3.02    4.83   -0.33   33.51
A-T     0.00    0.00    0.00    0.00    0.00    0.00    0.14    2.56    3.21    0.70   -0.69   41.07
G-C     0.00    0.00    0.00    0.00    0.00    0.00    0.55    0.74    3.14   -5.54    5.97   31.67
G-C     0.00    0.00    0.00    0.00    0.00    0.00   -0.67   -0.44    3.30   -0.37   18.96   31.05
T-A     0.00    0.00    0.00    0.00    0.00    0.00   -0.38   -0.52    3.43   -1.12    4.59   31.54
G-C     0.00    0.00    0.00    0.00    0.00    0.00    0.09    0.28    3.62    1.47   10.58   34.67
G-C     0.00    0.00    0.00    0.00    0.00    0.00    0.32   -0.08    3.04   -1.59    4.95   30.87
A-T     0.00    0.00    0.00    0.00    0.00    0.00   -0.09   -0.26    3.00   -1.15    3.54   35.32
T-A     0.00    0.00    0.00    0.00    0.00    0.00   -0.31   -0.66    3.45   -3.65   -2.25   32.28
A-T     0.00    0.00    0.00    0.00    0.00    0.00   -0.46    0.01    3.65    3.68   -5.22   41.98
T-A     0.00    0.00    0.00    0.00    0.00    0.00    0.00   -1.02    3.16   -5.95   -0.86   29.48
T-A     0.00    0.00    0.00    0.00    0.00    0.00    0.10    0.44    3.32    4.21    1.18   37.91
G-C     0.00    0.00    0.00    0.00    0.00    0.00    0.16    0.04    3.19    2.92    1.73   35.61
A-T     0.00    0.00    0.00    0.00    0.00    0.00   -0.21   -0.54    3.34   -1.89    9.35   30.75
T-A     0.00    0.00    0.00    0.00    0.00    0.00    0.98   -0.31    3.27   -0.07   -2.98   35.92
