 146 base-pairs
   0  ***local base-pair & step parameters***
       Shear  Stretch  Stagger Buckle Prop-Tw Opening   Shift  Slide    Rise    Tilt    Roll   Twist
A-T     0.00    0.00    0.00    0.00    0.00    0.00    0.00    0.00    0.00    0.00    0.00    0.00
T-A     0.00    0.00    0.00    0.00    0.00    0.00   -1.11   -0.88    3.21   -4.38    2.58   30.62
C-G     0.00    0.00    0.00    0.00    0.00    0.00    0.91   -0.02    3.05    4.40   -1.32   38.43
A-T     0.00    0.00    0.00    0.00    0.00    0.00   -0.51    0.31    3.39   -3.70    8.02   34.78
A-T     0.00    0.00    0.00    0.00    0.00    0.00    0.16    0.79    3.12   -1.50   -3.44   37.98
T-A     0.00    0.00    0.00    0.00    0.00    0.00   -0.09   -0.96    3.25    3.76    2.55   32.58
A-T     0.00    0.00    0.00    0.00    0.00    0.00   -0.11   -0.38    3.48   -3.20   -9.07   41.78
T-A     0.00    0.00    0.00    0.00    0.00    0.00    0.66   -0.64    3.31    8.73    2.77   34.14
C-G     0.00    0.00    0.00    0.00    0.00    0.00    0.26   -0.05    3.22   -4.42   -1.96   32.11
C-G     0.00    0.00    0.00    0.00    0.00    0.00   -0.24    0.07    3.16    1.04    8.10   27.95
A-T     0.00    0.00    0.00    0.00    0.00    0.00   -0.45    0.15    3.49    1.56    7.24   32.21
C-G     0.00    0.00    0.00    0.00    0.00    0.00   -0.13   -0.22    3.43   -4.65    7.48   34.07
C-G     0.00    0.00    0.00    0.00    0.00    0.00    0.43   -0.68    3.36    1.51   10.55   29.84
T-A     0.00    0.00    0.00    0.00    0.00    0.00   -0.61    0.28    3.40   -2.39    8.09   33.85
G-C     0.00    0.00    0.00    0.00    0.00    0.00    0.24    1.28    3.30   -0.67   -6.18   37.81
C-G     0.00    0.00    0.00    0.00    0.00    0.00   -0.20    0.31    3.55   -2.70    4.00   38.87
A-T     0.00    0.00    0.00    0.00    0.00    0.00   -0.05    1.48    3.18    0.73  -20.46   42.47
G-C     0.00    0.00    0.00    0.00    0.00    0.00    0.59   -0.17    3.25    4.78    1.20   34.03
A-T     0.00    0.00    0.00    0.00    0.00    0.00    0.05   -0.24    3.34   -0.84   -6.45   38.81
T-A     0.00    0.00    0.00    0.00    0.00    0.00    0.08   -0.35    3.11    4.28   -3.35   35.39
T-A     0.00    0.00    0.00    0.00    0.00    0.00    0.14   -1.24    3.11    1.92    1.99   29.14
C-G     0.00    0.00    0.00    0.00    0.00    0.00   -0.30   -0.32    3.05    6.65    9.75   27.12
T-A     0.00    0.00    0.00    0.00    0.00    0.00   -0.26   -0.13    3.84   -2.20   15.25   30.72
A-T     0.00    0.00    0.00    0.00    0.00    0.00    1.48    0.34    3.37    2.58   17.33   32.25
C-G     0.00    0.00    0.00    0.00    0.00    0.00   -0.44   -0.16    2.93   -8.34    6.38   29.30
C-G     0.00    0.00    0.00    0.00    0.00    0.00    0.08    0.31    3.05    7.65    7.73   32.44
A-T     0.00    0.00    0.00    0.00    0.00    0.00   -0.10    2.18    2.97    0.54  -16.24   40.91
A-T     0.00    0.00    0.00    0.00    0.00    0.00    0.88    0.34    3.62    2.54    4.26   38.07
A-T     0.00    0.00    0.00    0.00    0.00    0.00    0.14    0.11    3.27   -2.63   -8.40   41.14
A-T     0.00    0.00    0.00    0.00    0.00    0.00    0.30   -0.59    3.29   -1.05    3.04   32.60
G-C     0.00    0.00    0.00    0.00    0.00    0.00   -0.28   -0.81    3.51    0.08   -1.45   34.71
T-A     0.00    0.00    0.00    0.00    0.00    0.00    0.29   -0.30    3.21    7.23    0.83   29.34
G-C     0.00    0.00    0.00    0.00    0.00    0.00    0.32   -0.07    3.54   -2.52   10.52   33.54
T-A     0.00    0.00    0.00    0.00    0.00    0.00   -0.54   -0.83    3.09    1.82   17.76   25.27
A-T     0.00    0.00    0.00    0.00    0.00    0.00   -0.38   -0.31    3.54   -7.06    0.65   40.88
T-A     0.00    0.00    0.00    0.00    0.00    0.00    0.66   -1.17    3.54    4.36    3.33   30.68
T-A     0.00    0.00    0.00    0.00    0.00    0.00    0.29   -0.23    3.16   -2.64   -9.92   41.56
T-A     0.00    0.00    0.00    0.00    0.00    0.00   -0.52   -0.46    3.47    0.30    5.53   30.88
G-C     0.00    0.00    0.00    0.00    0.00    0.00   -0.21    2.42    3.17   -2.22  -18.64   46.21
G-C     0.00    0.00    0.00    0.00    0.00    0.00    0.37    0.88    3.20    3.88    0.69   30.18
A-T     0.00    0.00    0.00    0.00    0.00    0.00   -0.78    1.03    3.44   -6.45    2.64   38.17
A-T     0.00    0.00    0.00    0.00    0.00    0.00    0.11   -0.33    3.19   -3.01    8.23   30.67
A-T     0.00    0.00    0.00    0.00    0.00    0.00   -0.23    0.10    3.41   -4.46    9.04   35.97
C-G     0.00    0.00    0.00    0.00    0.00    0.00    0.36   -0.87    2.91    6.15    0.87   28.64
T-A     0.00    0.00    0.00    0.00    0.00    0.00    1.34    0.29    3.44    1.76   11.80   37.16
G-C     0.00    0.00    0.00    0.00    0.00    0.00   -1.63    0.32    3.65   -6.43   10.61   34.84
C-G     0.00    0.00    0.00    0.00    0.00    0.00    0.32    0.82    3.29   -0.25  -12.63   45.71
T-A     0.00    0.00    0.00    0.00    0.00    0.00   -0.49    0.17    3.31    0.78   -0.63   33.55
C-G     0.00    0.00    0.00    0.00    0.00    0.00    0.52    1.66    2.82    6.62  -10.94   43.08
C-G     0.00    0.00    0.00    0.00    0.00    0.00   -0.02    0.16    3.45   -3.39    7.49   32.44
A-T     0.00    0.00    0.00    0.00    0.00    0.00    0.14    1.47    3.39   -6.08   -6.32   44.92
T-A     0.00    0.00    0.00    0.00    0.00    0.00    0.42   -0.82    3.25    7.09    0.01   27.24
C-G     0.00    0.00    0.00    0.00    0.00    0.00    0.58    0.12    3.42    4.55   15.26   35.16
A-T     0.00    0.00    0.00    0.00    0.00    0.00   -0.26    0.03    3.56    2.04   14.33   32.05
A-T     0.00    0.00    0.00    0.00    0.00    0.00    0.08    0.94    3.65   -4.91    5.17   44.31
A-T     0.00    0.00    0.00    0.00    0.00    0.00   -0.43    0.08    3.05   -1.26    1.44   35.10
A-T     0.00    0.00    0.00    0.00    0.00    0.00   -0.33   -0.43    3.12   -6.32   -4.86   37.19
G-C     0.00    0.00    0.00    0.00    0.00    0.00   -0.60    0.31    3.81   -4.22   -4.50   34.04
G-C     0.00    0.00    0.00    0.00    0.00    0.00   -0.39    0.88    3.55   -4.88  -32.67   40.55
C-G     0.00    0.00    0.00    0.00    0.00    0.00    0.97   -0.63    3.95    2.25  -12.65   31.49
A-T     0.00    0.00    0.00    0.00    0.00    0.00    0.21    1.04    3.37   10.17   -1.40   41.69
T-A     0.00    0.00    0.00    0.00    0.00    0.00    0.07   -0.23    3.90    0.81   19.99   27.46
G-C     0.00    0.00    0.00    0.00    0.00    0.00    0.20    0.86    3.58   -0.97    9.27   39.11
T-A     0.00    0.00    0.00    0.00    0.00    0.00   -1.00   -0.73    3.34   -3.51    8.84   21.86
T-A     0.00    0.00    0.00    0.00    0.00    0.00    0.65    0.57    3.19    4.81   -3.00   41.45
C-G     0.00    0.00    0.00    0.00    0.00    0.00    0.61    0.20    3.17    5.25   14.18   28.25
A-T     0.00    0.00    0.00    0.00    0.00    0.00   -0.69    1.75    3.76   -3.06   -7.31   48.73
G-C     0.00    0.00    0.00    0.00    0.00    0.00    0.92    1.03    3.41    4.79   -3.06   32.21
C-G     0.00    0.00    0.00    0.00    0.00    0.00   -0.97    0.82    3.24   -6.36   -5.26   41.79
T-A     0.00    0.00    0.00    0.00    0.00    0.00    0.82    0.35    3.35    4.69    3.62   31.55
G-C     0.00    0.00    0.00    0.00    0.00    0.00    0.07    1.84    3.14   -0.38   -2.22   42.12
A-T     0.00    0.00    0.00    0.00    0.00    0.00    0.04   -0.52    3.42   -6.11   11.38   26.97
A-T     0.00    0.00    0.00    0.00    0.00    0.00   -0.72    0.17    3.25    1.44    2.08   39.46
T-A     0.00    0.00    0.00    0.00    0.00    0.00    0.26   -1.36    3.20   -1.45   11.33   25.01
T-A     0.00    0.00    0.00    0.00    0.00    0.00    0.27    0.33    3.28    5.47    4.28   37.21
C-G     0.00    0.00    0.00    0.00    0.00    0.00   -0.40   -0.29    3.25    0.15    8.91   26.52
A-T     0.00    0.00    0.00    0.00    0.00    0.00   -0.28    2.08    3.57   -0.48   -1.24   45.78
G-C     0.00    0.00    0.00    0.00    0.00    0.00    0.26    0.57    3.16   -1.81   -4.03   32.08
C-G     0.00    0.00    0.00    0.00    0.00    0.00    0.06    1.22    3.48   -1.46   -6.42   44.52
T-A     0.00    0.00    0.00    0.00    0.00    0.00    0.01    1.10    3.44    0.08   -5.16   35.20
G-C     0.00    0.00    0.00    0.00    0.00    0.00    0.05    1.38    3.37    0.25    3.90   40.63
A-T     0.00    0.00    0.00    0.00    0.00    0.00   -0.66   -0.35    3.21   -1.75   10.03   28.47
A-T     0.00    0.00    0.00    0.00    0.00    0.00    0.33    0.61    3.23   -0.44    3.45   38.28
C-G     0.00    0.00    0.00    0.00    0.00    0.00    0.12   -0.90    3.36    1.79    9.99   25.64
A-T     0.00    0.00    0.00    0.00    0.00    0.00   -0.37    0.73    3.55    0.00    7.83   39.07
T-A     0.00    0.00    0.00    0.00    0.00    0.00    0.66   -0.66    3.27    2.72    4.06   25.20
G-C     0.00    0.00    0.00    0.00    0.00    0.00    0.04    0.82    3.31   -3.66    3.41   38.12
C-G     0.00    0.00    0.00    0.00    0.00    0.00   -0.65   -0.08    3.49    1.04   -9.16   35.52
C-G     0.00    0.00    0.00    0.00    0.00    0.00    0.00    1.90    3.82    0.60  -11.51   48.90
T-A     0.00    0.00    0.00    0.00    0.00    0.00    0.11    1.24    3.36    0.67   -6.98   38.10
T-A     0.00    0.00    0.00    0.00    0.00    0.00    0.23    0.33    3.04   -1.84    2.64   34.04
T-A     0.00    0.00    0.00    0.00    0.00    0.00    0.15   -0.26    3.29    0.46   10.70   28.60
T-A     0.00    0.00    0.00    0.00    0.00    0.00    0.14    0.49    3.59    3.16   14.67   36.49
G-C     0.00    0.00    0.00    0.00    0.00    0.00   -0.27   -1.21    3.49    2.50   17.39   20.27
A-T     0.00    0.00    0.00    0.00    0.00    0.00    0.34    0.05    3.18   -7.04    8.83   36.00
T-A     0.00    0.00    0.00    0.00    0.00    0.00   -0.45   -1.06    3.19   -2.59    6.89   19.44
G-C     0.00    0.00    0.00    0.00    0.00    0.00    0.07    1.35    3.25    2.41   -5.97   45.64
G-C     0.00    0.00    0.00    0.00    0.00    0.00    0.38   -0.05    3.39    2.90    5.11   29.70
A-T     0.00    0.00    0.00    0.00    0.00    0.00   -0.52    1.45    3.21   -4.28   -6.10   45.12
G-C     0.00    0.00    0.00    0.00    0.00    0.00    0.69    0.14    3.06   -0.46   -5.69   31.78
C-G     0.00    0.00    0.00    0.00    0.00    0.00   -0.22    0.55    3.53   -3.76   -6.09   40.46
A-T     0.00    0.00    0.00    0.00    0.00    0.00    1.02    0.15    3.52    8.49    5.41   32.66
G-C     0.00    0.00    0.00    0.00    0.00    0.00   -1.54    0.06    3.59   -5.14   12.53   38.63
T-A     0.00    0.00    0.00    0.00    0.00    0.00   -0.75   -0.82    3.18   -3.48    8.95   27.96
T-A     0.00    0.00    0.00    0.00    0.00    0.00   -0.39    0.22    3.16    0.55    2.48   38.12
T-A     0.00    0.00    0.00    0.00    0.00    0.00    0.60   -0.35    3.26    1.76    8.64   25.84
C-G     0.00    0.00    0.00    0.00    0.00    0.00    1.05    1.19    3.05    6.76    1.94   40.55
C-G     0.00    0.00    0.00    0.00    0.00    0.00   -0.54    1.04    3.47   -8.11    2.13   33.12
A-T     0.00    0.00    0.00    0.00    0.00    0.00   -0.31    2.23    3.05    7.01  -13.44   44.52
A-T     0.00    0.00    0.00    0.00    0.00    0.00    0.48   -0.47    3.36   -2.48   -0.44   30.64
A-T     0.00    0.00    0.00    0.00    0.00    0.00   -0.69   -0.22    3.57    1.15    3.94   42.18
T-A     0.00    0.00    0.00    0.00    0.00    0.00   -0.14   -0.61    3.12   -2.03   -2.95   30.06
A-T     0.00    0.00    0.00    0.00    0.00    0.00   -0.16   -0.40    3.23   -8.88    2.12   34.72
C-G     0.00    0.00    0.00    0.00    0.00    0.00    0.15   -0.88    3.04    1.25    4.96   27.13
A-T     0.00    0.00    0.00    0.00    0.00    0.00    0.45   -0.40    3.60    4.51   10.63   38.70
C-G     0.00    0.00    0.00    0.00    0.00    0.00    0.43   -0.27    3.68    1.13    7.35   35.52
T-A     0.00    0.00    0.00    0.00    0.00    0.00   -0.40   -0.16    3.18    0.39    6.65   34.52
T-A     0.00    0.00    0.00    0.00    0.00    0.00   -0.12   -0.32    3.38   -7.42   -5.12   32.65
T-A     0.00    0.00    0.00    0.00    0.00    0.00   -0.25    0.08    2.98    5.46    1.57   37.36
T-A     0.00    0.00    0.00    0.00    0.00    0.00   -0.91    0.16    3.62   -4.19   -6.02   36.93
G-C     0.00    0.00    0.00    0.00    0.00    0.00    0.08    2.43    3.19    1.67   -4.55   42.64
G-C     0.00    0.00    0.00    0.00    0.00    0.00   -0.10    0.23    2.84  -10.92    2.07   25.36
T-A     0.00    0.00    0.00    0.00    0.00    0.00    0.12   -0.08    3.22    1.68    9.68   34.67
A-T     0.00    0.00    0.00    0.00    0.00    0.00   -0.68   -0.32    3.40    4.26    8.92   30.02
G-C     0.00    0.00    0.00    0.00    0.00    0.00    0.64    0.23    3.41    2.23   17.95   32.69
A-T     0.00    0.00    0.00    0.00    0.00    0.00   -0.45   -0.53    3.14   -8.48    8.59   25.13
A-T     0.00    0.00    0.00    0.00    0.00    0.00    0.44   -0.75    3.01   -4.14    4.14   34.55
T-A     0.00    0.00    0.00    0.00    0.00    0.00    0.41   -1.15    3.41   -0.69   -9.94   31.17
C-G     0.00    0.00    0.00    0.00    0.00    0.00   -0.46   -0.35    3.34    1.13   -0.94   41.79
T-A     0.00    0.00    0.00    0.00    0.00    0.00   -0.44   -0.43    3.35   -2.91   -3.03   30.57
G-C     0.00    0.00    0.00    0.00    0.00    0.00   -0.28    2.06    3.16    1.65   -6.27   45.44
C-G     0.00    0.00    0.00    0.00    0.00    0.00   -0.04    0.78    3.05    2.63   -2.15   32.72
A-T     0.00    0.00    0.00    0.00    0.00    0.00    0.40    2.58    3.29    2.67   -1.51   42.73
G-C     0.00    0.00    0.00    0.00    0.00    0.00    0.63    0.69    3.02   -5.41    8.45   30.88
G-C     0.00    0.00    0.00    0.00    0.00    0.00   -0.95   -0.43    3.31   -2.18   17.54   29.94
T-A     0.00    0.00    0.00    0.00    0.00    0.00   -0.19   -0.45    3.55    0.36    3.53   33.59
G-C     0.00    0.00    0.00    0.00    0.00    0.00    0.13    0.21    3.50    1.66   12.77   33.79
G-C     0.00    0.00    0.00    0.00    0.00    0.00    0.18   -0.10    3.03   -2.87    4.05   29.59
A-T     0.00    0.00    0.00    0.00    0.00    0.00    0.00   -0.14    3.13   -0.28    2.38   37.49
T-A     0.00    0.00    0.00    0.00    0.00    0.00   -0.33   -0.74    3.34   -3.39   -0.56   31.41
A-T     0.00    0.00    0.00    0.00    0.00    0.00   -0.45   -0.05    3.62    3.00   -5.58   40.74
T-A     0.00    0.00    0.00    0.00    0.00    0.00   -0.02   -0.87    3.29   -5.78   -1.96   31.49
T-A     0.00    0.00    0.00    0.00    0.00    0.00    0.04    0.37    3.23    4.54    2.24   37.11
G-C     0.00    0.00    0.00    0.00    0.00    0.00    0.33   -0.05    3.14    2.84    1.89   34.61
A-T     0.00    0.00    0.00    0.00    0.00    0.00   -0.33   -0.38    3.44   -2.40    8.42   32.36
T-A     0.00    0.00    0.00    0.00    0.00    0.00    0.88   -0.37    3.23    0.37   -2.58   35.22
