 146 base-pairs
   0  ***local base-pair & step parameters***
       Shear  Stretch  Stagger Buckle Prop-Tw Opening   Shift  Slide    Rise    Tilt    Roll   Twist
A-T     0.00    0.00    0.00    0.00    0.00    0.00    0.00    0.00    0.00    0.00    0.00    0.00
T-A     0.00    0.00    0.00    0.00    0.00    0.00   -0.96   -0.89    3.18   -3.00    1.97   31.34
C-G     0.00    0.00    0.00    0.00    0.00    0.00    0.81    0.02    3.09    2.96   -1.63   38.30
A-T     0.00    0.00    0.00    0.00    0.00    0.00   -0.45    0.25    3.35   -2.28    9.06   34.36
A-T     0.00    0.00    0.00    0.00    0.00    0.00    0.12    0.83    3.18   -2.83   -4.68   38.67
T-A     0.00    0.00    0.00    0.00    0.00    0.00   -0.05   -0.96    3.19    4.99    3.39   32.02
A-T     0.00    0.00    0.00    0.00    0.00    0.00   -0.18   -0.42    3.53   -4.34   -9.09   41.86
T-A     0.00    0.00    0.00    0.00    0.00    0.00    0.75   -0.57    3.27    9.81    1.89   34.65
C-G     0.00    0.00    0.00    0.00    0.00    0.00    0.16   -0.14    3.24   -5.50   -0.50   31.13
C-G     0.00    0.00    0.00    0.00    0.00    0.00   -0.15    0.14    3.16    2.15    6.64   29.06
A-T     0.00    0.00    0.00    0.00    0.00    0.00   -0.51    0.12    3.48    0.45    8.12   31.38
C-G     0.00    0.00    0.00    0.00    0.00    0.00   -0.11   -0.22    3.43   -3.59    7.51   34.34
C-G     0.00    0.00    0.00    0.00    0.00    0.00    0.47   -0.65    3.36    0.57    9.67   30.19
T-A     0.00    0.00    0.00    0.00    0.00    0.00   -0.68    0.25    3.39   -1.64    9.41   33.10
G-C     0.00    0.00    0.00    0.00    0.00    0.00    0.32    1.28    3.32   -1.20   -7.32   38.60
C-G     0.00    0.00    0.00    0.00    0.00    0.00   -0.26    0.35    3.54   -2.38    4.45   38.43
A-T     0.00    0.00    0.00    0.00    0.00    0.00   -0.01    1.41    3.17    0.57  -20.00   42.34
G-C     0.00    0.00    0.00    0.00    0.00    0.00    0.57   -0.08    3.27    4.83    0.02   34.68
A-T     0.00    0.00    0.00    0.00    0.00    0.00    0.07   -0.33    3.30   -0.84   -5.06   37.90
T-A     0.00    0.00    0.00    0.00    0.00    0.00    0.04   -0.30    3.16    4.23   -4.35   36.15
T-A     0.00    0.00    0.00    0.00    0.00    0.00    0.22   -1.25    3.05    2.05    2.15   28.86
C-G     0.00    0.00    0.00    0.00    0.00    0.00   -0.43   -0.35    3.09    6.39   10.51   26.76
T-A     0.00    0.00    0.00    0.00    0.00    0.00   -0.10   -0.08    3.81   -1.76   13.87   31.59
A-T     0.00    0.00    0.00    0.00    0.00    0.00    1.31    0.31    3.39    1.92   18.76   31.21
C-G     0.00    0.00    0.00    0.00    0.00    0.00   -0.28   -0.16    2.91   -7.47    5.49   30.12
C-G     0.00    0.00    0.00    0.00    0.00    0.00   -0.05    0.36    3.08    6.63    7.73   32.14
A-T     0.00    0.00    0.00    0.00    0.00    0.00   -0.01    2.10    2.93    1.65  -15.41   40.63
A-T     0.00    0.00    0.00    0.00    0.00    0.00    0.81    0.41    3.68    1.40    3.00   38.73
A-T     0.00    0.00    0.00    0.00    0.00    0.00    0.21    0.06    3.20   -1.52   -7.32   40.46
A-T     0.00    0.00    0.00    0.00    0.00    0.00    0.21   -0.59    3.36   -2.14    2.67   32.91
G-C     0.00    0.00    0.00    0.00    0.00    0.00   -0.15   -0.76    3.45    1.19   -2.00   35.00
T-A     0.00    0.00    0.00    0.00    0.00    0.00    0.13   -0.37    3.25    6.05    2.14   28.49
G-C     0.00    0.00    0.00    0.00    0.00    0.00    0.48    0.00    3.51   -1.25    8.96   34.69
T-A     0.00    0.00    0.00    0.00    0.00    0.00   -0.68   -0.86    3.10    0.45   18.96   24.23
A-T     0.00    0.00    0.00    0.00    0.00    0.00   -0.28   -0.31    3.52   -5.63    0.26   41.45
T-A     0.00    0.00    0.00    0.00    0.00    0.00    0.60   -1.14    3.57    2.95    2.80   30.72
T-A     0.00    0.00    0.00    0.00    0.00    0.00    0.30   -0.27    3.12   -1.33   -8.76   41.02
T-A     0.00    0.00    0.00    0.00    0.00    0.00   -0.52   -0.43    3.51   -0.87    4.32   31.60
G-C     0.00    0.00    0.00    0.00    0.00    0.00   -0.21    2.44    3.12   -1.22  -17.95   45.71
G-C     0.00    0.00    0.00    0.00    0.00    0.00    0.34    0.82    3.23    3.00    0.88   30.16
A-T     0.00    0.00    0.00    0.00    0.00    0.00   -0.73    1.11    3.42   -5.67    1.61   38.77
A-T     0.00    0.00    0.00    0.00    0.00    0.00    0.05   -0.42    3.18   -3.76    9.71   29.69
A-T     0.00    0.00    0.00    0.00    0.00    0.00   -0.18    0.16    3.44   -3.73    7.73   36.97
C-G     0.00    0.00    0.00    0.00    0.00    0.00    0.36   -0.89    2.88    5.47    1.48   28.01
T-A     0.00    0.00    0.00    0.00    0.00    0.00    1.29    0.28    3.47    2.34   12.13   37.19
G-C     0.00    0.00    0.00    0.00    0.00    0.00   -1.54    0.35    3.63   -6.84    9.50   35.40
C-G     0.00    0.00    0.00    0.00    0.00    0.00    0.20    0.79    3.30   -0.05  -11.24   44.82
T-A     0.00    0.00    0.00    0.00    0.00    0.00   -0.37    0.17    3.31    0.82   -1.70   34.37
C-G     0.00    0.00    0.00    0.00    0.00    0.00    0.42    1.70    2.83    6.37  -10.66   42.68
C-G     0.00    0.00    0.00    0.00    0.00    0.00    0.06    0.09    3.43   -2.98    8.11   32.25
A-T     0.00    0.00    0.00    0.00    0.00    0.00    0.09    1.56    3.43   -6.57   -7.56   45.58
T-A     0.00    0.00    0.00    0.00    0.00    0.00    0.47   -0.89    3.19    7.63    1.30   26.42
C-G     0.00    0.00    0.00    0.00    0.00    0.00    0.51    0.15    3.49    3.98   14.51   35.74
A-T     0.00    0.00    0.00    0.00    0.00    0.00   -0.14    0.04    3.50    2.68   14.18   32.02
A-T     0.00    0.00    0.00    0.00    0.00    0.00   -0.08    0.89    3.70   -5.66    6.19   43.72
A-T     0.00    0.00    0.00    0.00    0.00    0.00   -0.25    0.14    3.02   -0.34   -0.06   36.13
A-T     0.00    0.00    0.00    0.00    0.00    0.00   -0.50   -0.46    3.15   -7.42   -3.48   36.11
G-C     0.00    0.00    0.00    0.00    0.00    0.00   -0.45    0.31    3.79   -2.96   -5.22   34.80
G-C     0.00    0.00    0.00    0.00    0.00    0.00   -0.51    0.93    3.58   -6.23  -32.86   40.35
C-G     0.00    0.00    0.00    0.00    0.00    0.00    1.05   -0.69    3.90    3.63  -11.68   31.12
A-T     0.00    0.00    0.00    0.00    0.00    0.00    0.16    1.09    3.43    8.84   -2.65   42.36
T-A     0.00    0.00    0.00    0.00    0.00    0.00    0.12   -0.25    3.83    2.05   20.92   26.86
G-C     0.00    0.00    0.00    0.00    0.00    0.00    0.13    0.84    3.64   -2.15    9.14   39.27
T-A     0.00    0.00    0.00    0.00    0.00    0.00   -0.89   -0.66    3.29   -2.35    8.06   22.30
T-A     0.00    0.00    0.00    0.00    0.00    0.00    0.52    0.48    3.22    3.64   -1.58   40.49
C-G     0.00    0.00    0.00    0.00    0.00    0.00    0.73    0.27    3.16    6.47   12.67   29.39
A-T     0.00    0.00    0.00    0.00    0.00    0.00   -0.78    1.71    3.76   -4.31   -6.31   47.82
G-C     0.00    0.00    0.00    0.00    0.00    0.00    0.97    1.02    3.41    6.02   -3.18   32.59
C-G     0.00    0.00    0.00    0.00    0.00    0.00   -0.96    0.85    3.25   -7.51   -6.03   42.02
T-A     0.00    0.00    0.00    0.00    0.00    0.00    0.78    0.31    3.33    5.68    4.89   30.87
G-C     0.00    0.00    0.00    0.00    0.00    0.00    0.13    1.85    3.17   -1.16   -3.39   42.88
A-T     0.00    0.00    0.00    0.00    0.00    0.00    0.00   -0.49    3.39   -5.52   11.91   26.51
A-T     0.00    0.00    0.00    0.00    0.00    0.00   -0.70    0.10    3.26    1.01    2.46   39.37
T-A     0.00    0.00    0.00    0.00    0.00    0.00    0.26   -1.26    3.21   -1.13   10.18   25.66
T-A     0.00    0.00    0.00    0.00    0.00    0.00    0.27    0.24    3.24    5.20    5.71   36.27
C-G     0.00    0.00    0.00    0.00    0.00    0.00   -0.41   -0.23    3.29    0.37    7.79   27.37
A-T     0.00    0.00    0.00    0.00    0.00    0.00   -0.23    2.07    3.52   -0.63   -0.93   45.38
G-C     0.00    0.00    0.00    0.00    0.00    0.00    0.15    0.55    3.20   -1.79   -3.40   31.85
C-G     0.00    0.00    0.00    0.00    0.00    0.00    0.20    1.26    3.45   -1.29   -7.72   45.29
T-A     0.00    0.00    0.00    0.00    0.00    0.00   -0.15    1.07    3.46   -0.31   -3.73   34.20
G-C     0.00    0.00    0.00    0.00    0.00    0.00    0.20    1.37    3.35    0.87    2.94   41.45
A-T     0.00    0.00    0.00    0.00    0.00    0.00   -0.79   -0.30    3.24   -2.54   10.13   28.14
A-T     0.00    0.00    0.00    0.00    0.00    0.00    0.42    0.54    3.19    0.47    4.22   38.03
C-G     0.00    0.00    0.00    0.00    0.00    0.00    0.05   -0.82    3.42    0.84    8.73   26.30
A-T     0.00    0.00    0.00    0.00    0.00    0.00   -0.30    0.68    3.48    0.96    8.99   38.35
T-A     0.00    0.00    0.00    0.00    0.00    0.00    0.57   -0.65    3.34    1.75    3.56   25.60
G-C     0.00    0.00    0.00    0.00    0.00    0.00    0.16    0.86    3.25   -2.65    2.98   38.31
C-G     0.00    0.00    0.00    0.00    0.00    0.00   -0.81   -0.15    3.54   -0.05   -7.94   34.74
C-G     0.00    0.00    0.00    0.00    0.00    0.00    0.17    1.96    3.79    1.81  -13.07   50.02
T-A     0.00    0.00    0.00    0.00    0.00    0.00   -0.05    1.21    3.38   -0.67   -5.70   37.03
T-A     0.00    0.00    0.00    0.00    0.00    0.00    0.35    0.33    3.02   -0.41    2.14   34.69
T-A     0.00    0.00    0.00    0.00    0.00    0.00    0.07   -0.22    3.32   -0.99   10.28   28.55
T-A     0.00    0.00    0.00    0.00    0.00    0.00    0.18    0.44    3.55    4.55   15.76   36.02
G-C     0.00    0.00    0.00    0.00    0.00    0.00   -0.29   -1.18    3.55    1.22   16.16   20.97
A-T     0.00    0.00    0.00    0.00    0.00    0.00    0.36    0.06    3.13   -5.89    9.60   35.47
T-A     0.00    0.00    0.00    0.00    0.00    0.00   -0.49   -1.11    3.23   -3.62    6.98   19.47
G-C     0.00    0.00    0.00    0.00    0.00    0.00    0.14    1.43    3.22    3.38   -6.93   46.20
G-C     0.00    0.00    0.00    0.00    0.00    0.00    0.30   -0.14    3.39    1.97    6.59   28.71
A-T     0.00    0.00    0.00    0.00    0.00    0.00   -0.45    1.52    3.22   -3.34   -7.50   46.18
G-C     0.00    0.00    0.00    0.00    0.00    0.00    0.66    0.11    3.04   -1.37   -4.94   31.04
C-G     0.00    0.00    0.00    0.00    0.00    0.00   -0.24    0.54    3.55   -2.92   -5.91   40.61
A-T     0.00    0.00    0.00    0.00    0.00    0.00    1.09    0.18    3.52    7.80    4.41   33.11
G-C     0.00    0.00    0.00    0.00    0.00    0.00   -1.64    0.03    3.58   -4.66   13.89   37.80
T-A     0.00    0.00    0.00    0.00    0.00    0.00   -0.65   -0.82    3.19   -3.74    7.84   28.77
T-A     0.00    0.00    0.00    0.00    0.00    0.00   -0.47    0.27    3.15    0.59    2.84   37.70
T-A     0.00    0.00    0.00    0.00    0.00    0.00    0.66   -0.43    3.24    1.89    9.19   25.68
C-G     0.00    0.00    0.00    0.00    0.00    0.00    1.01    1.28    3.08    6.54    0.73   41.22
C-G     0.00    0.00    0.00    0.00    0.00    0.00   -0.50    0.96    3.42   -7.83    3.48   32.25
A-T     0.00    0.00    0.00    0.00    0.00    0.00   -0.37    2.27    3.11    6.69  -14.32   45.20
A-T     0.00    0.00    0.00    0.00    0.00    0.00    0.58   -0.47    3.30   -2.09   -0.43   30.49
A-T     0.00    0.00    0.00    0.00    0.00    0.00   -0.84   -0.26    3.62    0.63    4.84   41.71
T-A     0.00    0.00    0.00    0.00    0.00    0.00    0.03   -0.56    3.09   -1.33   -4.40   31.01
A-T     0.00    0.00    0.00    0.00    0.00    0.00   -0.34   -0.43    3.25   -9.78    3.53   33.65
C-G     0.00    0.00    0.00    0.00    0.00    0.00    0.31   -0.89    3.02    2.34    4.15   27.93
A-T     0.00    0.00    0.00    0.00    0.00    0.00    0.33   -0.36    3.63    3.29   10.53   38.45
C-G     0.00    0.00    0.00    0.00    0.00    0.00    0.52   -0.34    3.63    2.40    8.25   35.20
T-A     0.00    0.00    0.00    0.00    0.00    0.00   -0.46   -0.10    3.24   -0.87    5.39   35.19
T-A     0.00    0.00    0.00    0.00    0.00    0.00   -0.06   -0.35    3.31   -6.21   -4.12   32.01
T-A     0.00    0.00    0.00    0.00    0.00    0.00   -0.34    0.06    3.05    4.29    1.32   37.59
T-A     0.00    0.00    0.00    0.00    0.00    0.00   -0.79    0.21    3.56   -3.03   -6.70   37.30
G-C     0.00    0.00    0.00    0.00    0.00    0.00   -0.06    2.35    3.22    0.46   -3.18   41.73
G-C     0.00    0.00    0.00    0.00    0.00    0.00    0.05    0.30    2.82   -9.64    0.52   26.51
T-A     0.00    0.00    0.00    0.00    0.00    0.00    0.00   -0.11    3.23    0.33   10.78   33.69
A-T     0.00    0.00    0.00    0.00    0.00    0.00   -0.61   -0.32    3.39    5.62    8.67   30.50
G-C     0.00    0.00    0.00    0.00    0.00    0.00    0.61    0.27    3.43    0.93   17.30   32.83
A-T     0.00    0.00    0.00    0.00    0.00    0.00   -0.46   -0.57    3.11   -7.30    9.80   24.52
A-T     0.00    0.00    0.00    0.00    0.00    0.00    0.47   -0.74    3.05   -5.14    2.94   35.29
T-A     0.00    0.00    0.00    0.00    0.00    0.00    0.39   -1.13    3.38    0.13   -9.33   30.69
C-G     0.00    0.00    0.00    0.00    0.00    0.00   -0.46   -0.41    3.37    0.47   -0.65   41.73
T-A     0.00    0.00    0.00    0.00    0.00    0.00   -0.41   -0.33    3.35   -2.34   -4.13   31.20
G-C     0.00    0.00    0.00    0.00    0.00    0.00   -0.31    1.97    3.14    1.13   -4.81   44.47
C-G     0.00    0.00    0.00    0.00    0.00    0.00   -0.03    0.85    3.09    3.11   -3.37   33.65
A-T     0.00    0.00    0.00    0.00    0.00    0.00    0.42    2.55    3.25    2.25   -1.05   42.21
G-C     0.00    0.00    0.00    0.00    0.00    0.00    0.55    0.67    3.06   -5.10    8.93   30.77
G-C     0.00    0.00    0.00    0.00    0.00    0.00   -0.83   -0.39    3.29   -2.31   16.33   30.61
T-A     0.00    0.00    0.00    0.00    0.00    0.00   -0.34   -0.48    3.56    0.26    4.95   32.64
G-C     0.00    0.00    0.00    0.00    0.00    0.00    0.26    0.20    3.49    1.99   11.75   34.62
G-C     0.00    0.00    0.00    0.00    0.00    0.00    0.06   -0.06    3.05   -3.41    4.24   29.22
A-T     0.00    0.00    0.00    0.00    0.00    0.00    0.08   -0.22    3.09    0.39    3.08   37.27
T-A     0.00    0.00    0.00    0.00    0.00    0.00   -0.39   -0.65    3.39   -4.13   -1.81   32.07
A-T     0.00    0.00    0.00    0.00    0.00    0.00   -0.38   -0.11    3.55    3.76   -4.35   39.97
T-A     0.00    0.00    0.00    0.00    0.00    0.00   -0.10   -0.85    3.36   -6.57   -2.59   31.97
T-A     0.00    0.00    0.00    0.00    0.00    0.00    0.17    0.39    3.17    5.39    1.95   37.19
G-C     0.00    0.00    0.00    0.00    0.00    0.00    0.17   -0.10    3.19    1.89    3.02   33.92
A-T     0.00    0.00    0.00    0.00    0.00    0.00   -0.15   -0.32    3.41   -1.31    6.89   33.44
T-A     0.00    0.00    0.00    0.00    0.00    0.00    0.71   -0.40    3.25   -0.88   -1.25   34.14
