 146 base-pairs
   0  ***local base-pair & step parameters***
       Shear  Stretch  Stagger Buckle Prop-Tw Opening   Shift  Slide    Rise    Tilt    Roll   Twist
A-T     0.00    0.00    0.00    0.00    0.00    0.00    0.00    0.00    0.00    0.00    0.00    0.00
T-A     0.00    0.00    0.00    0.00    0.00    0.00   -1.31   -0.86    3.18   -5.43    2.89   30.39
C-G     0.00    0.00    0.00    0.00    0.00    0.00    0.92   -0.07    3.05    4.70   -1.92   37.71
A-T     0.00    0.00    0.00    0.00    0.00    0.00   -0.31    0.35    3.43   -3.01    8.43   35.87
A-T     0.00    0.00    0.00    0.00    0.00    0.00   -0.09    0.78    3.08   -2.63   -3.33   37.40
T-A     0.00    0.00    0.00    0.00    0.00    0.00    0.01   -1.00    3.26    4.42    2.00   32.19
A-T     0.00    0.00    0.00    0.00    0.00    0.00    0.02   -0.33    3.51   -2.85   -8.54   42.83
T-A     0.00    0.00    0.00    0.00    0.00    0.00    0.40   -0.66    3.27    7.66    2.68   33.27
C-G     0.00    0.00    0.00    0.00    0.00    0.00    0.43   -0.08    3.25   -3.49   -2.38   32.08
C-G     0.00    0.00    0.00    0.00    0.00    0.00   -0.19    0.12    3.17    1.00    8.70   28.84
A-T     0.00    0.00    0.00    0.00    0.00    0.00   -0.68    0.12    3.45    0.67    6.95   31.17
C-G     0.00    0.00    0.00    0.00    0.00    0.00    0.09   -0.23    3.46   -3.56    7.23   34.42
C-G     0.00    0.00    0.00    0.00    0.00    0.00    0.40   -0.63    3.36    1.09   11.14   30.47
T-A     0.00    0.00    0.00    0.00    0.00    0.00   -0.79    0.23    3.37   -2.98    7.64   32.76
G-C     0.00    0.00    0.00    0.00    0.00    0.00    0.49    1.29    3.35    0.46   -6.23   38.50
C-G     0.00    0.00    0.00    0.00    0.00    0.00   -0.32    0.35    3.54   -3.45    4.52   39.15
A-T     0.00    0.00    0.00    0.00    0.00    0.00   -0.16    1.43    3.15    0.50  -21.02   41.46
G-C     0.00    0.00    0.00    0.00    0.00    0.00    0.84   -0.15    3.29    5.80    1.36   34.96
A-T     0.00    0.00    0.00    0.00    0.00    0.00   -0.14   -0.22    3.31   -1.84   -6.08   38.72
T-A     0.00    0.00    0.00    0.00    0.00    0.00    0.06   -0.40    3.10    4.44   -3.95   34.57
T-A     0.00    0.00    0.00    0.00    0.00    0.00    0.36   -1.20    3.14    2.72    2.34   30.20
C-G     0.00    0.00    0.00    0.00    0.00    0.00   -0.54   -0.32    3.01    5.53    9.94   26.66
T-A     0.00    0.00    0.00    0.00    0.00    0.00   -0.20   -0.17    3.85   -1.67   14.67   30.20
A-T     0.00    0.00    0.00    0.00    0.00    0.00    1.64    0.38    3.40    3.06   17.83   33.34
C-G     0.00    0.00    0.00    0.00    0.00    0.00   -0.69   -0.17    2.89   -9.45    6.36   28.53
C-G     0.00    0.00    0.00    0.00    0.00    0.00    0.22    0.28    3.07    8.49    7.25   32.28
A-T     0.00    0.00    0.00    0.00    0.00    0.00   -0.02    2.23    2.99    0.64  -15.66   41.88
A-T     0.00    0.00    0.00    0.00    0.00    0.00    0.64    0.31    3.57    1.57    4.04   37.08
A-T     0.00    0.00    0.00    0.00    0.00    0.00    0.34    0.09    3.30   -1.59   -8.72   41.35
A-T     0.00    0.00    0.00    0.00    0.00    0.00    0.30   -0.54    3.30   -1.33    3.64   33.33
G-C     0.00    0.00    0.00    0.00    0.00    0.00   -0.48   -0.85    3.47   -0.64   -1.85   33.62
T-A     0.00    0.00    0.00    0.00    0.00    0.00    0.53   -0.30    3.25    8.36    0.70   29.91
G-C     0.00    0.00    0.00    0.00    0.00    0.00    0.23   -0.03    3.53   -3.16   11.07   33.96
T-A     0.00    0.00    0.00    0.00    0.00    0.00   -0.67   -0.88    3.06    1.45   17.23   24.21
A-T     0.00    0.00    0.00    0.00    0.00    0.00   -0.13   -0.29    3.58   -5.98    0.73   41.73
T-A     0.00    0.00    0.00    0.00    0.00    0.00    0.49   -1.15    3.52    3.45    3.76   30.73
T-A     0.00    0.00    0.00    0.00    0.00    0.00    0.23   -0.28    3.14   -2.63  -10.51   40.66
T-A     0.00    0.00    0.00    0.00    0.00    0.00   -0.29   -0.42    3.51    1.19    5.81   31.91
G-C     0.00    0.00    0.00    0.00    0.00    0.00   -0.43    2.43    3.13   -3.31  -18.37   45.89
G-C     0.00    0.00    0.00    0.00    0.00    0.00    0.40    0.83    3.20    4.27    0.09   29.54
A-T     0.00    0.00    0.00    0.00    0.00    0.00   -0.60    1.07    3.47   -5.84    3.09   39.27
A-T     0.00    0.00    0.00    0.00    0.00    0.00   -0.14   -0.34    3.15   -4.14    8.29   30.01
A-T     0.00    0.00    0.00    0.00    0.00    0.00   -0.11    0.06    3.43   -3.72    8.52   35.67
C-G     0.00    0.00    0.00    0.00    0.00    0.00    0.48   -0.81    2.93    6.41    1.43   29.66
T-A     0.00    0.00    0.00    0.00    0.00    0.00    1.09    0.26    3.40    0.73   11.66   36.24
G-C     0.00    0.00    0.00    0.00    0.00    0.00   -1.45    0.30    3.67   -5.45   10.22   34.91
C-G     0.00    0.00    0.00    0.00    0.00    0.00    0.35    0.87    3.30   -0.39  -12.03   46.54
T-A     0.00    0.00    0.00    0.00    0.00    0.00   -0.71    0.13    3.27   -0.04   -0.97   32.49
C-G     0.00    0.00    0.00    0.00    0.00    0.00    0.75    1.65    2.86    7.74  -11.14   43.51
C-G     0.00    0.00    0.00    0.00    0.00    0.00   -0.07    0.21    3.45   -3.90    8.07   32.98
A-T     0.00    0.00    0.00    0.00    0.00    0.00   -0.02    1.42    3.35   -6.58   -6.81   43.83
T-A     0.00    0.00    0.00    0.00    0.00    0.00    0.67   -0.80    3.29    8.21    0.01   28.00
C-G     0.00    0.00    0.00    0.00    0.00    0.00    0.45    0.15    3.40    3.72   15.75   35.34
A-T     0.00    0.00    0.00    0.00    0.00    0.00   -0.35   -0.02    3.54    1.91   13.75   31.07
A-T     0.00    0.00    0.00    0.00    0.00    0.00    0.32    0.97    3.69   -3.93    5.38   45.29
A-T     0.00    0.00    0.00    0.00    0.00    0.00   -0.63    0.10    3.02   -2.29    1.77   34.91
A-T     0.00    0.00    0.00    0.00    0.00    0.00   -0.33   -0.48    3.11   -6.06   -5.46   36.44
G-C     0.00    0.00    0.00    0.00    0.00    0.00   -0.39    0.36    3.85   -3.49   -4.11   35.12
G-C     0.00    0.00    0.00    0.00    0.00    0.00   -0.63    0.88    3.51   -6.01  -32.53   40.00
C-G     0.00    0.00    0.00    0.00    0.00    0.00    1.06   -0.67    3.96    2.87  -13.21   31.06
A-T     0.00    0.00    0.00    0.00    0.00    0.00    0.35    1.09    3.40   10.56   -0.88   42.75
T-A     0.00    0.00    0.00    0.00    0.00    0.00   -0.18   -0.24    3.86   -0.28   19.92   26.62
G-C     0.00    0.00    0.00    0.00    0.00    0.00    0.36    0.84    3.60   -0.07    8.83   39.05
T-A     0.00    0.00    0.00    0.00    0.00    0.00   -0.94   -0.68    3.36   -3.50    9.44   22.77
T-A     0.00    0.00    0.00    0.00    0.00    0.00    0.41    0.53    3.15    3.90   -3.27   40.42
C-G     0.00    0.00    0.00    0.00    0.00    0.00    0.82    0.19    3.21    6.33   13.90   28.56
A-T     0.00    0.00    0.00    0.00    0.00    0.00   -0.72    1.80    3.76   -3.43   -6.71   49.39
G-C     0.00    0.00    0.00    0.00    0.00    0.00    0.73    0.98    3.38    4.15   -3.50   31.11
C-G     0.00    0.00    0.00    0.00    0.00    0.00   -0.72    0.82    3.28   -5.24   -5.34   42.43
T-A     0.00    0.00    0.00    0.00    0.00    0.00    0.71    0.39    3.34    3.98    4.14   31.87
G-C     0.00    0.00    0.00    0.00    0.00    0.00   -0.05    1.79    3.12   -0.66   -2.77   41.09
A-T     0.00    0.00    0.00    0.00    0.00    0.00    0.29   -0.50    3.46   -5.06   11.52   27.88
A-T     0.00    0.00    0.00    0.00    0.00    0.00   -0.90    0.19    3.23    0.47    2.48   39.41
T-A     0.00    0.00    0.00    0.00    0.00    0.00    0.22   -1.41    3.19   -1.34   10.73   24.17
T-A     0.00    0.00    0.00    0.00    0.00    0.00    0.49    0.36    3.32    6.30    4.60   38.27
C-G     0.00    0.00    0.00    0.00    0.00    0.00   -0.63   -0.28    3.21   -0.96    9.12   26.10
A-T     0.00    0.00    0.00    0.00    0.00    0.00   -0.23    2.04    3.58    0.01   -1.82   45.22
G-C     0.00    0.00    0.00    0.00    0.00    0.00    0.42    0.62    3.20   -1.28   -3.55   33.17
C-G     0.00    0.00    0.00    0.00    0.00    0.00   -0.19    1.21    3.43   -2.57   -6.41   43.78
T-A     0.00    0.00    0.00    0.00    0.00    0.00    0.14    1.07    3.46    0.89   -5.65   34.99
G-C     0.00    0.00    0.00    0.00    0.00    0.00    0.14    1.43    3.39    0.41    4.47   41.61
A-T     0.00    0.00    0.00    0.00    0.00    0.00   -0.91   -0.37    3.17   -2.74    9.83   27.51
A-T     0.00    0.00    0.00    0.00    0.00    0.00    0.53    0.59    3.26    0.59    3.11   38.45
C-G     0.00    0.00    0.00    0.00    0.00    0.00    0.13   -0.85    3.37    1.56   10.59   26.40
A-T     0.00    0.00    0.00    0.00    0.00    0.00   -0.58    0.69    3.52   -0.75    7.45   37.99
T-A     0.00    0.00    0.00    0.00    0.00    0.00    0.90   -0.66    3.30    3.84    3.91   25.73
G-C     0.00    0.00    0.00    0.00    0.00    0.00   -0.04    0.86    3.30   -4.25    3.97   38.57
C-G     0.00    0.00    0.00    0.00    0.00    0.00   -0.80   -0.13    3.46    0.63   -9.68   34.45
C-G     0.00    0.00    0.00    0.00    0.00    0.00    0.25    1.92    3.87    1.69  -11.46   49.72
T-A     0.00    0.00    0.00    0.00    0.00    0.00   -0.05    1.27    3.33   -0.22   -6.53   38.19
T-A     0.00    0.00    0.00    0.00    0.00    0.00    0.16    0.28    3.03   -1.88    2.05   33.11
T-A     0.00    0.00    0.00    0.00    0.00    0.00    0.39   -0.23    3.33    1.39   10.96   29.61
T-A     0.00    0.00    0.00    0.00    0.00    0.00   -0.07    0.50    3.56    2.08   14.95   36.21
G-C     0.00    0.00    0.00    0.00    0.00    0.00   -0.25   -1.26    3.49    2.85   16.80   19.59
A-T     0.00    0.00    0.00    0.00    0.00    0.00    0.53    0.10    3.22   -6.39    9.26   37.09
T-A     0.00    0.00    0.00    0.00    0.00    0.00   -0.69   -1.07    3.14   -3.72    6.98   18.81
G-C     0.00    0.00    0.00    0.00    0.00    0.00    0.17    1.31    3.26    3.11   -6.50   45.30
G-C     0.00    0.00    0.00    0.00    0.00    0.00    0.50    0.00    3.41    3.20    5.66   30.73
A-T     0.00    0.00    0.00    0.00    0.00    0.00   -0.77    1.43    3.17   -5.33   -6.23   44.23
G-C     0.00    0.00    0.00    0.00    0.00    0.00    0.87    0.12    3.09    0.50   -6.09   31.80
C-G     0.00    0.00    0.00    0.00    0.00    0.00   -0.18    0.60    3.54   -3.84   -5.48   41.32
A-T     0.00    0.00    0.00    0.00    0.00    0.00    0.80    0.11    3.48    7.64    5.10   31.60
G-C     0.00    0.00    0.00    0.00    0.00    0.00   -1.32    0.05    3.62   -4.04   12.30   39.02
T-A     0.00    0.00    0.00    0.00    0.00    0.00   -0.80   -0.77    3.18   -3.95    9.53   28.54
T-A     0.00    0.00    0.00    0.00    0.00    0.00   -0.56    0.18    3.12    0.00    2.01   37.03
T-A     0.00    0.00    0.00    0.00    0.00    0.00    0.85   -0.34    3.30    2.88    8.62   26.56
C-G     0.00    0.00    0.00    0.00    0.00    0.00    0.92    1.23    3.03    5.97    2.44   40.78
C-G     0.00    0.00    0.00    0.00    0.00    0.00   -0.63    0.99    3.45   -8.29    1.56   32.12
A-T     0.00    0.00    0.00    0.00    0.00    0.00   -0.07    2.26    3.10    8.01  -13.25   45.48
A-T     0.00    0.00    0.00    0.00    0.00    0.00    0.29   -0.45    3.34   -3.50   -0.09   30.50
A-T     0.00    0.00    0.00    0.00    0.00    0.00   -0.70   -0.27    3.56    1.36    3.34   41.40
T-A     0.00    0.00    0.00    0.00    0.00    0.00    0.07   -0.57    3.16   -1.27   -2.58   31.14
A-T     0.00    0.00    0.00    0.00    0.00    0.00   -0.40   -0.40    3.19  -10.00    2.28   34.22
C-G     0.00    0.00    0.00    0.00    0.00    0.00    0.23   -0.92    3.05    1.82    4.39   26.66
A-T     0.00    0.00    0.00    0.00    0.00    0.00    0.60   -0.35    3.63    4.95   11.14   39.77
C-G     0.00    0.00    0.00    0.00    0.00    0.00    0.18   -0.29    3.63    0.03    7.31   34.72
T-A     0.00    0.00    0.00    0.00    0.00    0.00   -0.25   -0.20    3.20    1.26    6.19   34.41
T-A     0.00    0.00    0.00    0.00    0.00    0.00   -0.05   -0.26    3.40   -7.36   -4.53   33.59
T-A     0.00    0.00    0.00    0.00    0.00    0.00   -0.48    0.05    2.94    4.52    1.33   36.35
T-A     0.00    0.00    0.00    0.00    0.00    0.00   -0.70    0.14    3.65   -3.13   -6.32   37.19
G-C     0.00    0.00    0.00    0.00    0.00    0.00    0.07    2.47    3.19    1.34   -3.95   43.34
G-C     0.00    0.00    0.00    0.00    0.00    0.00   -0.29    0.19    2.80  -11.59    1.65   24.27
T-A     0.00    0.00    0.00    0.00    0.00    0.00    0.37   -0.07    3.26    2.81    9.58   35.28
A-T     0.00    0.00    0.00    0.00    0.00    0.00   -0.78   -0.28    3.39    3.59    9.46   30.38
G-C     0.00    0.00    0.00    0.00    0.00    0.00    0.51    0.18    3.39    1.91   17.41   31.65
A-T     0.00    0.00    0.00    0.00    0.00    0.00   -0.20   -0.51    3.19   -7.42    8.70   26.01
A-T     0.00    0.00    0.00    0.00    0.00    0.00    0.27   -0.73    2.99   -5.08    4.55   34.55
T-A     0.00    0.00    0.00    0.00    0.00    0.00    0.36   -1.20    3.40   -0.62  -10.54   30.30
C-G     0.00    0.00    0.00    0.00    0.00    0.00   -0.24   -0.31    3.38    2.00   -0.63   42.83
T-A     0.00    0.00    0.00    0.00    0.00    0.00   -0.66   -0.42    3.31   -4.01   -2.80   30.20
G-C     0.00    0.00    0.00    0.00    0.00    0.00   -0.24    2.01    3.16    2.10   -6.86   44.84
C-G     0.00    0.00    0.00    0.00    0.00    0.00    0.13    0.83    3.09    3.20   -1.69   33.81
A-T     0.00    0.00    0.00    0.00    0.00    0.00    0.15    2.57    3.24    1.55   -1.48   42.03
G-C     0.00    0.00    0.00    0.00    0.00    0.00    0.75    0.65    3.04   -4.64    7.95   30.62
G-C     0.00    0.00    0.00    0.00    0.00    0.00   -0.84   -0.38    3.34   -1.98   18.11   30.94
T-A     0.00    0.00    0.00    0.00    0.00    0.00   -0.44   -0.48    3.50   -0.65    3.36   32.65
G-C     0.00    0.00    0.00    0.00    0.00    0.00    0.32    0.19    3.53    2.66   12.40   33.91
G-C     0.00    0.00    0.00    0.00    0.00    0.00    0.20   -0.05    3.04   -3.06    4.66   30.39
A-T     0.00    0.00    0.00    0.00    0.00    0.00   -0.21   -0.18    3.09   -1.07    2.03   36.41
T-A     0.00    0.00    0.00    0.00    0.00    0.00   -0.09   -0.74    3.38   -2.27   -0.74   31.89
A-T     0.00    0.00    0.00    0.00    0.00    0.00   -0.52    0.00    3.61    2.44   -5.01   41.24
T-A     0.00    0.00    0.00    0.00    0.00    0.00   -0.17   -0.92    3.26   -6.25   -2.46   30.41
T-A     0.00    0.00    0.00    0.00    0.00    0.00    0.29    0.38    3.28    5.65    2.27   37.89
G-C     0.00    0.00    0.00    0.00    0.00    0.00    0.18   -0.01    3.12    1.99    2.36   34.75
A-T     0.00    0.00    0.00    0.00    0.00    0.00   -0.41   -0.43    3.43   -2.49    7.84   31.41
T-A     0.00    0.00    0.00    0.00    0.00    0.00    1.12   -0.33    3.27    1.33   -2.35   36.22
