 146 base-pairs
   0  ***local base-pair & step parameters***
       Shear  Stretch  Stagger Buckle Prop-Tw Opening   Shift  Slide    Rise    Tilt    Roll   Twist
A-T     0.00    0.00    0.00    0.00    0.00    0.00    0.00    0.00    0.00    0.00    0.00    0.00
T-A     0.00    0.00    0.00    0.00    0.00    0.00   -1.28   -0.85    3.21   -4.38    1.20   31.38
C-G     0.00    0.00    0.00    0.00    0.00    0.00    1.16   -0.04    3.08    6.53   -0.12   36.90
A-T     0.00    0.00    0.00    0.00    0.00    0.00   -0.50    0.37    3.45   -5.01    8.63   35.23
A-T     0.00    0.00    0.00    0.00    0.00    0.00   -0.21    0.77    3.15   -2.77   -4.93   38.79
T-A     0.00    0.00    0.00    0.00    0.00    0.00    0.25   -1.03    3.19    6.14    3.09   32.24
A-T     0.00    0.00    0.00    0.00    0.00    0.00   -0.04   -0.32    3.40   -4.20   -7.91   41.52
T-A     0.00    0.00    0.00    0.00    0.00    0.00    0.25   -0.63    3.34    7.11    1.16   33.71
C-G     0.00    0.00    0.00    0.00    0.00    0.00    0.64   -0.09    3.35   -1.62   -2.02   32.78
C-G     0.00    0.00    0.00    0.00    0.00    0.00   -0.21    0.13    3.14    0.35    9.86   28.21
A-T     0.00    0.00    0.00    0.00    0.00    0.00   -0.91    0.13    3.39   -0.70    6.14   31.25
C-G     0.00    0.00    0.00    0.00    0.00    0.00    0.27   -0.30    3.43   -2.41    6.70   34.98
C-G     0.00    0.00    0.00    0.00    0.00    0.00    0.53   -0.61    3.37    1.56   11.83   29.75
T-A     0.00    0.00    0.00    0.00    0.00    0.00   -1.01    0.34    3.46   -3.83    7.70   32.42
G-C     0.00    0.00    0.00    0.00    0.00    0.00    0.49    1.23    3.37    0.64   -6.63   39.54
C-G     0.00    0.00    0.00    0.00    0.00    0.00   -0.15    0.26    3.43   -3.20    4.65   39.25
A-T     0.00    0.00    0.00    0.00    0.00    0.00   -0.27    1.52    3.11    0.15  -20.70   40.42
G-C     0.00    0.00    0.00    0.00    0.00    0.00    0.80   -0.13    3.35    5.85    1.04   35.12
A-T     0.00    0.00    0.00    0.00    0.00    0.00    0.01   -0.31    3.36   -1.51   -6.50   39.44
T-A     0.00    0.00    0.00    0.00    0.00    0.00   -0.01   -0.32    3.11    4.57   -3.24   34.16
T-A     0.00    0.00    0.00    0.00    0.00    0.00    0.23   -1.17    3.10    2.21    2.68   30.06
C-G     0.00    0.00    0.00    0.00    0.00    0.00   -0.41   -0.47    2.92    5.15    8.81   27.25
T-A     0.00    0.00    0.00    0.00    0.00    0.00   -0.11   -0.12    3.89   -0.71   14.82   29.64
A-T     0.00    0.00    0.00    0.00    0.00    0.00    1.51    0.55    3.53    3.30   18.96   32.79
C-G     0.00    0.00    0.00    0.00    0.00    0.00   -0.73   -0.29    2.87  -10.69    5.48   29.66
C-G     0.00    0.00    0.00    0.00    0.00    0.00    0.33    0.19    2.96    8.93    6.80   32.48
A-T     0.00    0.00    0.00    0.00    0.00    0.00   -0.04    2.38    2.99    1.52  -14.33   40.61
A-T     0.00    0.00    0.00    0.00    0.00    0.00    0.57    0.29    3.61    0.37    3.31   37.39
A-T     0.00    0.00    0.00    0.00    0.00    0.00    0.43   -0.03    3.33   -1.34   -9.72   42.16
A-T     0.00    0.00    0.00    0.00    0.00    0.00    0.31   -0.41    3.35    0.05    5.33   32.62
G-C     0.00    0.00    0.00    0.00    0.00    0.00   -0.63   -0.83    3.42   -2.18   -1.88   33.71
T-A     0.00    0.00    0.00    0.00    0.00    0.00    0.60   -0.49    3.12    7.72   -1.04   30.62
G-C     0.00    0.00    0.00    0.00    0.00    0.00    0.39    0.05    3.59   -0.99   12.24   32.98
T-A     0.00    0.00    0.00    0.00    0.00    0.00   -0.83   -0.71    3.21    0.82   17.98   23.94
A-T     0.00    0.00    0.00    0.00    0.00    0.00   -0.22   -0.45    3.52   -7.58   -0.85   43.09
T-A     0.00    0.00    0.00    0.00    0.00    0.00    0.68   -1.22    3.41    5.06    4.46   30.36
T-A     0.00    0.00    0.00    0.00    0.00    0.00    0.19   -0.11    3.18   -2.54   -9.56   39.65
T-A     0.00    0.00    0.00    0.00    0.00    0.00   -0.42   -0.47    3.53   -0.41    4.18   32.65
G-C     0.00    0.00    0.00    0.00    0.00    0.00   -0.26    2.32    3.14   -1.86  -18.08   46.00
G-C     0.00    0.00    0.00    0.00    0.00    0.00    0.39    0.98    3.29    4.89    1.54   28.96
A-T     0.00    0.00    0.00    0.00    0.00    0.00   -0.82    1.08    3.42   -7.89    1.84   40.02
A-T     0.00    0.00    0.00    0.00    0.00    0.00    0.03   -0.53    2.99   -3.48    7.96   29.99
A-T     0.00    0.00    0.00    0.00    0.00    0.00    0.03    0.16    3.51   -2.29    9.72   34.59
C-G     0.00    0.00    0.00    0.00    0.00    0.00    0.24   -0.65    3.10    5.10    0.60   30.29
T-A     0.00    0.00    0.00    0.00    0.00    0.00    1.11    0.09    3.30    0.59   11.45   36.94
G-C     0.00    0.00    0.00    0.00    0.00    0.00   -1.27    0.24    3.57   -4.49   11.38   34.15
C-G     0.00    0.00    0.00    0.00    0.00    0.00    0.20    1.04    3.38   -1.26  -12.97   46.60
T-A     0.00    0.00    0.00    0.00    0.00    0.00   -0.72    0.07    3.25   -0.04   -1.43   32.76
C-G     0.00    0.00    0.00    0.00    0.00    0.00    0.94    1.55    2.85    8.73   -9.87   42.89
C-G     0.00    0.00    0.00    0.00    0.00    0.00   -0.23    0.37    3.58   -4.61    7.43   33.50
A-T     0.00    0.00    0.00    0.00    0.00    0.00   -0.12    1.41    3.28   -6.95   -7.29   44.44
T-A     0.00    0.00    0.00    0.00    0.00    0.00    0.89   -0.99    3.10    8.79    1.19   26.94
C-G     0.00    0.00    0.00    0.00    0.00    0.00    0.41    0.27    3.54    3.45   14.87   35.26
A-T     0.00    0.00    0.00    0.00    0.00    0.00   -0.48    0.11    3.70    2.17   13.13   31.95
A-T     0.00    0.00    0.00    0.00    0.00    0.00    0.44    0.80    3.55   -3.66    7.12   44.77
A-T     0.00    0.00    0.00    0.00    0.00    0.00   -0.66    0.07    2.97   -3.32    1.08   34.88
A-T     0.00    0.00    0.00    0.00    0.00    0.00   -0.41   -0.33    3.19   -5.65   -6.81   37.12
G-C     0.00    0.00    0.00    0.00    0.00    0.00   -0.24    0.28    3.78   -2.56   -2.37   34.16
G-C     0.00    0.00    0.00    0.00    0.00    0.00   -0.66    0.82    3.55   -7.10  -32.68   39.76
C-G     0.00    0.00    0.00    0.00    0.00    0.00    0.91   -0.53    4.11    2.98  -14.84   32.50
A-T     0.00    0.00    0.00    0.00    0.00    0.00    0.47    1.04    3.26   11.58    0.87   42.25
T-A     0.00    0.00    0.00    0.00    0.00    0.00   -0.15   -0.38    3.70   -1.70   20.21   25.56
G-C     0.00    0.00    0.00    0.00    0.00    0.00    0.26    0.95    3.77   -0.04    6.52   40.05
T-A     0.00    0.00    0.00    0.00    0.00    0.00   -0.83   -0.59    3.45   -1.53   10.88   22.78
T-A     0.00    0.00    0.00    0.00    0.00    0.00    0.40    0.41    3.02    2.44   -1.86   39.56
C-G     0.00    0.00    0.00    0.00    0.00    0.00    0.66    0.18    3.20    5.10   11.50   29.63
A-T     0.00    0.00    0.00    0.00    0.00    0.00   -0.56    1.87    3.77   -1.19   -6.31   49.52
G-C     0.00    0.00    0.00    0.00    0.00    0.00    0.82    0.93    3.31    3.73   -1.60   29.55
C-G     0.00    0.00    0.00    0.00    0.00    0.00   -0.93    0.82    3.38   -6.94   -7.29   43.19
T-A     0.00    0.00    0.00    0.00    0.00    0.00    0.78    0.46    3.45    5.90    3.88   33.07
G-C     0.00    0.00    0.00    0.00    0.00    0.00    0.07    1.74    2.96   -0.61   -0.48   39.85
A-T     0.00    0.00    0.00    0.00    0.00    0.00    0.11   -0.56    3.37   -7.37   10.05   27.63
A-T     0.00    0.00    0.00    0.00    0.00    0.00   -0.83    0.26    3.37    2.19    1.16   40.43
T-A     0.00    0.00    0.00    0.00    0.00    0.00    0.40   -1.37    3.23   -0.01   12.97   23.43
T-A     0.00    0.00    0.00    0.00    0.00    0.00    0.26    0.33    3.27    3.80    4.37   38.01
C-G     0.00    0.00    0.00    0.00    0.00    0.00   -0.68   -0.31    3.21   -0.66    7.40   27.36
A-T     0.00    0.00    0.00    0.00    0.00    0.00    0.04    2.03    3.52    1.87   -0.46   44.65
G-C     0.00    0.00    0.00    0.00    0.00    0.00    0.31    0.64    3.18   -2.83   -3.14   32.01
C-G     0.00    0.00    0.00    0.00    0.00    0.00   -0.35    1.23    3.56   -2.88   -7.96   44.83
T-A     0.00    0.00    0.00    0.00    0.00    0.00    0.35    1.04    3.49    2.63   -4.84   35.59
G-C     0.00    0.00    0.00    0.00    0.00    0.00    0.09    1.42    3.26   -0.75    5.42   40.63
A-T     0.00    0.00    0.00    0.00    0.00    0.00   -1.08   -0.37    3.14   -3.75    8.54   27.58
A-T     0.00    0.00    0.00    0.00    0.00    0.00    0.74    0.56    3.33    2.30    2.93   38.97
C-G     0.00    0.00    0.00    0.00    0.00    0.00    0.18   -0.81    3.42    1.59   11.65   25.80
A-T     0.00    0.00    0.00    0.00    0.00    0.00   -0.84    0.75    3.53   -2.04    7.20   38.04
T-A     0.00    0.00    0.00    0.00    0.00    0.00    0.98   -0.75    3.24    4.35    3.37   26.60
G-C     0.00    0.00    0.00    0.00    0.00    0.00    0.14    0.82    3.22   -3.80    4.30   38.07
C-G     0.00    0.00    0.00    0.00    0.00    0.00   -0.96   -0.01    3.52    0.17   -9.49   33.58
C-G     0.00    0.00    0.00    0.00    0.00    0.00    0.22    1.91    3.96    1.83  -11.80   50.45
T-A     0.00    0.00    0.00    0.00    0.00    0.00    0.09    1.18    3.31    0.01   -6.58   38.82
T-A     0.00    0.00    0.00    0.00    0.00    0.00    0.07    0.35    2.96   -2.13    2.61   32.37
T-A     0.00    0.00    0.00    0.00    0.00    0.00    0.32   -0.21    3.30    1.11   10.84   29.44
T-A     0.00    0.00    0.00    0.00    0.00    0.00    0.08    0.39    3.57    2.25   14.09   36.76
G-C     0.00    0.00    0.00    0.00    0.00    0.00   -0.25   -1.18    3.58    3.52   17.35   19.17
A-T     0.00    0.00    0.00    0.00    0.00    0.00    0.37    0.20    3.26   -6.69   10.11   36.93
T-A     0.00    0.00    0.00    0.00    0.00    0.00   -0.65   -1.23    3.03   -4.71    5.91   19.74
G-C     0.00    0.00    0.00    0.00    0.00    0.00    0.30    1.28    3.19    3.89   -6.74   44.92
G-C     0.00    0.00    0.00    0.00    0.00    0.00    0.43    0.18    3.51    3.91    6.88   29.65
A-T     0.00    0.00    0.00    0.00    0.00    0.00   -0.84    1.37    3.23   -6.52   -7.00   45.08
G-C     0.00    0.00    0.00    0.00    0.00    0.00    0.95    0.00    3.05    0.77   -6.73   32.53
C-G     0.00    0.00    0.00    0.00    0.00    0.00   -0.19    0.73    3.52   -2.85   -3.94   40.32
A-T     0.00    0.00    0.00    0.00    0.00    0.00    0.70    0.11    3.44    6.22    4.59   31.63
G-C     0.00    0.00    0.00    0.00    0.00    0.00   -1.21   -0.09    3.60   -4.06   10.84   39.67
T-A     0.00    0.00    0.00    0.00    0.00    0.00   -0.72   -0.64    3.29   -2.04   11.07   27.77
T-A     0.00    0.00    0.00    0.00    0.00    0.00   -0.74    0.27    3.18   -1.26    2.47   37.13
T-A     0.00    0.00    0.00    0.00    0.00    0.00    0.84   -0.54    3.15    1.58    6.90   27.66
C-G     0.00    0.00    0.00    0.00    0.00    0.00    1.13    1.22    2.97    7.95    3.28   39.92
C-G     0.00    0.00    0.00    0.00    0.00    0.00   -0.72    1.18    3.58   -8.41    2.38   31.32
A-T     0.00    0.00    0.00    0.00    0.00    0.00   -0.19    2.17    3.13    6.43  -14.82   46.65
A-T     0.00    0.00    0.00    0.00    0.00    0.00    0.45   -0.55    3.28   -2.05    0.49   30.59
A-T     0.00    0.00    0.00    0.00    0.00    0.00   -0.74   -0.12    3.58    1.58    4.55   40.61
T-A     0.00    0.00    0.00    0.00    0.00    0.00   -0.09   -0.60    3.11   -3.13   -4.14   31.70
A-T     0.00    0.00    0.00    0.00    0.00    0.00   -0.21   -0.55    3.13   -8.78    2.18   34.14
C-G     0.00    0.00    0.00    0.00    0.00    0.00    0.28   -0.77    3.20    2.98    5.81   25.92
A-T     0.00    0.00    0.00    0.00    0.00    0.00    0.34   -0.27    3.70    3.12   10.21   40.66
C-G     0.00    0.00    0.00    0.00    0.00    0.00    0.27   -0.50    3.44    0.11    7.00   35.09
T-A     0.00    0.00    0.00    0.00    0.00    0.00   -0.06   -0.18    3.15    2.52    7.26   33.30
T-A     0.00    0.00    0.00    0.00    0.00    0.00   -0.24   -0.07    3.55   -8.28   -5.44   33.78
T-A     0.00    0.00    0.00    0.00    0.00    0.00   -0.50   -0.06    2.94    4.49    1.06   36.94
T-A     0.00    0.00    0.00    0.00    0.00    0.00   -0.54    0.06    3.60   -2.25   -5.02   36.70
G-C     0.00    0.00    0.00    0.00    0.00    0.00   -0.09    2.62    3.24    0.42   -4.74   43.65
G-C     0.00    0.00    0.00    0.00    0.00    0.00   -0.33    0.14    2.72  -11.79    1.09   24.52
T-A     0.00    0.00    0.00    0.00    0.00    0.00    0.59   -0.21    3.19    3.75   10.73   34.30
A-T     0.00    0.00    0.00    0.00    0.00    0.00   -0.89   -0.11    3.58    3.22    8.76   30.71
G-C     0.00    0.00    0.00    0.00    0.00    0.00    0.37    0.24    3.43    1.73   16.98   32.59
A-T     0.00    0.00    0.00    0.00    0.00    0.00   -0.04   -0.71    2.97   -7.19   10.14   25.24
A-T     0.00    0.00    0.00    0.00    0.00    0.00    0.26   -0.70    2.99   -5.68    3.63   34.32
T-A     0.00    0.00    0.00    0.00    0.00    0.00    0.27   -1.04    3.55   -0.09  -11.55   30.93
C-G     0.00    0.00    0.00    0.00    0.00    0.00   -0.12   -0.42    3.33    2.64    1.20   42.18
T-A     0.00    0.00    0.00    0.00    0.00    0.00   -0.71   -0.47    3.31   -5.19   -3.16   30.28
G-C     0.00    0.00    0.00    0.00    0.00    0.00   -0.35    2.14    3.23    2.25   -8.36   45.94
C-G     0.00    0.00    0.00    0.00    0.00    0.00    0.28    0.76    2.95    4.18   -0.01   32.86
A-T     0.00    0.00    0.00    0.00    0.00    0.00    0.17    2.48    3.21    0.42   -1.49   41.24
G-C     0.00    0.00    0.00    0.00    0.00    0.00    0.62    0.80    3.26   -4.43    6.02   31.97
G-C     0.00    0.00    0.00    0.00    0.00    0.00   -0.76   -0.36    3.33   -0.59   19.86   30.88
T-A     0.00    0.00    0.00    0.00    0.00    0.00   -0.44   -0.64    3.30   -2.31    4.20   31.70
G-C     0.00    0.00    0.00    0.00    0.00    0.00    0.21    0.23    3.58    2.11    9.89   34.80
G-C     0.00    0.00    0.00    0.00    0.00    0.00    0.35    0.05    3.13   -0.73    5.56   30.31
A-T     0.00    0.00    0.00    0.00    0.00    0.00   -0.20   -0.26    3.04   -1.98    3.79   35.27
T-A     0.00    0.00    0.00    0.00    0.00    0.00   -0.30   -0.76    3.43   -3.88   -2.88   33.04
A-T     0.00    0.00    0.00    0.00    0.00    0.00   -0.40    0.05    3.62    4.44   -4.95   41.95
T-A     0.00    0.00    0.00    0.00    0.00    0.00   -0.05   -0.98    3.10   -6.43   -0.42   28.78
T-A     0.00    0.00    0.00    0.00    0.00    0.00    0.11    0.36    3.31    3.75    0.46   38.02
G-C     0.00    0.00    0.00    0.00    0.00    0.00    0.24    0.07    3.31    3.95    1.61   35.99
A-T     0.00    0.00    0.00    0.00    0.00    0.00   -0.28   -0.44    3.37   -1.89   10.27   30.59
T-A     0.00    0.00    0.00    0.00    0.00    0.00    0.90   -0.41    3.14   -1.30   -3.22   35.98
