 146 base-pairs
   0  ***local base-pair & step parameters***
       Shear  Stretch  Stagger Buckle Prop-Tw Opening   Shift  Slide    Rise    Tilt    Roll   Twist
A-T     0.00    0.00    0.00    0.00    0.00    0.00    0.00    0.00    0.00    0.00    0.00    0.00
T-A     0.00    0.00    0.00    0.00    0.00    0.00   -1.41   -0.79    3.25   -5.66    1.97   31.08
C-G     0.00    0.00    0.00    0.00    0.00    0.00    1.03   -0.15    3.00    5.18   -1.62   37.84
A-T     0.00    0.00    0.00    0.00    0.00    0.00   -0.29    0.34    3.39   -3.13    9.13   35.09
A-T     0.00    0.00    0.00    0.00    0.00    0.00   -0.21    0.87    3.16   -3.01   -4.15   37.85
T-A     0.00    0.00    0.00    0.00    0.00    0.00    0.08   -1.05    3.24    4.83    1.91   32.63
A-T     0.00    0.00    0.00    0.00    0.00    0.00    0.08   -0.38    3.44   -2.77   -7.65   42.04
T-A     0.00    0.00    0.00    0.00    0.00    0.00    0.28   -0.57    3.34    7.18    2.12   33.41
C-G     0.00    0.00    0.00    0.00    0.00    0.00    0.46   -0.10    3.26   -3.22   -2.85   32.77
C-G     0.00    0.00    0.00    0.00    0.00    0.00   -0.09    0.04    3.09    1.28    9.61   28.20
A-T     0.00    0.00    0.00    0.00    0.00    0.00   -0.78    0.19    3.49    0.20    6.74   30.96
C-G     0.00    0.00    0.00    0.00    0.00    0.00    0.07   -0.20    3.51   -3.48    6.46   35.22
C-G     0.00    0.00    0.00    0.00    0.00    0.00    0.52   -0.72    3.28    1.51   11.91   30.09
T-A     0.00    0.00    0.00    0.00    0.00    0.00   -0.85    0.28    3.38   -3.37    7.83   32.25
G-C     0.00    0.00    0.00    0.00    0.00    0.00    0.42    1.34    3.42    0.33   -7.14   39.26
C-G     0.00    0.00    0.00    0.00    0.00    0.00   -0.20    0.26    3.47   -2.97    4.99   39.10
A-T     0.00    0.00    0.00    0.00    0.00    0.00   -0.17    1.44    3.13    0.28  -20.47   40.73
G-C     0.00    0.00    0.00    0.00    0.00    0.00    0.72   -0.06    3.37    5.49    0.47   35.54
A-T     0.00    0.00    0.00    0.00    0.00    0.00   -0.04   -0.29    3.27   -1.38   -5.98   39.01
T-A     0.00    0.00    0.00    0.00    0.00    0.00    0.10   -0.43    3.04    4.42   -3.14   33.77
T-A     0.00    0.00    0.00    0.00    0.00    0.00    0.23   -1.11    3.22    2.28    1.63   30.51
C-G     0.00    0.00    0.00    0.00    0.00    0.00   -0.48   -0.35    3.01    5.88    9.64   27.24
T-A     0.00    0.00    0.00    0.00    0.00    0.00   -0.11   -0.24    3.77   -1.49   15.60   29.47
A-T     0.00    0.00    0.00    0.00    0.00    0.00    1.52    0.47    3.46    2.58   17.43   33.30
C-G     0.00    0.00    0.00    0.00    0.00    0.00   -0.69   -0.17    2.92   -9.27    5.73   29.29
C-G     0.00    0.00    0.00    0.00    0.00    0.00    0.34    0.20    2.99    8.85    8.11   31.76
A-T     0.00    0.00    0.00    0.00    0.00    0.00   -0.11    2.29    3.02    0.21  -15.66   41.50
A-T     0.00    0.00    0.00    0.00    0.00    0.00    0.59    0.35    3.63    1.54    3.18   37.88
A-T     0.00    0.00    0.00    0.00    0.00    0.00    0.47    0.00    3.23   -1.13   -8.08   41.13
A-T     0.00    0.00    0.00    0.00    0.00    0.00    0.26   -0.51    3.29   -1.64    4.03   32.70
G-C     0.00    0.00    0.00    0.00    0.00    0.00   -0.58   -0.78    3.55   -0.87   -2.77   34.31
T-A     0.00    0.00    0.00    0.00    0.00    0.00    0.64   -0.38    3.20    8.84    1.00   30.03
G-C     0.00    0.00    0.00    0.00    0.00    0.00    0.24   -0.04    3.49   -3.28   11.77   33.17
T-A     0.00    0.00    0.00    0.00    0.00    0.00   -0.80   -0.79    3.14    1.06   16.41   24.66
A-T     0.00    0.00    0.00    0.00    0.00    0.00   -0.05   -0.34    3.56   -5.57    0.63   42.17
T-A     0.00    0.00    0.00    0.00    0.00    0.00    0.56   -1.20    3.45    3.53    4.65   29.94
T-A     0.00    0.00    0.00    0.00    0.00    0.00    0.10   -0.19    3.21   -3.10  -11.08   40.79
T-A     0.00    0.00    0.00    0.00    0.00    0.00   -0.26   -0.44    3.52    1.46    5.34   32.60
G-C     0.00    0.00    0.00    0.00    0.00    0.00   -0.33    2.36    3.05   -3.03  -17.46   45.24
G-C     0.00    0.00    0.00    0.00    0.00    0.00    0.29    0.90    3.24    3.80   -0.11   29.33
A-T     0.00    0.00    0.00    0.00    0.00    0.00   -0.62    1.09    3.52   -5.77    2.33   40.06
A-T     0.00    0.00    0.00    0.00    0.00    0.00   -0.01   -0.43    3.07   -3.72    9.06   29.63
A-T     0.00    0.00    0.00    0.00    0.00    0.00   -0.18    0.10    3.44   -4.10    8.72   35.15
C-G     0.00    0.00    0.00    0.00    0.00    0.00    0.40   -0.76    3.00    6.27    0.52   30.43
T-A     0.00    0.00    0.00    0.00    0.00    0.00    1.21    0.18    3.34    1.21   12.14   36.20
G-C     0.00    0.00    0.00    0.00    0.00    0.00   -1.46    0.30    3.65   -5.67   10.78   34.19
C-G     0.00    0.00    0.00    0.00    0.00    0.00    0.24    0.95    3.39   -0.70  -12.92   47.13
T-A     0.00    0.00    0.00    0.00    0.00    0.00   -0.61    0.07    3.23    0.41   -0.86   32.78
C-G     0.00    0.00    0.00    0.00    0.00    0.00    0.80    1.62    2.81    7.72  -10.33   42.71
C-G     0.00    0.00    0.00    0.00    0.00    0.00   -0.20    0.30    3.52   -4.34    7.36   33.28
A-T     0.00    0.00    0.00    0.00    0.00    0.00    0.03    1.39    3.35   -6.24   -7.10   44.41
T-A     0.00    0.00    0.00    0.00    0.00    0.00    0.76   -0.87    3.22    8.39    0.94   27.27
C-G     0.00    0.00    0.00    0.00    0.00    0.00    0.33    0.24    3.46    3.24   15.36   35.30
A-T     0.00    0.00    0.00    0.00    0.00    0.00   -0.35   -0.02    3.57    2.08   13.11   31.83
A-T     0.00    0.00    0.00    0.00    0.00    0.00    0.44    0.88    3.61   -3.57    6.24   44.77
A-T     0.00    0.00    0.00    0.00    0.00    0.00   -0.72    0.16    3.05   -2.73    1.77   34.54
A-T     0.00    0.00    0.00    0.00    0.00    0.00   -0.38   -0.44    3.17   -6.09   -6.32   37.24
G-C     0.00    0.00    0.00    0.00    0.00    0.00   -0.27    0.26    3.78   -3.03   -3.47   34.90
G-C     0.00    0.00    0.00    0.00    0.00    0.00   -0.67    0.91    3.51   -6.32  -32.14   39.36
C-G     0.00    0.00    0.00    0.00    0.00    0.00    0.96   -0.60    4.04    2.64  -14.13   31.75
A-T     0.00    0.00    0.00    0.00    0.00    0.00    0.47    1.01    3.34   11.04   -0.58   42.87
T-A     0.00    0.00    0.00    0.00    0.00    0.00   -0.17   -0.26    3.82   -0.40   20.62   25.84
G-C     0.00    0.00    0.00    0.00    0.00    0.00    0.24    0.92    3.68   -0.46    8.01   39.50
T-A     0.00    0.00    0.00    0.00    0.00    0.00   -0.86   -0.73    3.34   -3.09    9.34   23.22
T-A     0.00    0.00    0.00    0.00    0.00    0.00    0.48    0.48    3.08    3.98   -2.38   39.64
C-G     0.00    0.00    0.00    0.00    0.00    0.00    0.70    0.28    3.27    5.85   13.34   28.69
A-T     0.00    0.00    0.00    0.00    0.00    0.00   -0.69    1.78    3.77   -3.17   -7.18   50.08
G-C     0.00    0.00    0.00    0.00    0.00    0.00    0.84    0.90    3.30    4.43   -2.59   30.47
C-G     0.00    0.00    0.00    0.00    0.00    0.00   -0.82    0.90    3.32   -5.71   -5.54   42.22
T-A     0.00    0.00    0.00    0.00    0.00    0.00    0.69    0.41    3.39    4.05    3.38   32.67
G-C     0.00    0.00    0.00    0.00    0.00    0.00    0.08    1.70    3.04   -0.24   -2.01   40.71
A-T     0.00    0.00    0.00    0.00    0.00    0.00    0.23   -0.46    3.47   -5.44   11.71   27.36
A-T     0.00    0.00    0.00    0.00    0.00    0.00   -0.98    0.25    3.30    0.33    1.57   40.17
T-A     0.00    0.00    0.00    0.00    0.00    0.00    0.34   -1.50    3.12   -0.86   11.21   24.12
T-A     0.00    0.00    0.00    0.00    0.00    0.00    0.48    0.37    3.29    6.08    5.16   37.54
C-G     0.00    0.00    0.00    0.00    0.00    0.00   -0.74   -0.20    3.29   -1.28    8.23   26.69
A-T     0.00    0.00    0.00    0.00    0.00    0.00   -0.13    1.97    3.54    0.46   -1.72   45.51
G-C     0.00    0.00    0.00    0.00    0.00    0.00    0.46    0.59    3.14   -1.30   -2.73   32.37
C-G     0.00    0.00    0.00    0.00    0.00    0.00   -0.32    1.30    3.51   -3.02   -7.12   44.08
T-A     0.00    0.00    0.00    0.00    0.00    0.00    0.20    1.03    3.46    1.23   -5.94   35.57
G-C     0.00    0.00    0.00    0.00    0.00    0.00    0.23    1.36    3.32    0.59    5.40   40.88
A-T     0.00    0.00    0.00    0.00    0.00    0.00   -1.02   -0.29    3.23   -3.22    9.44   27.47
A-T     0.00    0.00    0.00    0.00    0.00    0.00    0.53    0.59    3.29    0.76    2.48   39.21
C-G     0.00    0.00    0.00    0.00    0.00    0.00    0.25   -0.94    3.29    1.91   11.45   25.88
A-T     0.00    0.00    0.00    0.00    0.00    0.00   -0.67    0.75    3.54   -1.18    7.45   37.62
T-A     0.00    0.00    0.00    0.00    0.00    0.00    0.84   -0.62    3.36    3.81    3.05   26.53
G-C     0.00    0.00    0.00    0.00    0.00    0.00    0.08    0.77    3.23   -3.79    4.61   38.35
C-G     0.00    0.00    0.00    0.00    0.00    0.00   -0.84   -0.11    3.46    0.32   -9.30   33.81
C-G     0.00    0.00    0.00    0.00    0.00    0.00    0.16    1.99    3.94    1.46  -12.38   50.41
T-A     0.00    0.00    0.00    0.00    0.00    0.00    0.06    1.19    3.28    0.26   -6.23   38.32
T-A     0.00    0.00    0.00    0.00    0.00    0.00    0.17    0.27    2.99   -2.00    2.75   32.33
T-A     0.00    0.00    0.00    0.00    0.00    0.00    0.26   -0.14    3.41    1.00   10.14   30.07
T-A     0.00    0.00    0.00    0.00    0.00    0.00    0.00    0.45    3.54    2.50   14.86   36.66
G-C     0.00    0.00    0.00    0.00    0.00    0.00   -0.18   -1.31    3.43    2.94   17.69   18.81
A-T     0.00    0.00    0.00    0.00    0.00    0.00    0.41    0.19    3.29   -6.86    8.70   37.22
T-A     0.00    0.00    0.00    0.00    0.00    0.00   -0.67   -1.09    3.16   -3.46    6.50   19.50
G-C     0.00    0.00    0.00    0.00    0.00    0.00    0.28    1.23    3.18    3.38   -5.59   44.65
G-C     0.00    0.00    0.00    0.00    0.00    0.00    0.40    0.07    3.46    2.73    5.46   30.52
A-T     0.00    0.00    0.00    0.00    0.00    0.00   -0.80    1.45    3.21   -5.26   -6.99   45.02
G-C     0.00    0.00    0.00    0.00    0.00    0.00    0.99    0.03    3.01    0.92   -5.33   31.42
C-G     0.00    0.00    0.00    0.00    0.00    0.00   -0.25    0.64    3.55   -4.23   -5.29   40.80
A-T     0.00    0.00    0.00    0.00    0.00    0.00    0.72    0.17    3.55    7.50    4.19   32.37
G-C     0.00    0.00    0.00    0.00    0.00    0.00   -1.19   -0.04    3.56   -3.56   12.78   38.97
T-A     0.00    0.00    0.00    0.00    0.00    0.00   -0.81   -0.77    3.15   -4.17   10.09   27.82
T-A     0.00    0.00    0.00    0.00    0.00    0.00   -0.67    0.26    3.20   -0.32    1.12   37.61
T-A     0.00    0.00    0.00    0.00    0.00    0.00    0.95   -0.41    3.26    3.34    8.72   26.85
C-G     0.00    0.00    0.00    0.00    0.00    0.00    0.96    1.20    2.98    5.95    3.25   39.98
C-G     0.00    0.00    0.00    0.00    0.00    0.00   -0.76    1.08    3.53   -8.73    0.85   32.42
A-T     0.00    0.00    0.00    0.00    0.00    0.00   -0.01    2.22    3.09    8.36  -13.54   46.06
A-T     0.00    0.00    0.00    0.00    0.00    0.00    0.37   -0.51    3.26   -3.32    0.83   29.77
A-T     0.00    0.00    0.00    0.00    0.00    0.00   -0.82   -0.19    3.62    0.88    2.94   41.36
T-A     0.00    0.00    0.00    0.00    0.00    0.00    0.06   -0.57    3.19   -1.09   -3.22   31.90
A-T     0.00    0.00    0.00    0.00    0.00    0.00   -0.28   -0.49    3.11   -9.65    3.14   33.70
C-G     0.00    0.00    0.00    0.00    0.00    0.00    0.14   -0.86    3.08    1.39    4.39   26.29
A-T     0.00    0.00    0.00    0.00    0.00    0.00    0.55   -0.31    3.69    4.92   10.28   40.57
C-G     0.00    0.00    0.00    0.00    0.00    0.00    0.31   -0.38    3.56    0.49    7.95   34.50
T-A     0.00    0.00    0.00    0.00    0.00    0.00   -0.29   -0.17    3.19    0.95    6.57   33.77
T-A     0.00    0.00    0.00    0.00    0.00    0.00   -0.15   -0.19    3.47   -7.60   -5.45   34.28
T-A     0.00    0.00    0.00    0.00    0.00    0.00   -0.37   -0.03    2.89    5.00    1.62   36.48
T-A     0.00    0.00    0.00    0.00    0.00    0.00   -0.69    0.13    3.61   -3.25   -5.62   36.40
G-C     0.00    0.00    0.00    0.00    0.00    0.00   -0.06    2.56    3.27    0.95   -4.77   43.79
G-C     0.00    0.00    0.00    0.00    0.00    0.00   -0.22    0.14    2.78  -11.18    1.55   24.72
T-A     0.00    0.00    0.00    0.00    0.00    0.00    0.43   -0.12    3.19    2.89   10.47   34.49
A-T     0.00    0.00    0.00    0.00    0.00    0.00   -0.91   -0.19    3.45    3.11    8.90   30.52
G-C     0.00    0.00    0.00    0.00    0.00    0.00    0.54    0.17    3.40    2.18   16.93   32.33
A-T     0.00    0.00    0.00    0.00    0.00    0.00   -0.09   -0.58    3.11   -7.14    9.61   25.36
A-T     0.00    0.00    0.00    0.00    0.00    0.00    0.16   -0.65    3.03   -5.56    4.35   34.34
T-A     0.00    0.00    0.00    0.00    0.00    0.00    0.34   -1.18    3.44   -0.55  -11.30   31.09
C-G     0.00    0.00    0.00    0.00    0.00    0.00   -0.11   -0.40    3.31    2.42    0.13   42.45
T-A     0.00    0.00    0.00    0.00    0.00    0.00   -0.73   -0.37    3.32   -4.39   -2.60   29.68
G-C     0.00    0.00    0.00    0.00    0.00    0.00   -0.31    2.07    3.23    1.96   -7.77   45.60
C-G     0.00    0.00    0.00    0.00    0.00    0.00    0.25    0.74    3.02    3.68   -1.21   33.76
A-T     0.00    0.00    0.00    0.00    0.00    0.00    0.13    2.57    3.22    1.32   -0.92   41.30
G-C     0.00    0.00    0.00    0.00    0.00    0.00    0.64    0.73    3.12   -4.95    7.05   31.21
G-C     0.00    0.00    0.00    0.00    0.00    0.00   -0.75   -0.45    3.30   -1.52   18.21   31.24
T-A     0.00    0.00    0.00    0.00    0.00    0.00   -0.40   -0.51    3.45   -0.67    4.18   31.85
G-C     0.00    0.00    0.00    0.00    0.00    0.00    0.19    0.28    3.61    2.22   11.70   34.22
G-C     0.00    0.00    0.00    0.00    0.00    0.00    0.25   -0.09    3.04   -2.71    4.36   30.97
A-T     0.00    0.00    0.00    0.00    0.00    0.00   -0.13   -0.25    3.01   -0.88    2.95   35.68
T-A     0.00    0.00    0.00    0.00    0.00    0.00   -0.21   -0.66    3.43   -2.76   -1.13   31.85
A-T     0.00    0.00    0.00    0.00    0.00    0.00   -0.52    0.00    3.64    2.62   -5.64   42.00
T-A     0.00    0.00    0.00    0.00    0.00    0.00   -0.05   -1.00    3.18   -5.89   -1.60   29.88
T-A     0.00    0.00    0.00    0.00    0.00    0.00    0.21    0.44    3.31    5.21    2.26   37.52
G-C     0.00    0.00    0.00    0.00    0.00    0.00    0.13    0.03    3.18    1.95    1.50   35.55
A-T     0.00    0.00    0.00    0.00    0.00    0.00   -0.28   -0.52    3.35   -2.03    8.48   31.19
T-A     0.00    0.00    0.00    0.00    0.00    0.00    1.08   -0.31    3.26    1.02   -1.96   35.58
