 146 base-pairs
   0  ***local base-pair & step parameters***
       Shear  Stretch  Stagger Buckle Prop-Tw Opening   Shift  Slide    Rise    Tilt    Roll   Twist
A-T     0.00    0.00    0.00    0.00    0.00    0.00    0.00    0.00    0.00    0.00    0.00    0.00
T-A     0.00    0.00    0.00    0.00    0.00    0.00   -1.42   -0.69    3.16   -4.31    0.28   31.57
C-G     0.00    0.00    0.00    0.00    0.00    0.00    1.30   -0.21    3.11    6.02    0.74   36.63
A-T     0.00    0.00    0.00    0.00    0.00    0.00   -0.60    0.53    3.43   -4.04    7.87   35.56
A-T     0.00    0.00    0.00    0.00    0.00    0.00   -0.17    0.64    3.14   -4.16   -4.33   38.43
T-A     0.00    0.00    0.00    0.00    0.00    0.00    0.27   -0.95    3.21    7.84    2.69   32.59
A-T     0.00    0.00    0.00    0.00    0.00    0.00   -0.13   -0.34    3.36   -6.08   -7.74   41.23
T-A     0.00    0.00    0.00    0.00    0.00    0.00    0.40   -0.68    3.38    8.97    1.23   33.91
C-G     0.00    0.00    0.00    0.00    0.00    0.00    0.44    0.02    3.31   -3.28   -2.34   32.71
C-G     0.00    0.00    0.00    0.00    0.00    0.00    0.01   -0.03    3.18    1.62   10.42   28.13
A-T     0.00    0.00    0.00    0.00    0.00    0.00   -1.13    0.33    3.36   -1.44    5.36   31.48
C-G     0.00    0.00    0.00    0.00    0.00    0.00    0.47   -0.52    3.44   -2.30    7.69   34.61
C-G     0.00    0.00    0.00    0.00    0.00    0.00    0.37   -0.40    3.37    2.11   10.65   30.25
T-A     0.00    0.00    0.00    0.00    0.00    0.00   -0.92    0.15    3.45   -5.00    9.04   31.82
G-C     0.00    0.00    0.00    0.00    0.00    0.00    0.47    1.37    3.39    2.32   -8.11   40.23
C-G     0.00    0.00    0.00    0.00    0.00    0.00   -0.20    0.17    3.39   -5.24    6.26   38.49
A-T     0.00    0.00    0.00    0.00    0.00    0.00   -0.16    1.56    3.16    2.33  -22.42   41.24
G-C     0.00    0.00    0.00    0.00    0.00    0.00    0.64   -0.11    3.30    3.74    2.86   34.22
A-T     0.00    0.00    0.00    0.00    0.00    0.00    0.20   -0.36    3.41    0.30   -8.40   40.42
T-A     0.00    0.00    0.00    0.00    0.00    0.00   -0.22   -0.25    3.06    3.22   -1.27   33.06
T-A     0.00    0.00    0.00    0.00    0.00    0.00    0.44   -1.23    3.15    2.96    0.68   31.29
C-G     0.00    0.00    0.00    0.00    0.00    0.00   -0.59   -0.43    2.87    5.05   10.82   25.86
T-A     0.00    0.00    0.00    0.00    0.00    0.00    0.03   -0.12    3.94   -1.26   12.82   31.21
A-T     0.00    0.00    0.00    0.00    0.00    0.00    1.40    0.49    3.48    4.39   20.90   31.05
C-G     0.00    0.00    0.00    0.00    0.00    0.00   -0.66   -0.17    2.92  -12.18    3.63   31.56
C-G     0.00    0.00    0.00    0.00    0.00    0.00    0.30    0.01    2.90   10.61    8.55   30.46
A-T     0.00    0.00    0.00    0.00    0.00    0.00   -0.03    2.60    3.06   -0.15  -15.96   42.71
A-T     0.00    0.00    0.00    0.00    0.00    0.00    0.56    0.04    3.53    1.82    4.83   35.29
A-T     0.00    0.00    0.00    0.00    0.00    0.00    0.45    0.24    3.41   -2.37  -11.13   44.19
A-T     0.00    0.00    0.00    0.00    0.00    0.00    0.27   -0.66    3.27    0.53    6.67   30.72
G-C     0.00    0.00    0.00    0.00    0.00    0.00   -0.56   -0.61    3.51   -2.04   -3.19   35.41
T-A     0.00    0.00    0.00    0.00    0.00    0.00    0.49   -0.66    3.05    6.95    0.29   29.17
G-C     0.00    0.00    0.00    0.00    0.00    0.00    0.54    0.16    3.66    0.34   10.84   34.17
T-A     0.00    0.00    0.00    0.00    0.00    0.00   -1.00   -0.75    3.15   -0.95   19.50   23.00
A-T     0.00    0.00    0.00    0.00    0.00    0.00   -0.03   -0.45    3.56   -5.54   -2.54   43.82
T-A     0.00    0.00    0.00    0.00    0.00    0.00    0.49   -1.18    3.39    2.94    6.33   29.78
T-A     0.00    0.00    0.00    0.00    0.00    0.00    0.37   -0.18    3.19   -0.52  -11.62   40.17
T-A     0.00    0.00    0.00    0.00    0.00    0.00   -0.58   -0.40    3.54   -2.18    6.40   32.12
G-C     0.00    0.00    0.00    0.00    0.00    0.00   -0.13    2.27    3.12   -0.48  -20.42   46.65
G-C     0.00    0.00    0.00    0.00    0.00    0.00    0.29    0.99    3.30    3.96    3.93   28.13
A-T     0.00    0.00    0.00    0.00    0.00    0.00   -0.75    1.12    3.41   -7.43   -0.51   41.09
A-T     0.00    0.00    0.00    0.00    0.00    0.00   -0.01   -0.62    2.98   -3.51   10.18   28.65
A-T     0.00    0.00    0.00    0.00    0.00    0.00    0.05    0.30    3.53   -2.61    7.72   36.19
C-G     0.00    0.00    0.00    0.00    0.00    0.00    0.22   -0.83    3.06    5.65    2.31   28.49
T-A     0.00    0.00    0.00    0.00    0.00    0.00    1.14    0.29    3.37   -0.07   10.12   38.88
G-C     0.00    0.00    0.00    0.00    0.00    0.00   -1.33    0.03    3.49   -3.86   12.30   32.18
C-G     0.00    0.00    0.00    0.00    0.00    0.00    0.30    1.22    3.48   -1.77  -13.47   48.47
T-A     0.00    0.00    0.00    0.00    0.00    0.00   -0.86   -0.07    3.14    0.27   -1.32   31.09
C-G     0.00    0.00    0.00    0.00    0.00    0.00    1.12    1.64    2.96    8.66   -9.62   44.25
C-G     0.00    0.00    0.00    0.00    0.00    0.00   -0.45    0.35    3.48   -4.77    6.91   32.53
A-T     0.00    0.00    0.00    0.00    0.00    0.00    0.12    1.36    3.36   -6.61   -6.59   44.97
T-A     0.00    0.00    0.00    0.00    0.00    0.00    0.65   -0.88    3.05    8.31    0.40   26.87
C-G     0.00    0.00    0.00    0.00    0.00    0.00    0.61    0.12    3.56    3.97   15.65   34.90
A-T     0.00    0.00    0.00    0.00    0.00    0.00   -0.65    0.29    3.71    1.68   12.44   32.68
A-T     0.00    0.00    0.00    0.00    0.00    0.00    0.55    0.62    3.51   -3.25    7.66   43.76
A-T     0.00    0.00    0.00    0.00    0.00    0.00   -0.69    0.23    3.04   -3.60    0.72   36.07
A-T     0.00    0.00    0.00    0.00    0.00    0.00   -0.45   -0.46    3.09   -5.50   -6.64   35.88
G-C     0.00    0.00    0.00    0.00    0.00    0.00   -0.14    0.36    3.89   -2.60   -2.39   35.36
G-C     0.00    0.00    0.00    0.00    0.00    0.00   -0.81    0.80    3.44   -7.12  -32.76   38.70
C-G     0.00    0.00    0.00    0.00    0.00    0.00    1.10   -0.56    4.21    3.01  -14.73   33.37
A-T     0.00    0.00    0.00    0.00    0.00    0.00    0.27    1.12    3.18   11.62    0.83   41.61
T-A     0.00    0.00    0.00    0.00    0.00    0.00    0.04   -0.48    3.76   -1.85   20.10   25.97
G-C     0.00    0.00    0.00    0.00    0.00    0.00    0.11    1.06    3.74    0.26    6.86   39.82
T-A     0.00    0.00    0.00    0.00    0.00    0.00   -0.73   -0.68    3.46   -1.97   10.24   22.89
T-A     0.00    0.00    0.00    0.00    0.00    0.00    0.36    0.46    3.04    3.00   -0.87   39.49
C-G     0.00    0.00    0.00    0.00    0.00    0.00    0.63    0.19    3.17    4.49   10.16   29.75
A-T     0.00    0.00    0.00    0.00    0.00    0.00   -0.47    1.80    3.82   -0.62   -4.62   49.26
G-C     0.00    0.00    0.00    0.00    0.00    0.00    0.68    1.07    3.26    3.31   -3.61   30.03
C-G     0.00    0.00    0.00    0.00    0.00    0.00   -0.76    0.62    3.42   -6.77   -5.03   42.44
T-A     0.00    0.00    0.00    0.00    0.00    0.00    0.62    0.70    3.42    6.08    1.44   34.11
G-C     0.00    0.00    0.00    0.00    0.00    0.00    0.21    1.47    2.96   -1.17    2.07   38.53
A-T     0.00    0.00    0.00    0.00    0.00    0.00    0.02   -0.29    3.40   -6.39    7.47   29.22
A-T     0.00    0.00    0.00    0.00    0.00    0.00   -0.81    0.01    3.31    0.84    3.69   38.63
T-A     0.00    0.00    0.00    0.00    0.00    0.00    0.46   -1.16    3.31    1.62   10.54   25.38
T-A     0.00    0.00    0.00    0.00    0.00    0.00    0.11    0.17    3.17    2.01    6.67   35.97
C-G     0.00    0.00    0.00    0.00    0.00    0.00   -0.45   -0.21    3.32    1.13    5.26   29.42
A-T     0.00    0.00    0.00    0.00    0.00    0.00   -0.24    2.00    3.40    0.25    1.51   42.63
G-C     0.00    0.00    0.00    0.00    0.00    0.00    0.63    0.63    3.30   -1.53   -4.96   33.95
C-G     0.00    0.00    0.00    0.00    0.00    0.00   -0.68    1.29    3.45   -3.73   -6.27   43.00
T-A     0.00    0.00    0.00    0.00    0.00    0.00    0.68    0.97    3.58    2.94   -6.42   37.31
G-C     0.00    0.00    0.00    0.00    0.00    0.00   -0.20    1.48    3.18   -0.49    6.93   39.02
A-T     0.00    0.00    0.00    0.00    0.00    0.00   -0.85   -0.40    3.20   -4.51    7.08   29.10
A-T     0.00    0.00    0.00    0.00    0.00    0.00    0.57    0.56    3.28    3.48    4.36   37.53
C-G     0.00    0.00    0.00    0.00    0.00    0.00    0.28   -0.75    3.45    0.16   10.23   27.20
A-T     0.00    0.00    0.00    0.00    0.00    0.00   -0.87    0.62    3.51   -0.54    8.61   36.68
T-A     0.00    0.00    0.00    0.00    0.00    0.00    0.97   -0.57    3.26    3.00    1.96   27.93
G-C     0.00    0.00    0.00    0.00    0.00    0.00    0.18    0.61    3.21   -2.80    5.70   36.78
C-G     0.00    0.00    0.00    0.00    0.00    0.00   -1.01    0.22    3.54   -0.32  -10.89   34.82
C-G     0.00    0.00    0.00    0.00    0.00    0.00    0.26    1.68    3.94    1.71  -10.43   49.29
T-A     0.00    0.00    0.00    0.00    0.00    0.00    0.07    1.39    3.34    0.80   -7.94   39.89
T-A     0.00    0.00    0.00    0.00    0.00    0.00    0.04    0.18    2.93   -3.55    3.95   31.42
T-A     0.00    0.00    0.00    0.00    0.00    0.00    0.40   -0.10    3.33    3.06    9.52   30.25
T-A     0.00    0.00    0.00    0.00    0.00    0.00   -0.05    0.35    3.53   -0.07   15.38   36.09
G-C     0.00    0.00    0.00    0.00    0.00    0.00   -0.08   -1.19    3.61    5.99   16.09   19.71
A-T     0.00    0.00    0.00    0.00    0.00    0.00    0.16    0.27    3.23   -9.10   11.34   36.49
T-A     0.00    0.00    0.00    0.00    0.00    0.00   -0.43   -1.35    3.05   -2.60    4.73   20.11
G-C     0.00    0.00    0.00    0.00    0.00    0.00    0.08    1.41    3.17    2.25   -5.64   44.57
G-C     0.00    0.00    0.00    0.00    0.00    0.00    0.63    0.04    3.52    4.94    5.89   30.03
A-T     0.00    0.00    0.00    0.00    0.00    0.00   -1.00    1.48    3.22   -6.87   -6.15   44.64
G-C     0.00    0.00    0.00    0.00    0.00    0.00    1.07   -0.07    3.05    0.45   -7.39   33.05
C-G     0.00    0.00    0.00    0.00    0.00    0.00   -0.26    0.76    3.52   -1.93   -3.53   39.71
A-T     0.00    0.00    0.00    0.00    0.00    0.00    0.73    0.13    3.45    4.84    4.46   32.32
G-C     0.00    0.00    0.00    0.00    0.00    0.00   -1.21   -0.16    3.58   -2.39   10.67   38.94
T-A     0.00    0.00    0.00    0.00    0.00    0.00   -0.74   -0.54    3.32   -3.78   11.57   28.47
T-A     0.00    0.00    0.00    0.00    0.00    0.00   -0.71    0.15    3.15    0.36    1.65   36.53
T-A     0.00    0.00    0.00    0.00    0.00    0.00    0.81   -0.42    3.19    0.27    8.01   28.08
C-G     0.00    0.00    0.00    0.00    0.00    0.00    1.14    1.13    2.93    8.82    1.91   39.75
C-G     0.00    0.00    0.00    0.00    0.00    0.00   -0.72    1.24    3.60   -8.77    3.94   31.16
A-T     0.00    0.00    0.00    0.00    0.00    0.00   -0.23    2.17    3.11    6.28  -16.50   47.19
A-T     0.00    0.00    0.00    0.00    0.00    0.00    0.50   -0.62    3.29   -1.42    2.21   29.66
A-T     0.00    0.00    0.00    0.00    0.00    0.00   -0.80    0.01    3.59    0.59    2.87   41.91
T-A     0.00    0.00    0.00    0.00    0.00    0.00   -0.03   -0.78    3.07   -1.90   -2.56   30.07
A-T     0.00    0.00    0.00    0.00    0.00    0.00   -0.25   -0.33    3.20  -10.07    0.77   36.02
C-G     0.00    0.00    0.00    0.00    0.00    0.00    0.30   -1.01    3.11    4.18    7.04   23.89
A-T     0.00    0.00    0.00    0.00    0.00    0.00    0.37   -0.03    3.80    2.13    9.17   42.73
C-G     0.00    0.00    0.00    0.00    0.00    0.00    0.20   -0.71    3.33    0.77    7.88   33.10
T-A     0.00    0.00    0.00    0.00    0.00    0.00    0.06   -0.02    3.27    2.24    6.48   35.13
T-A     0.00    0.00    0.00    0.00    0.00    0.00   -0.40   -0.19    3.44   -8.39   -4.70   32.20
T-A     0.00    0.00    0.00    0.00    0.00    0.00   -0.30    0.00    3.04    4.94    0.27   38.23
T-A     0.00    0.00    0.00    0.00    0.00    0.00   -0.75    0.05    3.52   -2.98   -4.09   35.71
G-C     0.00    0.00    0.00    0.00    0.00    0.00    0.11    2.59    3.30    1.33   -5.89   44.37
G-C     0.00    0.00    0.00    0.00    0.00    0.00   -0.51    0.20    2.69  -12.77    2.52   24.00
T-A     0.00    0.00    0.00    0.00    0.00    0.00    0.73   -0.27    3.19    4.72    8.97   34.71
A-T     0.00    0.00    0.00    0.00    0.00    0.00   -0.98   -0.08    3.60    2.34   10.86   30.32
G-C     0.00    0.00    0.00    0.00    0.00    0.00    0.41    0.24    3.40    2.47   14.57   33.08
A-T     0.00    0.00    0.00    0.00    0.00    0.00   -0.03   -0.77    3.00   -7.78   12.82   24.55
A-T     0.00    0.00    0.00    0.00    0.00    0.00    0.22   -0.58    2.96   -5.21    0.75   35.29
T-A     0.00    0.00    0.00    0.00    0.00    0.00    0.33   -1.21    3.57   -0.48   -8.59   29.62
C-G     0.00    0.00    0.00    0.00    0.00    0.00   -0.18   -0.20    3.34    3.01   -1.75   43.83
T-A     0.00    0.00    0.00    0.00    0.00    0.00   -0.67   -0.73    3.28   -5.59   -0.32   28.31
G-C     0.00    0.00    0.00    0.00    0.00    0.00   -0.35    2.40    3.29    2.74  -10.98   48.17
C-G     0.00    0.00    0.00    0.00    0.00    0.00    0.22    0.51    2.86    3.57    2.32   30.46
A-T     0.00    0.00    0.00    0.00    0.00    0.00    0.29    2.70    3.32    1.13   -3.48   43.71
G-C     0.00    0.00    0.00    0.00    0.00    0.00    0.42    0.63    3.13   -5.23    7.65   29.54
G-C     0.00    0.00    0.00    0.00    0.00    0.00   -0.49   -0.25    3.47    0.23   18.57   33.16
T-A     0.00    0.00    0.00    0.00    0.00    0.00   -0.75   -0.68    3.16   -3.06    5.17   29.66
G-C     0.00    0.00    0.00    0.00    0.00    0.00    0.55    0.21    3.71    2.73    9.16   36.53
G-C     0.00    0.00    0.00    0.00    0.00    0.00    0.00    0.12    3.02   -1.14    6.10   28.93
A-T     0.00    0.00    0.00    0.00    0.00    0.00    0.12   -0.36    3.13   -1.85    3.35   36.31
T-A     0.00    0.00    0.00    0.00    0.00    0.00   -0.57   -0.64    3.38   -3.72   -2.46   32.32
A-T     0.00    0.00    0.00    0.00    0.00    0.00   -0.19   -0.05    3.64    4.02   -5.40   42.39
T-A     0.00    0.00    0.00    0.00    0.00    0.00   -0.18   -0.91    3.11   -5.80    0.13   28.55
T-A     0.00    0.00    0.00    0.00    0.00    0.00    0.16    0.34    3.28    3.01   -0.19   38.12
G-C     0.00    0.00    0.00    0.00    0.00    0.00    0.27    0.04    3.35    4.69    2.37   35.94
A-T     0.00    0.00    0.00    0.00    0.00    0.00   -0.37   -0.36    3.32   -2.48    9.41   30.65
T-A     0.00    0.00    0.00    0.00    0.00    0.00    1.03   -0.54    3.20   -0.99   -2.31   35.87
