 146 base-pairs
   0  ***local base-pair & step parameters***
       Shear  Stretch  Stagger Buckle Prop-Tw Opening   Shift  Slide    Rise    Tilt    Roll   Twist
A-T     0.00    0.00    0.00    0.00    0.00    0.00    0.00    0.00    0.00    0.00    0.00    0.00
T-A     0.00    0.00    0.00    0.00    0.00    0.00   -1.20   -0.78    3.31   -2.91    0.06   30.98
C-G     0.00    0.00    0.00    0.00    0.00    0.00    1.04   -0.10    2.95    4.59    1.57   37.09
A-T     0.00    0.00    0.00    0.00    0.00    0.00   -0.25    0.79    3.52   -3.05    5.84   35.96
A-T     0.00    0.00    0.00    0.00    0.00    0.00   -0.55    0.17    3.19   -4.85   -1.27   37.69
T-A     0.00    0.00    0.00    0.00    0.00    0.00    0.46   -0.77    3.00    8.26   -0.79   32.84
A-T     0.00    0.00    0.00    0.00    0.00    0.00    0.09   -0.08    3.64   -5.47   -4.77   41.32
T-A     0.00    0.00    0.00    0.00    0.00    0.00   -0.17   -1.02    3.20    6.63   -0.31   34.02
C-G     0.00    0.00    0.00    0.00    0.00    0.00    1.02    0.12    3.34    0.05   -2.42   32.74
C-G     0.00    0.00    0.00    0.00    0.00    0.00   -0.31   -0.06    3.17   -0.56   11.32   27.04
A-T     0.00    0.00    0.00    0.00    0.00    0.00   -1.06    0.62    3.47   -1.87    4.64   33.48
C-G     0.00    0.00    0.00    0.00    0.00    0.00    0.42   -1.00    3.31   -0.11    7.93   33.11
C-G     0.00    0.00    0.00    0.00    0.00    0.00    0.53   -0.12    3.37    0.57   10.63   30.43
T-A     0.00    0.00    0.00    0.00    0.00    0.00   -1.10    0.22    3.59   -5.47    9.07   31.90
G-C     0.00    0.00    0.00    0.00    0.00    0.00    0.59    1.25    3.26    3.90   -8.31   41.27
C-G     0.00    0.00    0.00    0.00    0.00    0.00   -0.32    0.07    3.47   -6.19    6.95   36.81
A-T     0.00    0.00    0.00    0.00    0.00    0.00    0.02    1.72    3.02    2.21  -23.61   41.54
G-C     0.00    0.00    0.00    0.00    0.00    0.00    0.53    0.01    3.56    4.06    3.55   36.24
A-T     0.00    0.00    0.00    0.00    0.00    0.00    0.04   -0.77    3.23    0.31   -7.46   37.48
T-A     0.00    0.00    0.00    0.00    0.00    0.00    0.18    0.09    2.96    3.37   -3.46   35.05
T-A     0.00    0.00    0.00    0.00    0.00    0.00    0.03   -1.32    3.41    2.46    2.10   30.39
C-G     0.00    0.00    0.00    0.00    0.00    0.00   -0.31   -0.41    2.76    4.85   11.76   26.88
T-A     0.00    0.00    0.00    0.00    0.00    0.00   -0.24   -0.29    3.79    0.41   10.03   29.68
A-T     0.00    0.00    0.00    0.00    0.00    0.00    1.85    0.67    3.65    2.67   23.82   31.91
C-G     0.00    0.00    0.00    0.00    0.00    0.00   -1.19   -0.08    2.95  -13.11    1.55   32.29
C-G     0.00    0.00    0.00    0.00    0.00    0.00    0.63   -0.32    2.74   14.94    9.96   29.05
A-T     0.00    0.00    0.00    0.00    0.00    0.00   -0.07    2.78    3.13   -5.32  -16.86   42.90
A-T     0.00    0.00    0.00    0.00    0.00    0.00    0.47    0.25    3.60    4.61    4.89   36.89
A-T     0.00    0.00    0.00    0.00    0.00    0.00    0.58   -0.12    3.33   -2.10  -10.36   42.33
A-T     0.00    0.00    0.00    0.00    0.00    0.00   -0.06   -0.55    3.29   -1.23    5.75   30.80
G-C     0.00    0.00    0.00    0.00    0.00    0.00    0.14   -0.39    3.49   -0.10   -2.64   37.69
T-A     0.00    0.00    0.00    0.00    0.00    0.00   -0.43   -0.93    3.00    4.88   -0.12   25.87
G-C     0.00    0.00    0.00    0.00    0.00    0.00    1.29    0.26    3.86    2.29   11.55   36.58
T-A     0.00    0.00    0.00    0.00    0.00    0.00   -1.40   -0.71    2.84   -1.78   18.38   22.36
A-T     0.00    0.00    0.00    0.00    0.00    0.00    0.16   -0.47    3.75   -5.77   -0.92   43.41
T-A     0.00    0.00    0.00    0.00    0.00    0.00    0.38   -1.23    3.44    2.23    4.08   29.66
T-A     0.00    0.00    0.00    0.00    0.00    0.00    0.27   -0.10    3.06    2.65   -9.61   41.82
T-A     0.00    0.00    0.00    0.00    0.00    0.00   -0.09   -0.51    3.54   -6.04    6.59   29.45
G-C     0.00    0.00    0.00    0.00    0.00    0.00   -0.92    2.45    3.15    0.38  -23.56   48.72
G-C     0.00    0.00    0.00    0.00    0.00    0.00    1.06    0.81    3.48    7.38    7.56   27.91
A-T     0.00    0.00    0.00    0.00    0.00    0.00   -1.28    1.16    3.07  -12.41   -0.89   39.52
A-T     0.00    0.00    0.00    0.00    0.00    0.00    0.34   -0.47    3.21   -0.46    6.46   31.16
A-T     0.00    0.00    0.00    0.00    0.00    0.00   -0.20    0.05    3.58   -2.99   12.51   33.30
C-G     0.00    0.00    0.00    0.00    0.00    0.00    0.33   -0.60    2.97    4.80   -0.40   31.64
T-A     0.00    0.00    0.00    0.00    0.00    0.00    1.23    0.09    3.29    1.03   10.70   35.96
G-C     0.00    0.00    0.00    0.00    0.00    0.00   -1.54    0.19    3.60   -5.19   12.36   33.77
C-G     0.00    0.00    0.00    0.00    0.00    0.00    0.53    1.22    3.60   -0.79  -14.18   48.87
T-A     0.00    0.00    0.00    0.00    0.00    0.00   -1.19   -0.31    2.82    0.69    0.95   29.55
C-G     0.00    0.00    0.00    0.00    0.00    0.00    1.65    1.99    3.20    7.26  -12.36   45.31
C-G     0.00    0.00    0.00    0.00    0.00    0.00   -1.04    0.18    3.43   -4.38    7.80   32.75
A-T     0.00    0.00    0.00    0.00    0.00    0.00    0.45    1.23    3.40   -5.18   -6.23   44.14
T-A     0.00    0.00    0.00    0.00    0.00    0.00    0.76   -0.66    2.95    7.02    2.83   27.31
C-G     0.00    0.00    0.00    0.00    0.00    0.00    0.26    0.10    3.47    2.97    8.40   35.26
A-T     0.00    0.00    0.00    0.00    0.00    0.00   -0.40    0.08    4.12    4.24   20.47   31.43
A-T     0.00    0.00    0.00    0.00    0.00    0.00    0.55    0.84    3.08   -4.74    4.93   46.13
A-T     0.00    0.00    0.00    0.00    0.00    0.00   -0.87    0.22    3.03   -4.03   -2.72   33.12
A-T     0.00    0.00    0.00    0.00    0.00    0.00   -0.24   -0.68    3.48   -4.86   -1.76   37.34
G-C     0.00    0.00    0.00    0.00    0.00    0.00   -0.29    0.72    3.65   -2.37   -5.08   37.40
G-C     0.00    0.00    0.00    0.00    0.00    0.00   -0.86    0.38    3.23   -6.86  -30.77   34.20
C-G     0.00    0.00    0.00    0.00    0.00    0.00    1.43   -0.23    4.54    0.92  -18.62   35.90
A-T     0.00    0.00    0.00    0.00    0.00    0.00   -0.23    1.09    3.21   14.20    5.43   44.60
T-A     0.00    0.00    0.00    0.00    0.00    0.00    0.40   -0.85    3.35   -2.57   17.93   19.12
G-C     0.00    0.00    0.00    0.00    0.00    0.00    0.02    1.57    4.12   -0.88    6.69   44.78
T-A     0.00    0.00    0.00    0.00    0.00    0.00   -0.78   -0.94    3.36   -1.19    9.61   23.82
T-A     0.00    0.00    0.00    0.00    0.00    0.00    0.27    0.35    2.96    3.39    1.49   34.38
C-G     0.00    0.00    0.00    0.00    0.00    0.00    0.91    0.38    3.27    4.64    9.07   34.13
A-T     0.00    0.00    0.00    0.00    0.00    0.00   -0.71    1.86    3.67   -2.55   -7.03   48.35
G-C     0.00    0.00    0.00    0.00    0.00    0.00    0.70    0.75    3.48    5.42    0.07   28.71
C-G     0.00    0.00    0.00    0.00    0.00    0.00   -0.52    0.92    3.27   -6.81   -6.31   43.59
T-A     0.00    0.00    0.00    0.00    0.00    0.00    0.14    0.62    3.34    4.41    0.33   33.93
G-C     0.00    0.00    0.00    0.00    0.00    0.00    0.93    1.40    3.17    0.00    2.57   38.05
A-T     0.00    0.00    0.00    0.00    0.00    0.00   -0.81   -0.22    3.31   -6.49    8.69   30.45
A-T     0.00    0.00    0.00    0.00    0.00    0.00   -0.17   -0.06    3.21    1.48    2.76   36.59
T-A     0.00    0.00    0.00    0.00    0.00    0.00    0.28   -1.00    3.43   -0.27    9.95   26.88
T-A     0.00    0.00    0.00    0.00    0.00    0.00   -0.14   -0.05    3.18    3.42    6.98   36.87
C-G     0.00    0.00    0.00    0.00    0.00    0.00   -0.02   -0.08    3.23    1.84    7.20   26.26
A-T     0.00    0.00    0.00    0.00    0.00    0.00   -0.66    2.06    3.43   -1.51   -1.78   45.47
G-C     0.00    0.00    0.00    0.00    0.00    0.00    1.04    0.48    3.35   -0.91   -2.34   33.70
C-G     0.00    0.00    0.00    0.00    0.00    0.00   -1.16    1.33    3.36   -3.25   -8.19   41.01
T-A     0.00    0.00    0.00    0.00    0.00    0.00    1.22    1.15    3.72    3.50   -4.02   39.65
G-C     0.00    0.00    0.00    0.00    0.00    0.00   -0.74    1.14    2.99   -3.08    4.87   37.17
A-T     0.00    0.00    0.00    0.00    0.00    0.00   -0.37   -0.07    3.36   -1.52    6.26   30.84
A-T     0.00    0.00    0.00    0.00    0.00    0.00    0.27    0.40    3.28    2.02    8.39   36.15
C-G     0.00    0.00    0.00    0.00    0.00    0.00    0.24   -0.83    3.29   -0.03    6.02   26.91
A-T     0.00    0.00    0.00    0.00    0.00    0.00   -0.42    0.83    3.71    0.40   10.52   39.09
T-A     0.00    0.00    0.00    0.00    0.00    0.00    0.28   -0.73    3.09    1.47    1.21   25.02
G-C     0.00    0.00    0.00    0.00    0.00    0.00    0.83    0.67    3.38   -0.64    7.73   38.25
C-G     0.00    0.00    0.00    0.00    0.00    0.00   -1.48    0.17    3.34   -2.13  -13.99   34.69
C-G     0.00    0.00    0.00    0.00    0.00    0.00    0.63    1.82    4.07    1.90   -8.49   49.71
T-A     0.00    0.00    0.00    0.00    0.00    0.00   -0.25    1.19    3.33    1.74   -8.04   38.25
T-A     0.00    0.00    0.00    0.00    0.00    0.00    0.24    0.37    2.90   -3.68    3.61   33.55
T-A     0.00    0.00    0.00    0.00    0.00    0.00    0.38   -0.31    3.31    1.50    9.99   28.66
T-A     0.00    0.00    0.00    0.00    0.00    0.00   -0.13    0.60    3.52    1.94   13.02   36.77
G-C     0.00    0.00    0.00    0.00    0.00    0.00    0.00   -1.37    3.80    5.00   20.74   20.22
A-T     0.00    0.00    0.00    0.00    0.00    0.00    0.04    0.19    2.90   -9.02    7.51   34.37
T-A     0.00    0.00    0.00    0.00    0.00    0.00   -0.13   -1.03    3.30   -2.37    4.31   23.35
G-C     0.00    0.00    0.00    0.00    0.00    0.00   -0.33    1.11    3.17    1.35   -1.78   42.15
G-C     0.00    0.00    0.00    0.00    0.00    0.00    0.95    0.12    3.41    6.98    2.63   30.22
A-T     0.00    0.00    0.00    0.00    0.00    0.00   -1.16    1.49    3.24   -8.80   -5.69   45.57
G-C     0.00    0.00    0.00    0.00    0.00    0.00    1.25    0.08    3.16    0.25   -6.73   33.26
C-G     0.00    0.00    0.00    0.00    0.00    0.00   -0.59    0.48    3.44    0.17   -3.22   38.08
A-T     0.00    0.00    0.00    0.00    0.00    0.00    1.07    0.25    3.39    3.64    3.84   33.33
G-C     0.00    0.00    0.00    0.00    0.00    0.00   -1.34   -0.02    3.73   -4.18    9.76   39.57
T-A     0.00    0.00    0.00    0.00    0.00    0.00   -0.83   -0.66    3.20   -0.21   13.81   28.11
T-A     0.00    0.00    0.00    0.00    0.00    0.00   -0.62    0.00    3.19   -2.17   -0.05   34.52
T-A     0.00    0.00    0.00    0.00    0.00    0.00    0.78   -0.16    3.21    0.66    8.61   31.18
C-G     0.00    0.00    0.00    0.00    0.00    0.00    1.31    1.17    2.87    9.68    0.90   39.00
C-G     0.00    0.00    0.00    0.00    0.00    0.00   -1.16    0.85    3.63  -10.14    6.60   28.60
A-T     0.00    0.00    0.00    0.00    0.00    0.00    0.30    2.50    3.18    8.22  -19.89   50.11
A-T     0.00    0.00    0.00    0.00    0.00    0.00    0.16   -0.57    3.15   -3.21    4.37   29.15
A-T     0.00    0.00    0.00    0.00    0.00    0.00   -0.62   -0.24    3.67    0.52    3.08   41.17
T-A     0.00    0.00    0.00    0.00    0.00    0.00   -0.31   -0.74    3.09    0.24   -5.09   28.87
A-T     0.00    0.00    0.00    0.00    0.00    0.00    0.19   -0.12    3.16  -11.69    4.90   39.80
C-G     0.00    0.00    0.00    0.00    0.00    0.00   -0.02   -1.16    3.06    2.61    2.67   20.18
A-T     0.00    0.00    0.00    0.00    0.00    0.00    0.25   -0.11    3.88    6.07   11.93   44.19
C-G     0.00    0.00    0.00    0.00    0.00    0.00    0.70   -0.58    3.35   -1.98    7.62   33.14
T-A     0.00    0.00    0.00    0.00    0.00    0.00   -0.53   -0.01    3.14    1.74    5.41   35.15
T-A     0.00    0.00    0.00    0.00    0.00    0.00    0.09   -0.25    3.55   -6.12   -4.43   32.43
T-A     0.00    0.00    0.00    0.00    0.00    0.00   -0.69   -0.06    3.02    3.54    1.77   36.48
T-A     0.00    0.00    0.00    0.00    0.00    0.00   -0.45    0.16    3.52   -3.14   -6.58   38.56
G-C     0.00    0.00    0.00    0.00    0.00    0.00   -0.06    2.63    3.26    1.98   -3.71   42.29
G-C     0.00    0.00    0.00    0.00    0.00    0.00   -0.44    0.05    2.70  -13.17    1.61   24.84
T-A     0.00    0.00    0.00    0.00    0.00    0.00    0.60   -0.23    3.24    4.91    7.83   33.49
A-T     0.00    0.00    0.00    0.00    0.00    0.00   -0.73    0.06    3.57    2.63   14.11   32.80
G-C     0.00    0.00    0.00    0.00    0.00    0.00    0.27    0.20    3.30    1.02   11.00   31.23
A-T     0.00    0.00    0.00    0.00    0.00    0.00   -0.32   -1.00    3.12   -5.55   13.82   23.43
A-T     0.00    0.00    0.00    0.00    0.00    0.00    0.96   -0.29    3.05   -6.62    3.10   38.58
T-A     0.00    0.00    0.00    0.00    0.00    0.00   -0.51   -1.21    3.28   -0.87  -11.24   27.68
C-G     0.00    0.00    0.00    0.00    0.00    0.00    0.36   -0.48    3.51    4.26   -2.71   42.35
T-A     0.00    0.00    0.00    0.00    0.00    0.00   -0.82   -0.50    3.46   -6.18    4.57   31.40
G-C     0.00    0.00    0.00    0.00    0.00    0.00   -0.42    2.43    2.93    2.59  -16.31   46.89
C-G     0.00    0.00    0.00    0.00    0.00    0.00    0.31    0.40    3.01    3.33    5.01   28.70
A-T     0.00    0.00    0.00    0.00    0.00    0.00    0.26    2.66    3.51    2.23   -3.87   46.72
G-C     0.00    0.00    0.00    0.00    0.00    0.00    0.42    0.77    2.84   -6.31    7.72   27.83
G-C     0.00    0.00    0.00    0.00    0.00    0.00   -0.52   -0.31    3.56    0.53   18.32   32.59
T-A     0.00    0.00    0.00    0.00    0.00    0.00   -0.59   -0.66    3.31   -2.91    4.68   31.55
G-C     0.00    0.00    0.00    0.00    0.00    0.00    0.12    0.08    3.51    2.61   10.46   35.25
G-C     0.00    0.00    0.00    0.00    0.00    0.00    0.72    0.30    3.13   -0.65    5.05   28.03
A-T     0.00    0.00    0.00    0.00    0.00    0.00   -0.63   -0.34    3.14   -3.37    4.16   39.33
T-A     0.00    0.00    0.00    0.00    0.00    0.00   -0.13   -0.88    3.28   -1.68   -4.70   29.15
A-T     0.00    0.00    0.00    0.00    0.00    0.00   -0.18    0.09    3.78    2.89   -0.76   43.35
T-A     0.00    0.00    0.00    0.00    0.00    0.00   -0.52   -0.73    3.00   -6.28   -5.24   30.18
T-A     0.00    0.00    0.00    0.00    0.00    0.00    0.59    0.12    3.29    4.27    3.15   35.82
G-C     0.00    0.00    0.00    0.00    0.00    0.00   -0.10   -0.09    3.40    3.79    1.90   36.91
A-T     0.00    0.00    0.00    0.00    0.00    0.00   -0.08    0.07    3.30   -1.99    8.55   30.97
T-A     0.00    0.00    0.00    0.00    0.00    0.00    0.79   -0.81    3.12   -1.81   -1.75   35.71
