 146 base-pairs
   0  ***local base-pair & step parameters***
       Shear  Stretch  Stagger Buckle Prop-Tw Opening   Shift  Slide    Rise    Tilt    Roll   Twist
A-T     0.00    0.00    0.00    0.00    0.00    0.00    0.00    0.00    0.00    0.00    0.00    0.00
T-A     0.00    0.00    0.00    0.00    0.00    0.00   -1.17   -0.72    3.29   -2.67   -0.05   31.77
C-G     0.00    0.00    0.00    0.00    0.00    0.00    1.01   -0.20    2.95    4.47    2.10   36.24
A-T     0.00    0.00    0.00    0.00    0.00    0.00   -0.25    0.86    3.54   -3.12    5.27   36.30
A-T     0.00    0.00    0.00    0.00    0.00    0.00   -0.53    0.18    3.17   -4.63   -1.03   38.10
T-A     0.00    0.00    0.00    0.00    0.00    0.00    0.42   -0.84    3.01    8.04   -0.53   31.97
A-T     0.00    0.00    0.00    0.00    0.00    0.00    0.11    0.01    3.65   -5.40   -5.35   42.08
T-A     0.00    0.00    0.00    0.00    0.00    0.00   -0.16   -1.07    3.19    6.75    0.21   33.89
C-G     0.00    0.00    0.00    0.00    0.00    0.00    1.00    0.09    3.36   -0.19   -2.53   32.16
C-G     0.00    0.00    0.00    0.00    0.00    0.00   -0.28    0.02    3.16   -0.37   10.94   27.94
A-T     0.00    0.00    0.00    0.00    0.00    0.00   -1.07    0.53    3.46   -1.89    5.24   32.87
C-G     0.00    0.00    0.00    0.00    0.00    0.00    0.41   -0.97    3.33   -0.28    7.51   33.03
C-G     0.00    0.00    0.00    0.00    0.00    0.00    0.56   -0.07    3.35    0.81   10.59   31.16
T-A     0.00    0.00    0.00    0.00    0.00    0.00   -1.13    0.13    3.59   -5.63    9.54   31.01
G-C     0.00    0.00    0.00    0.00    0.00    0.00    0.60    1.33    3.28    3.86   -8.90   41.71
C-G     0.00    0.00    0.00    0.00    0.00    0.00   -0.30    0.06    3.45   -5.99    7.26   37.11
A-T     0.00    0.00    0.00    0.00    0.00    0.00   -0.01    1.65    3.03    1.97  -23.42   40.70
G-C     0.00    0.00    0.00    0.00    0.00    0.00    0.55    0.11    3.56    4.17    3.00   37.05
A-T     0.00    0.00    0.00    0.00    0.00    0.00    0.04   -0.83    3.22    0.40   -6.91   37.23
T-A     0.00    0.00    0.00    0.00    0.00    0.00    0.16    0.07    2.99    3.14   -3.64   34.57
T-A     0.00    0.00    0.00    0.00    0.00    0.00    0.06   -1.23    3.39    2.67    1.79   31.29
C-G     0.00    0.00    0.00    0.00    0.00    0.00   -0.33   -0.50    2.76    4.80   12.35   26.18
T-A     0.00    0.00    0.00    0.00    0.00    0.00   -0.25   -0.25    3.80    0.27    9.55   29.72
A-T     0.00    0.00    0.00    0.00    0.00    0.00    1.88    0.70    3.63    2.91   23.86   32.56
C-G     0.00    0.00    0.00    0.00    0.00    0.00   -1.22   -0.17    2.96  -13.29    1.98   31.39
C-G     0.00    0.00    0.00    0.00    0.00    0.00    0.64   -0.24    2.75   14.93    9.35   29.60
A-T     0.00    0.00    0.00    0.00    0.00    0.00   -0.05    2.76    3.11   -5.14  -16.48   43.09
A-T     0.00    0.00    0.00    0.00    0.00    0.00    0.43    0.19    3.61    4.37    4.99   36.10
A-T     0.00    0.00    0.00    0.00    0.00    0.00    0.61   -0.03    3.33   -1.97  -10.88   43.19
A-T     0.00    0.00    0.00    0.00    0.00    0.00   -0.06   -0.62    3.28   -1.16    6.33   30.44
G-C     0.00    0.00    0.00    0.00    0.00    0.00    0.12   -0.39    3.52   -0.32   -2.90   37.30
T-A     0.00    0.00    0.00    0.00    0.00    0.00   -0.39   -0.86    2.99    5.10   -0.36   26.74
G-C     0.00    0.00    0.00    0.00    0.00    0.00    1.27    0.16    3.85    2.21   12.13   35.81
T-A     0.00    0.00    0.00    0.00    0.00    0.00   -1.41   -0.66    2.86   -1.90   17.86   22.51
A-T     0.00    0.00    0.00    0.00    0.00    0.00    0.19   -0.45    3.73   -5.53   -0.80   43.98
T-A     0.00    0.00    0.00    0.00    0.00    0.00    0.34   -1.32    3.45    2.03    4.45   28.75
T-A     0.00    0.00    0.00    0.00    0.00    0.00    0.29   -0.01    3.07    2.68  -10.21   42.46
T-A     0.00    0.00    0.00    0.00    0.00    0.00   -0.08   -0.54    3.52   -5.88    7.02   29.51
G-C     0.00    0.00    0.00    0.00    0.00    0.00   -0.95    2.40    3.17    0.14  -23.53   48.00
G-C     0.00    0.00    0.00    0.00    0.00    0.00    1.09    0.91    3.47    7.53    7.09   28.79
A-T     0.00    0.00    0.00    0.00    0.00    0.00   -1.29    1.08    3.05  -12.37   -0.29   39.06
A-T     0.00    0.00    0.00    0.00    0.00    0.00    0.32   -0.46    3.23   -0.66    6.14   30.89
A-T     0.00    0.00    0.00    0.00    0.00    0.00   -0.17    0.12    3.56   -2.76   12.34   34.13
C-G     0.00    0.00    0.00    0.00    0.00    0.00    0.30   -0.70    2.97    4.69    0.15   30.82
T-A     0.00    0.00    0.00    0.00    0.00    0.00    1.23    0.16    3.30    0.94   10.14   36.22
G-C     0.00    0.00    0.00    0.00    0.00    0.00   -1.52    0.21    3.58   -4.96   12.55   34.24
C-G     0.00    0.00    0.00    0.00    0.00    0.00    0.50    1.13    3.61   -1.00  -13.88   47.98
T-A     0.00    0.00    0.00    0.00    0.00    0.00   -1.17   -0.22    2.83    0.74    0.35   30.26
C-G     0.00    0.00    0.00    0.00    0.00    0.00    1.66    1.95    3.18    7.40  -11.87   45.25
C-G     0.00    0.00    0.00    0.00    0.00    0.00   -1.07    0.14    3.45   -4.62    7.75   32.11
A-T     0.00    0.00    0.00    0.00    0.00    0.00    0.48    1.32    3.40   -5.00   -6.65   45.04
T-A     0.00    0.00    0.00    0.00    0.00    0.00    0.75   -0.74    2.94    7.02    3.44   26.75
C-G     0.00    0.00    0.00    0.00    0.00    0.00    0.25    0.12    3.50    2.78    8.01   35.09
A-T     0.00    0.00    0.00    0.00    0.00    0.00   -0.36    0.13    4.11    4.48   20.38   32.20
A-T     0.00    0.00    0.00    0.00    0.00    0.00    0.52    0.75    3.09   -4.87    5.43   45.26
A-T     0.00    0.00    0.00    0.00    0.00    0.00   -0.86    0.29    3.05   -4.09   -3.30   33.49
A-T     0.00    0.00    0.00    0.00    0.00    0.00   -0.22   -0.67    3.46   -4.64   -1.50   37.71
G-C     0.00    0.00    0.00    0.00    0.00    0.00   -0.32    0.65    3.66   -2.60   -4.85   36.54
G-C     0.00    0.00    0.00    0.00    0.00    0.00   -0.84    0.48    3.23   -6.78  -31.34   34.97
C-G     0.00    0.00    0.00    0.00    0.00    0.00    1.43   -0.28    4.53    1.04  -18.09   35.73
A-T     0.00    0.00    0.00    0.00    0.00    0.00   -0.25    1.07    3.23   13.97    5.30   44.05
T-A     0.00    0.00    0.00    0.00    0.00    0.00    0.44   -0.76    3.34   -2.37   17.57   20.02
G-C     0.00    0.00    0.00    0.00    0.00    0.00    0.01    1.48    4.12   -0.90    7.30   44.13
T-A     0.00    0.00    0.00    0.00    0.00    0.00   -0.79   -0.91    3.38   -1.35    9.17   23.78
T-A     0.00    0.00    0.00    0.00    0.00    0.00    0.30    0.40    2.94    3.63    1.47   35.08
C-G     0.00    0.00    0.00    0.00    0.00    0.00    0.87    0.29    3.28    4.48    9.53   33.24
A-T     0.00    0.00    0.00    0.00    0.00    0.00   -0.70    1.94    3.68   -2.58   -7.63   48.83
G-C     0.00    0.00    0.00    0.00    0.00    0.00    0.72    0.74    3.46    5.62    0.40   28.96
C-G     0.00    0.00    0.00    0.00    0.00    0.00   -0.56    0.85    3.28   -7.04   -6.15   42.77
T-A     0.00    0.00    0.00    0.00    0.00    0.00    0.16    0.72    3.34    4.52   -0.21   34.76
G-C     0.00    0.00    0.00    0.00    0.00    0.00    0.93    1.33    3.16    0.08    3.13   37.77
A-T     0.00    0.00    0.00    0.00    0.00    0.00   -0.83   -0.23    3.33   -6.72    8.48   29.99
A-T     0.00    0.00    0.00    0.00    0.00    0.00   -0.14    0.02    3.19    1.69    2.46   37.48
T-A     0.00    0.00    0.00    0.00    0.00    0.00    0.26   -1.10    3.42   -0.33   10.54   26.16
T-A     0.00    0.00    0.00    0.00    0.00    0.00   -0.15   -0.01    3.20    3.28    6.49   36.94
C-G     0.00    0.00    0.00    0.00    0.00    0.00    0.01   -0.05    3.21    2.08    7.26   26.89
A-T     0.00    0.00    0.00    0.00    0.00    0.00   -0.69    1.96    3.44   -1.69   -1.38   44.57
G-C     0.00    0.00    0.00    0.00    0.00    0.00    1.06    0.57    3.36   -0.90   -2.95   34.27
C-G     0.00    0.00    0.00    0.00    0.00    0.00   -1.15    1.30    3.34   -3.07   -7.79   41.16
T-A     0.00    0.00    0.00    0.00    0.00    0.00    1.19    1.09    3.74    3.26   -3.94   38.89
G-C     0.00    0.00    0.00    0.00    0.00    0.00   -0.71    1.23    2.98   -2.94    4.37   38.04
A-T     0.00    0.00    0.00    0.00    0.00    0.00   -0.37   -0.14    3.35   -1.46    6.84   30.44
A-T     0.00    0.00    0.00    0.00    0.00    0.00    0.25    0.40    3.30    1.81    8.11   35.79
C-G     0.00    0.00    0.00    0.00    0.00    0.00    0.27   -0.76    3.27    0.20    5.80   27.76
A-T     0.00    0.00    0.00    0.00    0.00    0.00   -0.44    0.73    3.71    0.31   11.09   38.30
T-A     0.00    0.00    0.00    0.00    0.00    0.00    0.28   -0.68    3.11    1.36    0.67   25.21
G-C     0.00    0.00    0.00    0.00    0.00    0.00    0.85    0.69    3.36   -0.41    7.87   38.79
C-G     0.00    0.00    0.00    0.00    0.00    0.00   -1.51    0.08    3.35   -2.33  -13.64   33.79
C-G     0.00    0.00    0.00    0.00    0.00    0.00    0.65    1.91    4.07    1.93   -9.09   50.37
T-A     0.00    0.00    0.00    0.00    0.00    0.00   -0.24    1.16    3.32    1.90   -7.59   38.28
T-A     0.00    0.00    0.00    0.00    0.00    0.00    0.21    0.33    2.92   -3.92    3.61   32.86
T-A     0.00    0.00    0.00    0.00    0.00    0.00    0.41   -0.21    3.30    1.66    9.54   29.56
T-A     0.00    0.00    0.00    0.00    0.00    0.00   -0.14    0.52    3.51    1.96   13.62   36.28
G-C     0.00    0.00    0.00    0.00    0.00    0.00   -0.02   -1.36    3.82    4.80   20.40   19.98
A-T     0.00    0.00    0.00    0.00    0.00    0.00    0.07    0.25    2.88   -8.78    7.37   35.18
T-A     0.00    0.00    0.00    0.00    0.00    0.00   -0.16   -1.12    3.30   -2.49    4.85   22.51
G-C     0.00    0.00    0.00    0.00    0.00    0.00   -0.33    1.18    3.18    1.27   -2.34   42.46
G-C     0.00    0.00    0.00    0.00    0.00    0.00    0.98    0.13    3.39    7.21    2.85   30.66
A-T     0.00    0.00    0.00    0.00    0.00    0.00   -1.20    1.41    3.25   -9.02   -5.41   44.69
G-C     0.00    0.00    0.00    0.00    0.00    0.00    1.27    0.17    3.16    0.32   -7.32   33.99
C-G     0.00    0.00    0.00    0.00    0.00    0.00   -0.59    0.43    3.42    0.31   -2.72   37.99
A-T     0.00    0.00    0.00    0.00    0.00    0.00    1.05    0.22    3.41    3.40    3.77   32.72
G-C     0.00    0.00    0.00    0.00    0.00    0.00   -1.30    0.07    3.72   -4.00    9.36   40.47
T-A     0.00    0.00    0.00    0.00    0.00    0.00   -0.84   -0.75    3.19   -0.22   14.41   27.52
T-A     0.00    0.00    0.00    0.00    0.00    0.00   -0.63    0.02    3.21   -2.35   -0.45   34.39
T-A     0.00    0.00    0.00    0.00    0.00    0.00    0.81   -0.11    3.20    0.91    8.54   31.94
C-G     0.00    0.00    0.00    0.00    0.00    0.00    1.28    1.07    2.87    9.53    1.39   38.13
C-G     0.00    0.00    0.00    0.00    0.00    0.00   -1.15    0.92    3.65  -10.19    6.02   29.01
A-T     0.00    0.00    0.00    0.00    0.00    0.00    0.32    2.50    3.16    8.44  -19.61   50.44
A-T     0.00    0.00    0.00    0.00    0.00    0.00    0.13   -0.64    3.17   -3.44    4.58   28.30
A-T     0.00    0.00    0.00    0.00    0.00    0.00   -0.59   -0.14    3.68    0.61    2.51   41.97
T-A     0.00    0.00    0.00    0.00    0.00    0.00   -0.31   -0.80    3.07    0.35   -4.55   28.66
A-T     0.00    0.00    0.00    0.00    0.00    0.00    0.16   -0.14    3.18  -11.92    4.75   39.28
C-G     0.00    0.00    0.00    0.00    0.00    0.00    0.02   -1.08    3.05    2.82    2.33   21.08
A-T     0.00    0.00    0.00    0.00    0.00    0.00    0.24   -0.20    3.87    6.03   12.53   43.52
C-G     0.00    0.00    0.00    0.00    0.00    0.00    0.69   -0.54    3.37   -2.14    7.16   33.13
T-A     0.00    0.00    0.00    0.00    0.00    0.00   -0.50    0.04    3.12    1.98    5.42   35.83
T-A     0.00    0.00    0.00    0.00    0.00    0.00    0.06   -0.34    3.55   -6.29   -3.98   31.53
T-A     0.00    0.00    0.00    0.00    0.00    0.00   -0.68    0.02    3.03    3.52    1.17   36.99
T-A     0.00    0.00    0.00    0.00    0.00    0.00   -0.43    0.14    3.50   -2.94   -6.23   38.78
G-C     0.00    0.00    0.00    0.00    0.00    0.00   -0.09    2.57    3.28    1.74   -3.57   41.49
G-C     0.00    0.00    0.00    0.00    0.00    0.00   -0.41    0.14    2.70  -13.05    1.08   25.68
T-A     0.00    0.00    0.00    0.00    0.00    0.00    0.59   -0.30    3.23    4.99    8.40   33.17
A-T     0.00    0.00    0.00    0.00    0.00    0.00   -0.76    0.06    3.60    2.41   13.89   32.38
G-C     0.00    0.00    0.00    0.00    0.00    0.00    0.30    0.28    3.29    1.24   10.73   32.11
A-T     0.00    0.00    0.00    0.00    0.00    0.00   -0.34   -1.10    3.11   -5.62   14.41   22.68
A-T     0.00    0.00    0.00    0.00    0.00    0.00    0.96   -0.24    3.07   -6.75    2.59   38.69
T-A     0.00    0.00    0.00    0.00    0.00    0.00   -0.48   -1.18    3.26   -0.63  -11.15   28.28
C-G     0.00    0.00    0.00    0.00    0.00    0.00    0.33   -0.57    3.52    4.07   -2.32   41.45
T-A     0.00    0.00    0.00    0.00    0.00    0.00   -0.80   -0.41    3.47   -6.17    3.97   32.00
G-C     0.00    0.00    0.00    0.00    0.00    0.00   -0.41    2.40    2.91    2.76  -15.90   46.99
C-G     0.00    0.00    0.00    0.00    0.00    0.00    0.27    0.35    3.03    3.09    5.07   27.96
A-T     0.00    0.00    0.00    0.00    0.00    0.00    0.29    2.75    3.51    2.37   -4.36   47.60
G-C     0.00    0.00    0.00    0.00    0.00    0.00    0.42    0.69    2.83   -6.26    8.31   27.41
G-C     0.00    0.00    0.00    0.00    0.00    0.00   -0.54   -0.31    3.58    0.32   18.02   32.28
T-A     0.00    0.00    0.00    0.00    0.00    0.00   -0.56   -0.59    3.29   -2.68    4.48   32.39
G-C     0.00    0.00    0.00    0.00    0.00    0.00    0.09   -0.02    3.50    2.51   11.02   34.44
G-C     0.00    0.00    0.00    0.00    0.00    0.00    0.72    0.36    3.15   -0.75    4.51   28.25
A-T     0.00    0.00    0.00    0.00    0.00    0.00   -0.60   -0.32    3.11   -3.13    4.33   39.84
T-A     0.00    0.00    0.00    0.00    0.00    0.00   -0.16   -0.96    3.29   -1.88   -4.38   28.26
A-T     0.00    0.00    0.00    0.00    0.00    0.00   -0.16    0.18    3.79    2.94   -1.36   44.04
T-A     0.00    0.00    0.00    0.00    0.00    0.00   -0.52   -0.77    2.98   -6.13   -4.77   30.17
T-A     0.00    0.00    0.00    0.00    0.00    0.00    0.56    0.08    3.31    4.03    3.12   35.16
G-C     0.00    0.00    0.00    0.00    0.00    0.00   -0.07    0.01    3.40    3.96    1.47   37.80
A-T     0.00    0.00    0.00    0.00    0.00    0.00   -0.09   -0.01    3.29   -1.98    9.16   30.44
T-A     0.00    0.00    0.00    0.00    0.00    0.00    0.77   -0.79    3.14   -2.00   -2.11   35.51
