 146 base-pairs
   0  ***local base-pair & step parameters***
       Shear  Stretch  Stagger Buckle Prop-Tw Opening   Shift  Slide    Rise    Tilt    Roll   Twist
A-T     0.00    0.00    0.00    0.00    0.00    0.00    0.00    0.00    0.00    0.00    0.00    0.00
T-A     0.00    0.00    0.00    0.00    0.00    0.00   -1.09   -0.78    3.25   -1.36   -0.28   30.93
C-G     0.00    0.00    0.00    0.00    0.00    0.00    1.08   -0.16    3.04    3.68    3.19   36.82
A-T     0.00    0.00    0.00    0.00    0.00    0.00   -0.40    0.86    3.47   -3.43    4.11   36.41
A-T     0.00    0.00    0.00    0.00    0.00    0.00   -0.40    0.14    3.17   -3.45   -0.67   37.38
T-A     0.00    0.00    0.00    0.00    0.00    0.00    0.41   -0.79    3.08    6.86    0.17   32.76
A-T     0.00    0.00    0.00    0.00    0.00    0.00   -0.01   -0.01    3.56   -5.09   -6.60   41.79
T-A     0.00    0.00    0.00    0.00    0.00    0.00    0.00   -1.09    3.22    7.54    1.08   33.46
C-G     0.00    0.00    0.00    0.00    0.00    0.00    0.91    0.14    3.40   -1.50   -2.38   32.99
C-G     0.00    0.00    0.00    0.00    0.00    0.00   -0.33   -0.02    3.07    0.49    9.88   27.32
A-T     0.00    0.00    0.00    0.00    0.00    0.00   -0.92    0.54    3.53   -1.67    6.43   32.82
C-G     0.00    0.00    0.00    0.00    0.00    0.00    0.27   -0.93    3.32   -1.42    7.07   33.71
C-G     0.00    0.00    0.00    0.00    0.00    0.00    0.59   -0.13    3.28    2.02    9.96   30.35
T-A     0.00    0.00    0.00    0.00    0.00    0.00   -1.02    0.16    3.68   -6.02   10.78   31.35
G-C     0.00    0.00    0.00    0.00    0.00    0.00    0.44    1.35    3.23    3.14   -9.84   42.10
C-G     0.00    0.00    0.00    0.00    0.00    0.00   -0.21    0.01    3.41   -4.69    7.20   36.29
A-T     0.00    0.00    0.00    0.00    0.00    0.00    0.03    1.69    3.12    1.05  -22.41   41.36
G-C     0.00    0.00    0.00    0.00    0.00    0.00    0.41    0.10    3.48    4.03    1.79   37.04
A-T     0.00    0.00    0.00    0.00    0.00    0.00    0.19   -0.86    3.23    1.50   -6.39   36.58
T-A     0.00    0.00    0.00    0.00    0.00    0.00    0.12    0.13    3.05    1.90   -3.08   35.39
T-A     0.00    0.00    0.00    0.00    0.00    0.00   -0.04   -1.27    3.31    3.14    0.57   30.90
C-G     0.00    0.00    0.00    0.00    0.00    0.00   -0.17   -0.52    2.81    5.45   13.34   25.85
T-A     0.00    0.00    0.00    0.00    0.00    0.00   -0.35   -0.20    3.83   -1.02    9.53   30.53
A-T     0.00    0.00    0.00    0.00    0.00    0.00    1.84    0.66    3.55    3.89   22.90   31.88
C-G     0.00    0.00    0.00    0.00    0.00    0.00   -1.08   -0.16    3.04  -13.23    3.21   31.44
C-G     0.00    0.00    0.00    0.00    0.00    0.00    0.49   -0.20    2.74   13.88    8.76   30.21
A-T     0.00    0.00    0.00    0.00    0.00    0.00   -0.01    2.71    3.05   -3.87  -16.96   42.25
A-T     0.00    0.00    0.00    0.00    0.00    0.00    0.53    0.22    3.70    3.83    6.19   36.54
A-T     0.00    0.00    0.00    0.00    0.00    0.00    0.45   -0.02    3.28   -2.54  -11.91   43.47
A-T     0.00    0.00    0.00    0.00    0.00    0.00    0.05   -0.67    3.26    0.11    6.43   29.65
G-C     0.00    0.00    0.00    0.00    0.00    0.00    0.14   -0.34    3.60   -1.35   -1.99   38.02
T-A     0.00    0.00    0.00    0.00    0.00    0.00   -0.53   -0.87    2.91    5.13   -1.61   26.63
G-C     0.00    0.00    0.00    0.00    0.00    0.00    1.42    0.13    3.87    3.21   12.79   35.23
T-A     0.00    0.00    0.00    0.00    0.00    0.00   -1.46   -0.60    2.92   -3.19   18.27   23.35
A-T     0.00    0.00    0.00    0.00    0.00    0.00    0.11   -0.48    3.64   -4.91   -1.98   43.50
T-A     0.00    0.00    0.00    0.00    0.00    0.00    0.50   -1.32    3.51    2.53    5.52   28.52
T-A     0.00    0.00    0.00    0.00    0.00    0.00    0.17    0.04    3.08    1.42  -10.39   43.23
T-A     0.00    0.00    0.00    0.00    0.00    0.00   -0.09   -0.59    3.44   -4.80    6.17   28.77
G-C     0.00    0.00    0.00    0.00    0.00    0.00   -0.82    2.42    3.25    0.02  -22.28   48.17
G-C     0.00    0.00    0.00    0.00    0.00    0.00    0.93    0.94    3.45    6.60    6.36   29.33
A-T     0.00    0.00    0.00    0.00    0.00    0.00   -1.23    1.02    3.00  -11.07   -0.62   38.21
A-T     0.00    0.00    0.00    0.00    0.00    0.00    0.40   -0.42    3.32   -1.36    7.28   31.41
A-T     0.00    0.00    0.00    0.00    0.00    0.00   -0.33    0.12    3.50   -3.17   11.22   34.30
C-G     0.00    0.00    0.00    0.00    0.00    0.00    0.43   -0.74    2.96    5.91    0.41   30.07
T-A     0.00    0.00    0.00    0.00    0.00    0.00    1.23    0.21    3.38   -0.19   10.93   36.99
G-C     0.00    0.00    0.00    0.00    0.00    0.00   -1.64    0.19    3.50   -4.76   11.29   34.02
C-G     0.00    0.00    0.00    0.00    0.00    0.00    0.66    1.11    3.64   -0.12  -13.09   47.49
T-A     0.00    0.00    0.00    0.00    0.00    0.00   -1.25   -0.16    2.87   -0.56    0.60   31.10
C-G     0.00    0.00    0.00    0.00    0.00    0.00    1.59    1.91    3.09    8.17  -12.99   44.69
C-G     0.00    0.00    0.00    0.00    0.00    0.00   -0.92    0.14    3.52   -4.28    8.90   31.99
A-T     0.00    0.00    0.00    0.00    0.00    0.00    0.35    1.36    3.40   -6.19   -6.99   45.76
T-A     0.00    0.00    0.00    0.00    0.00    0.00    0.76   -0.80    2.87    8.19    2.71   25.96
C-G     0.00    0.00    0.00    0.00    0.00    0.00    0.37    0.14    3.58    2.50    9.26   35.37
A-T     0.00    0.00    0.00    0.00    0.00    0.00   -0.52    0.16    4.07    3.67   19.53   32.65
A-T     0.00    0.00    0.00    0.00    0.00    0.00    0.60    0.69    3.05   -3.57    5.26   44.43
A-T     0.00    0.00    0.00    0.00    0.00    0.00   -0.80    0.33    3.14   -4.93   -2.23   34.10
A-T     0.00    0.00    0.00    0.00    0.00    0.00   -0.37   -0.68    3.39   -4.90   -2.68   37.78
G-C     0.00    0.00    0.00    0.00    0.00    0.00   -0.18    0.61    3.67   -1.45   -4.43   35.84
G-C     0.00    0.00    0.00    0.00    0.00    0.00   -0.86    0.53    3.30   -7.98  -30.69   35.78
C-G     0.00    0.00    0.00    0.00    0.00    0.00    1.32   -0.31    4.44    1.40  -19.34   35.41
A-T     0.00    0.00    0.00    0.00    0.00    0.00   -0.09    1.05    3.27   14.71    6.21   43.65
T-A     0.00    0.00    0.00    0.00    0.00    0.00    0.35   -0.71    3.37   -3.67   17.66   20.84
G-C     0.00    0.00    0.00    0.00    0.00    0.00   -0.04    1.43    4.03   -0.01    6.27   43.49
T-A     0.00    0.00    0.00    0.00    0.00    0.00   -0.64   -0.90    3.45   -1.18   10.38   23.76
T-A     0.00    0.00    0.00    0.00    0.00    0.00    0.16    0.43    2.93    2.52    0.98   35.74
C-G     0.00    0.00    0.00    0.00    0.00    0.00    0.90    0.23    3.21    5.72    8.95   32.42
A-T     0.00    0.00    0.00    0.00    0.00    0.00   -0.60    1.97    3.77   -3.03   -6.40   49.20
G-C     0.00    0.00    0.00    0.00    0.00    0.00    0.56    0.75    3.42    4.95   -0.57   29.31
C-G     0.00    0.00    0.00    0.00    0.00    0.00   -0.46    0.80    3.25   -5.75   -6.16   41.96
T-A     0.00    0.00    0.00    0.00    0.00    0.00    0.20    0.77    3.42    3.56    0.77   35.44
G-C     0.00    0.00    0.00    0.00    0.00    0.00    0.78    1.32    3.08    0.00    1.91   37.73
A-T     0.00    0.00    0.00    0.00    0.00    0.00   -0.69   -0.27    3.34   -5.65    9.05   29.37
A-T     0.00    0.00    0.00    0.00    0.00    0.00   -0.18    0.07    3.25    0.44    2.97   38.31
T-A     0.00    0.00    0.00    0.00    0.00    0.00    0.16   -1.13    3.34    0.19    9.33   25.74
T-A     0.00    0.00    0.00    0.00    0.00    0.00    0.01   -0.02    3.25    3.88    7.51   36.64
C-G     0.00    0.00    0.00    0.00    0.00    0.00   -0.10    0.00    3.23    0.81    7.19   27.69
A-T     0.00    0.00    0.00    0.00    0.00    0.00   -0.72    1.91    3.36   -0.68   -2.30   43.86
G-C     0.00    0.00    0.00    0.00    0.00    0.00    1.20    0.58    3.44   -0.91   -1.71   34.37
C-G     0.00    0.00    0.00    0.00    0.00    0.00   -1.30    1.34    3.32   -4.08   -8.43   41.75
T-A     0.00    0.00    0.00    0.00    0.00    0.00    1.24    1.04    3.68    4.54   -4.37   38.05
G-C     0.00    0.00    0.00    0.00    0.00    0.00   -0.62    1.27    3.07   -3.54    5.55   38.51
A-T     0.00    0.00    0.00    0.00    0.00    0.00   -0.53   -0.13    3.29   -1.98    5.78   30.69
A-T     0.00    0.00    0.00    0.00    0.00    0.00    0.36    0.36    3.28    3.07    8.27   35.01
C-G     0.00    0.00    0.00    0.00    0.00    0.00    0.29   -0.71    3.35   -0.87    6.66   28.50
A-T     0.00    0.00    0.00    0.00    0.00    0.00   -0.58    0.71    3.63    0.40    9.84   38.15
T-A     0.00    0.00    0.00    0.00    0.00    0.00    0.43   -0.71    3.13    2.32    1.38   24.66
G-C     0.00    0.00    0.00    0.00    0.00    0.00    0.79    0.74    3.41   -1.70    8.23   39.63
C-G     0.00    0.00    0.00    0.00    0.00    0.00   -1.59    0.04    3.27   -1.65  -14.80   33.28
C-G     0.00    0.00    0.00    0.00    0.00    0.00    0.81    1.90    4.13    2.37   -7.99   50.17
T-A     0.00    0.00    0.00    0.00    0.00    0.00   -0.36    1.20    3.33    0.67   -7.82   39.04
T-A     0.00    0.00    0.00    0.00    0.00    0.00    0.21    0.27    2.84   -2.81    2.81   32.10
T-A     0.00    0.00    0.00    0.00    0.00    0.00    0.54   -0.19    3.39    1.49   10.79   29.76
T-A     0.00    0.00    0.00    0.00    0.00    0.00   -0.29    0.54    3.48    1.06   12.85   36.78
G-C     0.00    0.00    0.00    0.00    0.00    0.00    0.05   -1.41    3.78    6.10   20.12   19.14
A-T     0.00    0.00    0.00    0.00    0.00    0.00    0.14    0.30    2.97   -9.53    8.49   35.73
T-A     0.00    0.00    0.00    0.00    0.00    0.00   -0.32   -1.12    3.23   -2.85    3.71   22.66
G-C     0.00    0.00    0.00    0.00    0.00    0.00   -0.20    1.13    3.18    2.47   -2.03   41.72
G-C     0.00    0.00    0.00    0.00    0.00    0.00    0.97    0.19    3.46    6.06    3.59   31.44
A-T     0.00    0.00    0.00    0.00    0.00    0.00   -1.32    1.39    3.16   -8.77   -6.66   44.44
G-C     0.00    0.00    0.00    0.00    0.00    0.00    1.43    0.15    3.20    1.15   -6.48   33.53
C-G     0.00    0.00    0.00    0.00    0.00    0.00   -0.67    0.48    3.46   -1.00   -2.52   38.82
A-T     0.00    0.00    0.00    0.00    0.00    0.00    0.99    0.18    3.32    4.21    2.68   32.13
G-C     0.00    0.00    0.00    0.00    0.00    0.00   -1.15    0.07    3.79   -3.72   10.53   40.39
T-A     0.00    0.00    0.00    0.00    0.00    0.00   -0.98   -0.71    3.19   -1.39   14.02   28.23
T-A     0.00    0.00    0.00    0.00    0.00    0.00   -0.62   -0.03    3.14   -1.16   -1.13   33.59
T-A     0.00    0.00    0.00    0.00    0.00    0.00    0.93   -0.08    3.28    0.57    9.78   32.24
C-G     0.00    0.00    0.00    0.00    0.00    0.00    1.12    1.09    2.83    8.76    0.50   38.54
C-G     0.00    0.00    0.00    0.00    0.00    0.00   -1.06    0.87    3.61   -8.88    5.90   28.18
A-T     0.00    0.00    0.00    0.00    0.00    0.00    0.37    2.54    3.25    7.56  -18.56   51.07
A-T     0.00    0.00    0.00    0.00    0.00    0.00   -0.02   -0.65    3.09   -3.64    3.38   28.33
A-T     0.00    0.00    0.00    0.00    0.00    0.00   -0.45   -0.18    3.68    1.73    2.98   41.30
T-A     0.00    0.00    0.00    0.00    0.00    0.00   -0.34   -0.74    3.14   -0.87   -3.94   29.48
A-T     0.00    0.00    0.00    0.00    0.00    0.00    0.06   -0.17    3.10  -11.51    3.52   38.93
C-G     0.00    0.00    0.00    0.00    0.00    0.00    0.18   -1.09    3.10    3.51    3.28   20.71
A-T     0.00    0.00    0.00    0.00    0.00    0.00    0.14   -0.15    3.90    4.74   12.57   44.34
C-G     0.00    0.00    0.00    0.00    0.00    0.00    0.65   -0.59    3.29   -1.20    6.17   32.47
T-A     0.00    0.00    0.00    0.00    0.00    0.00   -0.36    0.04    3.20    2.09    6.64   35.85
T-A     0.00    0.00    0.00    0.00    0.00    0.00   -0.09   -0.30    3.54   -7.37   -4.53   32.17
T-A     0.00    0.00    0.00    0.00    0.00    0.00   -0.64   -0.03    2.97    4.77    0.63   36.16
T-A     0.00    0.00    0.00    0.00    0.00    0.00   -0.33    0.18    3.59   -3.44   -5.01   39.19
G-C     0.00    0.00    0.00    0.00    0.00    0.00   -0.25    2.58    3.22    1.12   -4.57   41.81
G-C     0.00    0.00    0.00    0.00    0.00    0.00   -0.31    0.10    2.68  -11.76    1.13   24.88
T-A     0.00    0.00    0.00    0.00    0.00    0.00    0.62   -0.25    3.31    3.99    9.35   33.86
A-T     0.00    0.00    0.00    0.00    0.00    0.00   -0.90    0.04    3.52    2.38   12.65   32.30
G-C     0.00    0.00    0.00    0.00    0.00    0.00    0.45    0.25    3.30    2.27   11.34   31.51
A-T     0.00    0.00    0.00    0.00    0.00    0.00   -0.39   -1.04    3.17   -6.89   14.87   23.52
A-T     0.00    0.00    0.00    0.00    0.00    0.00    0.87   -0.28    2.98   -6.18    1.40   38.24
T-A     0.00    0.00    0.00    0.00    0.00    0.00   -0.32   -1.19    3.31   -0.09  -10.10   28.01
C-G     0.00    0.00    0.00    0.00    0.00    0.00    0.22   -0.53    3.53    2.80   -2.44   42.24
T-A     0.00    0.00    0.00    0.00    0.00    0.00   -0.82   -0.46    3.39   -5.12    3.08   31.27
G-C     0.00    0.00    0.00    0.00    0.00    0.00   -0.27    2.42    2.99    2.70  -14.65   47.12
C-G     0.00    0.00    0.00    0.00    0.00    0.00    0.12    0.38    3.01    2.11    4.38   28.52
A-T     0.00    0.00    0.00    0.00    0.00    0.00    0.35    2.70    3.45    3.66   -4.74   46.76
G-C     0.00    0.00    0.00    0.00    0.00    0.00    0.50    0.73    2.92   -6.91    9.48   27.90
G-C     0.00    0.00    0.00    0.00    0.00    0.00   -0.70   -0.30    3.52   -0.15   16.93   32.49
T-A     0.00    0.00    0.00    0.00    0.00    0.00   -0.44   -0.63    3.28   -1.44    4.69   31.63
G-C     0.00    0.00    0.00    0.00    0.00    0.00    0.10    0.03    3.58    1.42   11.84   35.20
G-C     0.00    0.00    0.00    0.00    0.00    0.00    0.59    0.34    3.07   -0.60    3.25   28.07
A-T     0.00    0.00    0.00    0.00    0.00    0.00   -0.44   -0.35    3.14   -2.22    5.08   39.32
T-A     0.00    0.00    0.00    0.00    0.00    0.00   -0.23   -0.91    3.34   -3.18   -4.07   29.10
A-T     0.00    0.00    0.00    0.00    0.00    0.00   -0.23    0.14    3.70    3.66   -2.49   43.50
T-A     0.00    0.00    0.00    0.00    0.00    0.00   -0.36   -0.77    3.05   -5.74   -3.64   30.01
T-A     0.00    0.00    0.00    0.00    0.00    0.00    0.43    0.12    3.32    2.81    2.83   35.90
G-C     0.00    0.00    0.00    0.00    0.00    0.00   -0.07   -0.05    3.32    5.10    0.70   37.03
A-T     0.00    0.00    0.00    0.00    0.00    0.00    0.03    0.01    3.37   -2.20   10.41   30.68
T-A     0.00    0.00    0.00    0.00    0.00    0.00    0.61   -0.77    3.11   -2.86   -2.93   35.99
