 146 base-pairs
   0  ***local base-pair & step parameters***
       Shear  Stretch  Stagger Buckle Prop-Tw Opening   Shift  Slide    Rise    Tilt    Roll   Twist
A-T     0.00    0.00    0.00    0.00    0.00    0.00    0.00    0.00    0.00    0.00    0.00    0.00
T-A     0.00    0.00    0.00    0.00    0.00    0.00   -1.16   -0.76    3.33   -2.70    0.32   31.58
C-G     0.00    0.00    0.00    0.00    0.00    0.00    0.99   -0.10    2.91    4.52    1.63   36.52
A-T     0.00    0.00    0.00    0.00    0.00    0.00   -0.28    0.76    3.52   -3.24    5.57   35.50
A-T     0.00    0.00    0.00    0.00    0.00    0.00   -0.49    0.17    3.23   -4.73   -1.26   38.38
T-A     0.00    0.00    0.00    0.00    0.00    0.00    0.47   -0.74    3.00    8.42   -0.52   33.14
A-T     0.00    0.00    0.00    0.00    0.00    0.00    0.03   -0.09    3.60   -5.63   -4.85   40.56
T-A     0.00    0.00    0.00    0.00    0.00    0.00   -0.17   -1.04    3.22    6.50   -0.56   33.90
C-G     0.00    0.00    0.00    0.00    0.00    0.00    1.09    0.14    3.37    0.23   -2.29   33.53
C-G     0.00    0.00    0.00    0.00    0.00    0.00   -0.32   -0.04    3.15   -0.48   11.53   26.97
A-T     0.00    0.00    0.00    0.00    0.00    0.00   -1.12    0.60    3.43   -2.08    4.45   32.71
C-G     0.00    0.00    0.00    0.00    0.00    0.00    0.45   -1.02    3.34   -0.15    7.76   33.36
C-G     0.00    0.00    0.00    0.00    0.00    0.00    0.58   -0.10    3.39    0.78   10.86   31.14
T-A     0.00    0.00    0.00    0.00    0.00    0.00   -1.14    0.23    3.56   -5.49    9.19   31.48
G-C     0.00    0.00    0.00    0.00    0.00    0.00    0.55    1.22    3.24    3.69   -8.57   40.66
C-G     0.00    0.00    0.00    0.00    0.00    0.00   -0.27    0.06    3.51   -6.12    6.90   37.38
A-T     0.00    0.00    0.00    0.00    0.00    0.00    0.05    1.74    3.02    2.40  -23.34   42.02
G-C     0.00    0.00    0.00    0.00    0.00    0.00    0.47    0.01    3.52    3.95    3.54   35.56
A-T     0.00    0.00    0.00    0.00    0.00    0.00    0.03   -0.79    3.23    0.14   -7.73   37.16
T-A     0.00    0.00    0.00    0.00    0.00    0.00    0.24    0.10    3.01    3.53   -3.39   35.81
T-A     0.00    0.00    0.00    0.00    0.00    0.00    0.03   -1.29    3.39    2.59    2.36   30.54
C-G     0.00    0.00    0.00    0.00    0.00    0.00   -0.38   -0.42    2.73    4.66   11.63   26.09
T-A     0.00    0.00    0.00    0.00    0.00    0.00   -0.22   -0.31    3.80    0.33    9.81   29.73
A-T     0.00    0.00    0.00    0.00    0.00    0.00    1.90    0.69    3.69    2.88   24.01   32.69
C-G     0.00    0.00    0.00    0.00    0.00    0.00   -1.22   -0.06    2.92  -13.08    1.73   32.06
C-G     0.00    0.00    0.00    0.00    0.00    0.00    0.58   -0.35    2.71   14.72    9.73   28.33
A-T     0.00    0.00    0.00    0.00    0.00    0.00   -0.03    2.77    3.17   -5.31  -16.98   43.31
A-T     0.00    0.00    0.00    0.00    0.00    0.00    0.51    0.27    3.61    4.83    5.14   37.51
A-T     0.00    0.00    0.00    0.00    0.00    0.00    0.53   -0.12    3.30   -2.16  -10.30   41.78
A-T     0.00    0.00    0.00    0.00    0.00    0.00   -0.09   -0.58    3.28   -1.42    5.48   30.30
G-C     0.00    0.00    0.00    0.00    0.00    0.00    0.20   -0.39    3.54    0.01   -2.64   38.35
T-A     0.00    0.00    0.00    0.00    0.00    0.00   -0.41   -0.91    3.00    5.05    0.15   26.21
G-C     0.00    0.00    0.00    0.00    0.00    0.00    1.23    0.25    3.82    2.14   11.49   35.83
T-A     0.00    0.00    0.00    0.00    0.00    0.00   -1.41   -0.74    2.85   -1.92   18.13   22.21
A-T     0.00    0.00    0.00    0.00    0.00    0.00    0.23   -0.46    3.79   -5.59   -0.79   44.20
T-A     0.00    0.00    0.00    0.00    0.00    0.00    0.36   -1.21    3.42    2.32    4.30   29.63
T-A     0.00    0.00    0.00    0.00    0.00    0.00    0.21   -0.12    3.03    2.45   -9.79   41.05
T-A     0.00    0.00    0.00    0.00    0.00    0.00   -0.06   -0.53    3.56   -6.09    6.41   29.66
G-C     0.00    0.00    0.00    0.00    0.00    0.00   -0.87    2.47    3.18    0.59  -23.33   49.45
G-C     0.00    0.00    0.00    0.00    0.00    0.00    1.02    0.83    3.44    7.37    7.69   27.52
A-T     0.00    0.00    0.00    0.00    0.00    0.00   -1.33    1.13    3.05  -12.62   -1.14   38.88
A-T     0.00    0.00    0.00    0.00    0.00    0.00    0.39   -0.47    3.24   -0.40    6.39   31.70
A-T     0.00    0.00    0.00    0.00    0.00    0.00   -0.17    0.08    3.59   -2.79   12.78   33.81
C-G     0.00    0.00    0.00    0.00    0.00    0.00    0.27   -0.60    2.93    4.69   -0.39   30.98
T-A     0.00    0.00    0.00    0.00    0.00    0.00    1.21    0.07    3.29    0.86   10.43   35.61
G-C     0.00    0.00    0.00    0.00    0.00    0.00   -1.48    0.20    3.64   -5.04   12.41   34.51
C-G     0.00    0.00    0.00    0.00    0.00    0.00    0.54    1.24    3.59   -0.65  -13.93   49.05
T-A     0.00    0.00    0.00    0.00    0.00    0.00   -1.26   -0.33    2.78    0.51    0.83   28.76
C-G     0.00    0.00    0.00    0.00    0.00    0.00    1.67    1.97    3.22    7.16  -12.59   45.32
C-G     0.00    0.00    0.00    0.00    0.00    0.00   -0.98    0.20    3.46   -4.17    7.98   33.53
A-T     0.00    0.00    0.00    0.00    0.00    0.00    0.42    1.25    3.38   -5.13   -6.05   43.94
T-A     0.00    0.00    0.00    0.00    0.00    0.00    0.71   -0.68    2.92    6.80    2.61   26.58
C-G     0.00    0.00    0.00    0.00    0.00    0.00    0.30    0.08    3.51    2.97    8.26   35.63
A-T     0.00    0.00    0.00    0.00    0.00    0.00   -0.35    0.10    4.14    4.46   20.72   32.07
A-T     0.00    0.00    0.00    0.00    0.00    0.00    0.50    0.85    3.05   -4.79    5.00   45.60
A-T     0.00    0.00    0.00    0.00    0.00    0.00   -0.90    0.19    3.02   -4.23   -2.99   32.60
A-T     0.00    0.00    0.00    0.00    0.00    0.00   -0.18   -0.67    3.52   -4.76   -1.78   37.99
G-C     0.00    0.00    0.00    0.00    0.00    0.00   -0.27    0.75    3.65   -2.20   -4.81   37.77
G-C     0.00    0.00    0.00    0.00    0.00    0.00   -0.92    0.37    3.19   -7.01  -30.82   33.46
C-G     0.00    0.00    0.00    0.00    0.00    0.00    1.42   -0.25    4.55    0.78  -18.88   35.71
A-T     0.00    0.00    0.00    0.00    0.00    0.00   -0.16    1.11    3.25   14.38    5.54   45.39
T-A     0.00    0.00    0.00    0.00    0.00    0.00    0.40   -0.83    3.33   -2.47   18.16   19.12
G-C     0.00    0.00    0.00    0.00    0.00    0.00   -0.04    1.55    4.09   -1.08    6.52   43.99
T-A     0.00    0.00    0.00    0.00    0.00    0.00   -0.75   -0.96    3.38   -1.24    9.42   24.00
T-A     0.00    0.00    0.00    0.00    0.00    0.00    0.32    0.37    2.99    3.60    1.70   35.12
C-G     0.00    0.00    0.00    0.00    0.00    0.00    0.87    0.40    3.24    4.64    9.21   33.77
A-T     0.00    0.00    0.00    0.00    0.00    0.00   -0.76    1.84    3.65   -2.77   -7.28   47.69
G-C     0.00    0.00    0.00    0.00    0.00    0.00    0.75    0.74    3.52    5.47   -0.02   29.22
C-G     0.00    0.00    0.00    0.00    0.00    0.00   -0.49    0.95    3.28   -6.60   -6.04   44.13
T-A     0.00    0.00    0.00    0.00    0.00    0.00    0.08    0.62    3.30    4.31    0.35   33.29
G-C     0.00    0.00    0.00    0.00    0.00    0.00    0.91    1.37    3.17   -0.18    2.30   37.67
A-T     0.00    0.00    0.00    0.00    0.00    0.00   -0.75   -0.21    3.35   -6.35    8.73   31.18
A-T     0.00    0.00    0.00    0.00    0.00    0.00   -0.16   -0.04    3.20    1.62    3.02   36.80
T-A     0.00    0.00    0.00    0.00    0.00    0.00    0.21   -1.01    3.39   -0.45    9.84   26.10
T-A     0.00    0.00    0.00    0.00    0.00    0.00   -0.13   -0.08    3.20    3.32    6.75   36.85
C-G     0.00    0.00    0.00    0.00    0.00    0.00    0.04   -0.06    3.26    2.04    7.36   27.05
A-T     0.00    0.00    0.00    0.00    0.00    0.00   -0.69    2.07    3.41   -1.46   -1.59   45.30
G-C     0.00    0.00    0.00    0.00    0.00    0.00    0.99    0.46    3.32   -1.12   -2.55   32.95
C-G     0.00    0.00    0.00    0.00    0.00    0.00   -1.13    1.31    3.39   -3.25   -8.33   41.36
T-A     0.00    0.00    0.00    0.00    0.00    0.00    1.27    1.18    3.74    3.71   -3.77   40.31
G-C     0.00    0.00    0.00    0.00    0.00    0.00   -0.79    1.14    2.95   -3.13    4.96   36.67
A-T     0.00    0.00    0.00    0.00    0.00    0.00   -0.40   -0.09    3.35   -1.72    5.99   30.29
A-T     0.00    0.00    0.00    0.00    0.00    0.00    0.32    0.40    3.32    2.12    8.37   36.78
C-G     0.00    0.00    0.00    0.00    0.00    0.00    0.26   -0.80    3.29    0.15    6.29   27.30
A-T     0.00    0.00    0.00    0.00    0.00    0.00   -0.48    0.82    3.67    0.27   10.48   38.36
T-A     0.00    0.00    0.00    0.00    0.00    0.00    0.27   -0.76    3.10    1.33    0.94   24.80
G-C     0.00    0.00    0.00    0.00    0.00    0.00    0.89    0.68    3.42   -0.47    7.83   39.03
C-G     0.00    0.00    0.00    0.00    0.00    0.00   -1.49    0.19    3.33   -2.02  -13.75   34.73
C-G     0.00    0.00    0.00    0.00    0.00    0.00    0.57    1.80    4.03    1.70   -8.65   48.92
T-A     0.00    0.00    0.00    0.00    0.00    0.00   -0.23    1.17    3.36    1.68   -8.24   38.40
T-A     0.00    0.00    0.00    0.00    0.00    0.00    0.30    0.39    2.93   -3.47    3.82   34.30
T-A     0.00    0.00    0.00    0.00    0.00    0.00    0.34   -0.29    3.28    1.51   10.14   28.34
T-A     0.00    0.00    0.00    0.00    0.00    0.00   -0.17    0.57    3.50    1.72   12.78   36.10
G-C     0.00    0.00    0.00    0.00    0.00    0.00    0.04   -1.38    3.84    5.04   20.65   20.71
A-T     0.00    0.00    0.00    0.00    0.00    0.00    0.08    0.22    2.91   -8.81    7.78   34.92
T-A     0.00    0.00    0.00    0.00    0.00    0.00   -0.19   -1.03    3.26   -2.46    4.34   22.73
G-C     0.00    0.00    0.00    0.00    0.00    0.00   -0.35    1.08    3.16    1.16   -2.05   41.74
G-C     0.00    0.00    0.00    0.00    0.00    0.00    1.02    0.13    3.45    7.12    2.67   30.94
A-T     0.00    0.00    0.00    0.00    0.00    0.00   -1.16    1.52    3.23   -8.65   -5.43   45.81
G-C     0.00    0.00    0.00    0.00    0.00    0.00    1.19    0.06    3.12    0.08   -6.83   32.49
C-G     0.00    0.00    0.00    0.00    0.00    0.00   -0.59    0.45    3.45    0.06   -3.46   38.02
A-T     0.00    0.00    0.00    0.00    0.00    0.00    1.14    0.27    3.43    3.84    4.00   34.12
G-C     0.00    0.00    0.00    0.00    0.00    0.00   -1.36    0.00    3.70   -4.12    9.96   39.44
T-A     0.00    0.00    0.00    0.00    0.00    0.00   -0.88   -0.68    3.17   -0.43   13.60   27.36
T-A     0.00    0.00    0.00    0.00    0.00    0.00   -0.59   -0.02    3.22   -2.19   -0.20   34.83
T-A     0.00    0.00    0.00    0.00    0.00    0.00    0.83   -0.14    3.24    0.88    8.85   31.87
C-G     0.00    0.00    0.00    0.00    0.00    0.00    1.26    1.17    2.83    9.64    1.00   38.53
C-G     0.00    0.00    0.00    0.00    0.00    0.00   -1.19    0.82    3.62  -10.34    6.34   28.03
A-T     0.00    0.00    0.00    0.00    0.00    0.00    0.35    2.50    3.22    8.31  -19.93   50.72
A-T     0.00    0.00    0.00    0.00    0.00    0.00    0.19   -0.54    3.16   -3.03    4.64   29.57
A-T     0.00    0.00    0.00    0.00    0.00    0.00   -0.68   -0.24    3.63    0.38    3.05   40.46
T-A     0.00    0.00    0.00    0.00    0.00    0.00   -0.32   -0.77    3.10    0.09   -5.35   28.61
A-T     0.00    0.00    0.00    0.00    0.00    0.00    0.25   -0.11    3.20  -11.52    4.99   40.58
C-G     0.00    0.00    0.00    0.00    0.00    0.00   -0.02   -1.14    3.05    2.73    2.91   20.25
A-T     0.00    0.00    0.00    0.00    0.00    0.00    0.19   -0.13    3.84    5.88   11.78   43.40
C-G     0.00    0.00    0.00    0.00    0.00    0.00    0.72   -0.60    3.38   -2.05    7.42   33.25
T-A     0.00    0.00    0.00    0.00    0.00    0.00   -0.48    0.01    3.17    1.95    5.61   35.91
T-A     0.00    0.00    0.00    0.00    0.00    0.00    0.06   -0.23    3.52   -6.10   -4.27   32.13
T-A     0.00    0.00    0.00    0.00    0.00    0.00   -0.74   -0.08    2.99    3.33    1.53   35.79
T-A     0.00    0.00    0.00    0.00    0.00    0.00   -0.40    0.15    3.56   -3.10   -6.68   39.02
G-C     0.00    0.00    0.00    0.00    0.00    0.00   -0.02    2.66    3.27    2.19   -3.44   42.87
G-C     0.00    0.00    0.00    0.00    0.00    0.00   -0.49    0.05    2.67  -13.25    1.65   24.24
T-A     0.00    0.00    0.00    0.00    0.00    0.00    0.57   -0.26    3.23    4.72    7.56   33.05
A-T     0.00    0.00    0.00    0.00    0.00    0.00   -0.67    0.07    3.62    2.76   14.14   33.50
G-C     0.00    0.00    0.00    0.00    0.00    0.00    0.28    0.23    3.29    1.18   11.26   31.51
A-T     0.00    0.00    0.00    0.00    0.00    0.00   -0.38   -1.01    3.08   -5.71   13.74   22.66
A-T     0.00    0.00    0.00    0.00    0.00    0.00    0.96   -0.31    3.06   -6.74    2.85   38.49
T-A     0.00    0.00    0.00    0.00    0.00    0.00   -0.44   -1.19    3.32   -0.68  -11.09   28.47
C-G     0.00    0.00    0.00    0.00    0.00    0.00    0.34   -0.46    3.48    4.33   -2.50   42.25
T-A     0.00    0.00    0.00    0.00    0.00    0.00   -0.87   -0.52    3.43   -6.39    4.38   30.63
G-C     0.00    0.00    0.00    0.00    0.00    0.00   -0.39    2.42    2.95    2.56  -16.48   47.17
C-G     0.00    0.00    0.00    0.00    0.00    0.00    0.36    0.43    3.04    3.54    5.25   29.40
A-T     0.00    0.00    0.00    0.00    0.00    0.00    0.21    2.66    3.47    2.20   -3.76   46.27
G-C     0.00    0.00    0.00    0.00    0.00    0.00    0.38    0.74    2.83   -6.52    7.46   27.24
G-C     0.00    0.00    0.00    0.00    0.00    0.00   -0.46   -0.32    3.60    0.61   18.28   33.18
T-A     0.00    0.00    0.00    0.00    0.00    0.00   -0.57   -0.63    3.31   -2.72    4.95   32.00
G-C     0.00    0.00    0.00    0.00    0.00    0.00    0.06    0.07    3.47    2.49   10.44   34.55
G-C     0.00    0.00    0.00    0.00    0.00    0.00    0.70    0.27    3.13   -0.81    4.78   27.74
A-T     0.00    0.00    0.00    0.00    0.00    0.00   -0.56   -0.33    3.18   -3.20    4.24   40.09
T-A     0.00    0.00    0.00    0.00    0.00    0.00   -0.13   -0.86    3.26   -1.55   -4.46   29.26
A-T     0.00    0.00    0.00    0.00    0.00    0.00   -0.24    0.07    3.75    2.70   -0.90   42.56
T-A     0.00    0.00    0.00    0.00    0.00    0.00   -0.51   -0.75    3.02   -6.36   -5.45   30.26
T-A     0.00    0.00    0.00    0.00    0.00    0.00    0.65    0.14    3.33    4.48    3.34   36.59
G-C     0.00    0.00    0.00    0.00    0.00    0.00   -0.13   -0.07    3.37    3.82    2.07   36.64
A-T     0.00    0.00    0.00    0.00    0.00    0.00   -0.13    0.05    3.28   -2.21    8.32   30.26
T-A     0.00    0.00    0.00    0.00    0.00    0.00    0.83   -0.82    3.15   -1.79   -1.86   36.14
