 146 base-pairs
   0  ***local base-pair & step parameters***
       Shear  Stretch  Stagger Buckle Prop-Tw Opening   Shift  Slide    Rise    Tilt    Roll   Twist
A-T     0.00    0.00    0.00    0.00    0.00    0.00    0.00    0.00    0.00    0.00    0.00    0.00
T-A     0.00    0.00    0.00    0.00    0.00    0.00   -1.12   -0.74    3.30   -3.38   -0.68   30.89
C-G     0.00    0.00    0.00    0.00    0.00    0.00    0.97   -0.04    2.90    5.39    3.57   36.34
A-T     0.00    0.00    0.00    0.00    0.00    0.00   -0.24    0.79    3.49   -4.02    4.64   34.92
A-T     0.00    0.00    0.00    0.00    0.00    0.00   -0.51    0.22    3.21   -3.93    0.85   38.07
T-A     0.00    0.00    0.00    0.00    0.00    0.00    0.50   -0.70    2.96    7.56   -1.41   32.71
A-T     0.00    0.00    0.00    0.00    0.00    0.00    0.00   -0.06    3.58   -4.90   -2.60   40.14
T-A     0.00    0.00    0.00    0.00    0.00    0.00   -0.14   -0.99    3.18    5.55   -1.45   33.63
C-G     0.00    0.00    0.00    0.00    0.00    0.00    1.06    0.16    3.35    0.89    0.04   33.02
C-G     0.00    0.00    0.00    0.00    0.00    0.00   -0.30    0.02    3.11   -1.51   10.60   26.90
A-T     0.00    0.00    0.00    0.00    0.00    0.00   -1.14    0.60    3.41   -1.48    6.81   32.14
C-G     0.00    0.00    0.00    0.00    0.00    0.00    0.46   -0.95    3.30   -1.24    6.73   33.50
C-G     0.00    0.00    0.00    0.00    0.00    0.00    0.55   -0.11    3.38    1.34   13.20   30.53
T-A     0.00    0.00    0.00    0.00    0.00    0.00   -1.13    0.30    3.53   -6.63    8.03   31.85
G-C     0.00    0.00    0.00    0.00    0.00    0.00    0.52    1.19    3.23    4.22   -6.29   40.01
C-G     0.00    0.00    0.00    0.00    0.00    0.00   -0.26    0.13    3.48   -7.27    5.57   37.98
A-T     0.00    0.00    0.00    0.00    0.00    0.00    0.02    1.69    3.02    2.92  -21.16   41.35
G-C     0.00    0.00    0.00    0.00    0.00    0.00    0.48    0.08    3.50    2.80    2.03   36.40
A-T     0.00    0.00    0.00    0.00    0.00    0.00    0.00   -0.88    3.23    0.68   -5.69   36.46
T-A     0.00    0.00    0.00    0.00    0.00    0.00    0.25    0.17    3.00    2.40   -5.12   36.88
T-A     0.00    0.00    0.00    0.00    0.00    0.00    0.00   -1.40    3.40    3.16    4.25   29.81
C-G     0.00    0.00    0.00    0.00    0.00    0.00   -0.37   -0.35    2.72    3.58    9.69   27.38
T-A     0.00    0.00    0.00    0.00    0.00    0.00   -0.25   -0.43    3.82    0.94   11.55   28.96
A-T     0.00    0.00    0.00    0.00    0.00    0.00    1.91    0.76    3.69    1.86   21.86   34.17
C-G     0.00    0.00    0.00    0.00    0.00    0.00   -1.24   -0.20    2.94  -12.40    3.32   31.22
C-G     0.00    0.00    0.00    0.00    0.00    0.00    0.58   -0.27    2.73   13.78    7.40   29.99
A-T     0.00    0.00    0.00    0.00    0.00    0.00   -0.05    2.61    3.19   -4.57  -15.52   42.38
A-T     0.00    0.00    0.00    0.00    0.00    0.00    0.51    0.36    3.63    3.97    2.65   39.31
A-T     0.00    0.00    0.00    0.00    0.00    0.00    0.51   -0.29    3.33   -1.35   -8.94   40.74
A-T     0.00    0.00    0.00    0.00    0.00    0.00   -0.08   -0.48    3.31   -2.19    2.87   32.22
G-C     0.00    0.00    0.00    0.00    0.00    0.00    0.19   -0.57    3.57    0.89   -1.34   37.18
T-A     0.00    0.00    0.00    0.00    0.00    0.00   -0.40   -0.80    3.03    4.37   -2.53   28.20
G-C     0.00    0.00    0.00    0.00    0.00    0.00    1.22    0.06    3.85    3.09   12.76   34.50
T-A     0.00    0.00    0.00    0.00    0.00    0.00   -1.40   -0.62    2.88   -2.51   15.43   24.25
A-T     0.00    0.00    0.00    0.00    0.00    0.00    0.22   -0.65    3.82   -4.59    0.51   42.69
T-A     0.00    0.00    0.00    0.00    0.00    0.00    0.38   -1.07    3.45    1.80    1.64   31.71
T-A     0.00    0.00    0.00    0.00    0.00    0.00    0.22   -0.32    3.05    3.48   -8.42   39.34
T-A     0.00    0.00    0.00    0.00    0.00    0.00   -0.05   -0.37    3.58   -6.55    3.82   31.75
G-C     0.00    0.00    0.00    0.00    0.00    0.00   -0.86    2.27    3.20    1.65  -21.87   47.54
G-C     0.00    0.00    0.00    0.00    0.00    0.00    1.03    1.00    3.46    6.94    5.24   29.61
A-T     0.00    0.00    0.00    0.00    0.00    0.00   -1.32    0.93    3.06  -11.57    0.46   36.76
A-T     0.00    0.00    0.00    0.00    0.00    0.00    0.40   -0.28    3.25   -0.81    4.09   33.78
A-T     0.00    0.00    0.00    0.00    0.00    0.00   -0.16   -0.12    3.60   -1.77   14.53   31.49
C-G     0.00    0.00    0.00    0.00    0.00    0.00    0.28   -0.39    2.93    4.28   -2.51   33.05
T-A     0.00    0.00    0.00    0.00    0.00    0.00    1.22   -0.13    3.29    1.82   12.35   33.10
G-C     0.00    0.00    0.00    0.00    0.00    0.00   -1.47    0.43    3.64   -5.47   10.50   36.58
C-G     0.00    0.00    0.00    0.00    0.00    0.00    0.55    1.05    3.58    0.24  -11.83   46.37
T-A     0.00    0.00    0.00    0.00    0.00    0.00   -1.25   -0.08    2.77    0.04   -0.89   30.84
C-G     0.00    0.00    0.00    0.00    0.00    0.00    1.68    1.78    3.21    7.97  -10.34   42.50
C-G     0.00    0.00    0.00    0.00    0.00    0.00   -0.98    0.46    3.44   -4.69    6.44   35.64
A-T     0.00    0.00    0.00    0.00    0.00    0.00    0.44    1.06    3.36   -4.43   -3.67   41.00
T-A     0.00    0.00    0.00    0.00    0.00    0.00    0.71   -0.41    2.90    6.23    1.24   28.74
C-G     0.00    0.00    0.00    0.00    0.00    0.00    0.32   -0.11    3.49    3.57   10.74   32.61
A-T     0.00    0.00    0.00    0.00    0.00    0.00   -0.35    0.38    4.11    3.83   19.48   34.31
A-T     0.00    0.00    0.00    0.00    0.00    0.00    0.51    0.65    3.02   -4.30    7.53   42.52
A-T     0.00    0.00    0.00    0.00    0.00    0.00   -0.91    0.47    2.99   -4.91   -4.14   34.93
A-T     0.00    0.00    0.00    0.00    0.00    0.00   -0.17   -0.88    3.49   -4.36    0.76   34.90
G-C     0.00    0.00    0.00    0.00    0.00    0.00   -0.28    1.04    3.62   -2.92   -5.91   40.22
G-C     0.00    0.00    0.00    0.00    0.00    0.00   -0.91    0.15    3.16   -6.71  -28.33   30.38
C-G     0.00    0.00    0.00    0.00    0.00    0.00    1.40    0.03    4.52    0.03  -19.98   38.30
A-T     0.00    0.00    0.00    0.00    0.00    0.00   -0.16    0.88    3.22   14.60    7.93   42.33
T-A     0.00    0.00    0.00    0.00    0.00    0.00    0.37   -0.55    3.31   -3.23   17.03   21.85
G-C     0.00    0.00    0.00    0.00    0.00    0.00   -0.03    1.31    4.07   -0.92    8.77   40.99
T-A     0.00    0.00    0.00    0.00    0.00    0.00   -0.78   -0.69    3.36   -1.99    8.22   26.89
T-A     0.00    0.00    0.00    0.00    0.00    0.00    0.33    0.12    2.98    3.71    3.76   32.18
C-G     0.00    0.00    0.00    0.00    0.00    0.00    0.84    0.66    3.23    3.92    7.90   36.80
A-T     0.00    0.00    0.00    0.00    0.00    0.00   -0.75    1.57    3.64   -2.68   -5.43   44.82
G-C     0.00    0.00    0.00    0.00    0.00    0.00    0.72    1.00    3.52    4.79   -1.45   32.39
C-G     0.00    0.00    0.00    0.00    0.00    0.00   -0.48    0.67    3.28   -6.52   -4.42   41.32
T-A     0.00    0.00    0.00    0.00    0.00    0.00    0.05    0.87    3.30    3.70   -1.21   36.58
G-C     0.00    0.00    0.00    0.00    0.00    0.00    0.92    1.08    3.18   -0.08    3.68   34.93
A-T     0.00    0.00    0.00    0.00    0.00    0.00   -0.78    0.03    3.36   -6.86    7.05   34.56
A-T     0.00    0.00    0.00    0.00    0.00    0.00   -0.15   -0.34    3.21    1.75    4.16   34.10
T-A     0.00    0.00    0.00    0.00    0.00    0.00    0.18   -0.77    3.41   -0.86    8.05   29.55
T-A     0.00    0.00    0.00    0.00    0.00    0.00   -0.12   -0.39    3.22    3.49    7.68   34.17
C-G     0.00    0.00    0.00    0.00    0.00    0.00    0.01    0.17    3.28    1.75    5.49   30.54
A-T     0.00    0.00    0.00    0.00    0.00    0.00   -0.67    1.76    3.43   -1.24   -0.85   42.63
G-C     0.00    0.00    0.00    0.00    0.00    0.00    0.95    0.69    3.35   -1.30   -4.47   36.45
C-G     0.00    0.00    0.00    0.00    0.00    0.00   -1.10    1.00    3.42   -2.99   -7.74   38.67
T-A     0.00    0.00    0.00    0.00    0.00    0.00    1.24    1.41    3.77    3.65   -5.68   43.78
G-C     0.00    0.00    0.00    0.00    0.00    0.00   -0.76    0.83    2.98   -2.82    5.43   33.95
A-T     0.00    0.00    0.00    0.00    0.00    0.00   -0.43    0.14    3.38   -1.68    4.13   33.70
A-T     0.00    0.00    0.00    0.00    0.00    0.00    0.35    0.10    3.35    2.46    8.78   33.99
C-G     0.00    0.00    0.00    0.00    0.00    0.00    0.24   -0.56    3.32    0.29    4.53   30.62
A-T     0.00    0.00    0.00    0.00    0.00    0.00   -0.44    0.52    3.70    0.62   10.87   35.50
T-A     0.00    0.00    0.00    0.00    0.00    0.00    0.25   -0.51    3.12    1.55   -0.66   28.01
G-C     0.00    0.00    0.00    0.00    0.00    0.00    0.93    0.39    3.44   -0.12    8.25   36.10
C-G     0.00    0.00    0.00    0.00    0.00    0.00   -1.51    0.45    3.35   -1.74  -15.17   37.81
C-G     0.00    0.00    0.00    0.00    0.00    0.00    0.61    1.52    4.05    2.03   -8.18   45.91
T-A     0.00    0.00    0.00    0.00    0.00    0.00   -0.25    1.44    3.37    2.01   -9.43   41.35
T-A     0.00    0.00    0.00    0.00    0.00    0.00    0.34    0.13    2.94   -3.18    4.37   31.21
T-A     0.00    0.00    0.00    0.00    0.00    0.00    0.32   -0.02    3.28    1.85    9.20   31.14
T-A     0.00    0.00    0.00    0.00    0.00    0.00   -0.13    0.32    3.50    1.94   13.43   32.94
G-C     0.00    0.00    0.00    0.00    0.00    0.00    0.02   -1.10    3.84    5.38   19.98   23.38
A-T     0.00    0.00    0.00    0.00    0.00    0.00    0.12   -0.02    2.90   -8.68    8.54   31.73
T-A     0.00    0.00    0.00    0.00    0.00    0.00   -0.21   -0.74    3.25   -2.15    3.93   25.28
G-C     0.00    0.00    0.00    0.00    0.00    0.00   -0.31    0.86    3.15    1.20   -1.20   38.53
G-C     0.00    0.00    0.00    0.00    0.00    0.00    0.99    0.41    3.43    7.41    2.51   33.39
A-T     0.00    0.00    0.00    0.00    0.00    0.00   -1.11    1.31    3.21   -8.72   -4.50   42.61
G-C     0.00    0.00    0.00    0.00    0.00    0.00    1.16    0.35    3.10    0.33   -6.76   34.85
C-G     0.00    0.00    0.00    0.00    0.00    0.00   -0.54    0.25    3.43   -0.12   -2.49   34.87
A-T     0.00    0.00    0.00    0.00    0.00    0.00    1.11    0.55    3.40    4.04    4.26   36.42
G-C     0.00    0.00    0.00    0.00    0.00    0.00   -1.32   -0.20    3.67   -4.42   10.94   36.36
T-A     0.00    0.00    0.00    0.00    0.00    0.00   -0.92   -0.41    3.14   -0.27   14.02   29.62
T-A     0.00    0.00    0.00    0.00    0.00    0.00   -0.55   -0.21    3.19   -2.60    0.73   31.86
T-A     0.00    0.00    0.00    0.00    0.00    0.00    0.79    0.13    3.21    0.99    9.37   34.11
C-G     0.00    0.00    0.00    0.00    0.00    0.00    1.30    0.98    2.80    9.12    1.84   35.69
C-G     0.00    0.00    0.00    0.00    0.00    0.00   -1.24    1.07    3.59  -10.26    6.92   30.27
A-T     0.00    0.00    0.00    0.00    0.00    0.00    0.38    2.31    3.19    7.71  -19.22   48.05
A-T     0.00    0.00    0.00    0.00    0.00    0.00    0.14   -0.31    3.14   -2.95    5.24   31.82
A-T     0.00    0.00    0.00    0.00    0.00    0.00   -0.65   -0.43    3.61   -0.29    3.58   37.98
T-A     0.00    0.00    0.00    0.00    0.00    0.00   -0.37   -0.55    3.08    0.17   -4.78   30.88
A-T     0.00    0.00    0.00    0.00    0.00    0.00    0.28   -0.30    3.18  -12.25    5.31   38.28
C-G     0.00    0.00    0.00    0.00    0.00    0.00   -0.07   -0.94    3.04    2.83    3.42   22.53
A-T     0.00    0.00    0.00    0.00    0.00    0.00    0.22   -0.32    3.83    5.13   11.85   41.31
C-G     0.00    0.00    0.00    0.00    0.00    0.00    0.67   -0.42    3.37   -1.90    7.84   35.55
T-A     0.00    0.00    0.00    0.00    0.00    0.00   -0.45   -0.18    3.17    1.20    5.41   34.01
T-A     0.00    0.00    0.00    0.00    0.00    0.00    0.01   -0.07    3.52   -5.88   -3.94   34.42
T-A     0.00    0.00    0.00    0.00    0.00    0.00   -0.71   -0.28    3.00    2.59    1.07   34.07
T-A     0.00    0.00    0.00    0.00    0.00    0.00   -0.45    0.29    3.57   -2.80   -6.45   41.29
G-C     0.00    0.00    0.00    0.00    0.00    0.00    0.01    2.46    3.28    1.48   -4.17   41.33
G-C     0.00    0.00    0.00    0.00    0.00    0.00   -0.54    0.18    2.69  -12.85    1.80   26.46
T-A     0.00    0.00    0.00    0.00    0.00    0.00    0.60   -0.46    3.25    4.07    6.59   31.66
A-T     0.00    0.00    0.00    0.00    0.00    0.00   -0.72    0.18    3.64    3.27   14.22   35.64
G-C     0.00    0.00    0.00    0.00    0.00    0.00    0.31    0.04    3.31    0.58   10.08   30.24
A-T     0.00    0.00    0.00    0.00    0.00    0.00   -0.43   -0.91    3.11   -5.10   13.79   24.69
A-T     0.00    0.00    0.00    0.00    0.00    0.00    1.00   -0.49    3.09   -7.29    1.50   37.33
T-A     0.00    0.00    0.00    0.00    0.00    0.00   -0.48   -1.10    3.35    0.04  -11.03   30.36
C-G     0.00    0.00    0.00    0.00    0.00    0.00    0.38   -0.63    3.51    3.84   -3.98   41.17
T-A     0.00    0.00    0.00    0.00    0.00    0.00   -0.91   -0.44    3.46   -5.58    4.49   32.36
G-C     0.00    0.00    0.00    0.00    0.00    0.00   -0.35    2.26    2.98    2.11  -18.04   46.14
C-G     0.00    0.00    0.00    0.00    0.00    0.00    0.33    0.51    3.07    4.44    5.46   30.92
A-T     0.00    0.00    0.00    0.00    0.00    0.00    0.26    2.53    3.50    1.78   -5.36   45.29
G-C     0.00    0.00    0.00    0.00    0.00    0.00    0.36    0.82    2.85   -5.55    7.82   28.55
G-C     0.00    0.00    0.00    0.00    0.00    0.00   -0.42   -0.43    3.61    0.21   16.69   32.22
T-A     0.00    0.00    0.00    0.00    0.00    0.00   -0.59   -0.55    3.34   -1.70    5.49   33.09
G-C     0.00    0.00    0.00    0.00    0.00    0.00    0.10   -0.02    3.48    2.09    8.91   33.62
G-C     0.00    0.00    0.00    0.00    0.00    0.00    0.68    0.35    3.15    0.24    5.54   28.59
A-T     0.00    0.00    0.00    0.00    0.00    0.00   -0.52   -0.40    3.18   -3.63    2.80   39.18
T-A     0.00    0.00    0.00    0.00    0.00    0.00   -0.15   -0.78    3.28   -0.51   -3.46   29.88
A-T     0.00    0.00    0.00    0.00    0.00    0.00   -0.20    0.02    3.74    2.24   -2.24   41.68
T-A     0.00    0.00    0.00    0.00    0.00    0.00   -0.53   -0.68    3.03   -5.33   -4.21   30.65
T-A     0.00    0.00    0.00    0.00    0.00    0.00    0.69    0.11    3.31    3.95    2.12   35.75
G-C     0.00    0.00    0.00    0.00    0.00    0.00   -0.15    0.00    3.37    4.81    3.57   36.83
A-T     0.00    0.00    0.00    0.00    0.00    0.00   -0.09    0.04    3.26   -2.81    7.22   29.48
T-A     0.00    0.00    0.00    0.00    0.00    0.00    0.81   -0.76    3.14   -0.85   -0.13   36.14
