 146 base-pairs
   0  ***local base-pair & step parameters***
       Shear  Stretch  Stagger Buckle Prop-Tw Opening   Shift  Slide    Rise    Tilt    Roll   Twist
A-T     0.00    0.00    0.00    0.00    0.00    0.00    0.00    0.00    0.00    0.00    0.00    0.00
T-A     0.00    0.00    0.00    0.00    0.00    0.00   -1.16   -0.74    3.37   -3.50   -1.75   31.45
C-G     0.00    0.00    0.00    0.00    0.00    0.00    0.94   -0.04    2.97    5.35    2.62   36.86
A-T     0.00    0.00    0.00    0.00    0.00    0.00   -0.27    0.79    3.55   -3.98    3.84   35.38
A-T     0.00    0.00    0.00    0.00    0.00    0.00   -0.53    0.21    3.27   -3.82    0.24   38.47
T-A     0.00    0.00    0.00    0.00    0.00    0.00    0.50   -0.72    3.00    7.74   -1.84   33.03
A-T     0.00    0.00    0.00    0.00    0.00    0.00    0.01   -0.09    3.61   -4.66   -2.84   40.39
T-A     0.00    0.00    0.00    0.00    0.00    0.00   -0.13   -1.03    3.20    5.84   -1.52   33.81
C-G     0.00    0.00    0.00    0.00    0.00    0.00    1.08    0.11    3.35    1.21    0.11   33.14
C-G     0.00    0.00    0.00    0.00    0.00    0.00   -0.27   -0.04    3.10   -1.17   10.77   26.96
A-T     0.00    0.00    0.00    0.00    0.00    0.00   -1.11    0.54    3.39   -1.13    7.03   32.16
C-G     0.00    0.00    0.00    0.00    0.00    0.00    0.50   -1.02    3.28   -0.89    6.96   33.49
C-G     0.00    0.00    0.00    0.00    0.00    0.00    0.59   -0.18    3.35    1.67   13.37   30.50
T-A     0.00    0.00    0.00    0.00    0.00    0.00   -1.09    0.24    3.50   -6.31    8.11   31.81
G-C     0.00    0.00    0.00    0.00    0.00    0.00    0.55    1.13    3.20    4.50   -6.33   39.97
C-G     0.00    0.00    0.00    0.00    0.00    0.00   -0.23    0.08    3.46   -7.02    5.39   37.95
A-T     0.00    0.00    0.00    0.00    0.00    0.00    0.04    1.65    3.00    3.14  -21.51   41.33
G-C     0.00    0.00    0.00    0.00    0.00    0.00    0.49    0.06    3.50    2.98    1.53   36.39
A-T     0.00    0.00    0.00    0.00    0.00    0.00    0.00   -0.88    3.24    0.83   -6.33   36.46
T-A     0.00    0.00    0.00    0.00    0.00    0.00    0.25    0.18    3.01    2.53   -5.86   36.88
T-A     0.00    0.00    0.00    0.00    0.00    0.00   -0.01   -1.37    3.43    3.28    3.45   29.80
C-G     0.00    0.00    0.00    0.00    0.00    0.00   -0.39   -0.31    2.76    3.69    8.88   27.35
T-A     0.00    0.00    0.00    0.00    0.00    0.00   -0.27   -0.38    3.86    1.04   10.79   28.90
A-T     0.00    0.00    0.00    0.00    0.00    0.00    1.89    0.83    3.73    1.96   21.21   34.07
C-G     0.00    0.00    0.00    0.00    0.00    0.00   -1.26   -0.13    2.98  -12.31    2.84   31.06
C-G     0.00    0.00    0.00    0.00    0.00    0.00    0.56   -0.19    2.76   13.88    7.12   29.77
A-T     0.00    0.00    0.00    0.00    0.00    0.00   -0.06    2.69    3.22   -4.47  -15.54   42.10
A-T     0.00    0.00    0.00    0.00    0.00    0.00    0.50    0.44    3.65    4.07    2.91   38.96
A-T     0.00    0.00    0.00    0.00    0.00    0.00    0.51   -0.22    3.33   -1.25   -8.39   40.33
A-T     0.00    0.00    0.00    0.00    0.00    0.00   -0.08   -0.42    3.30   -2.11    3.69   31.74
G-C     0.00    0.00    0.00    0.00    0.00    0.00    0.20   -0.52    3.54    0.96   -0.26   36.66
T-A     0.00    0.00    0.00    0.00    0.00    0.00   -0.39   -0.76    2.99    4.41   -1.23   27.65
G-C     0.00    0.00    0.00    0.00    0.00    0.00    1.24    0.09    3.80    3.09   14.23   33.93
T-A     0.00    0.00    0.00    0.00    0.00    0.00   -1.37   -0.60    2.81   -2.56   17.00   23.70
A-T     0.00    0.00    0.00    0.00    0.00    0.00    0.25   -0.65    3.74   -4.69    2.11   42.16
T-A     0.00    0.00    0.00    0.00    0.00    0.00    0.40   -1.08    3.37    1.65    3.21   31.23
T-A     0.00    0.00    0.00    0.00    0.00    0.00    0.24   -0.33    2.98    3.27   -6.97   38.93
T-A     0.00    0.00    0.00    0.00    0.00    0.00   -0.03   -0.39    3.51   -6.82    5.10   31.43
G-C     0.00    0.00    0.00    0.00    0.00    0.00   -0.85    2.25    3.13    1.32  -20.83   47.32
G-C     0.00    0.00    0.00    0.00    0.00    0.00    1.04    0.97    3.40    6.57    6.00   29.50
A-T     0.00    0.00    0.00    0.00    0.00    0.00   -1.32    0.91    3.02  -11.98    0.92   36.78
A-T     0.00    0.00    0.00    0.00    0.00    0.00    0.39   -0.30    3.22   -1.24    4.23   33.91
A-T     0.00    0.00    0.00    0.00    0.00    0.00   -0.18   -0.13    3.59   -2.22   14.37   31.73
C-G     0.00    0.00    0.00    0.00    0.00    0.00    0.26   -0.40    2.94    3.83   -2.96   33.40
T-A     0.00    0.00    0.00    0.00    0.00    0.00    1.19   -0.13    3.31    1.39   11.65   33.54
G-C     0.00    0.00    0.00    0.00    0.00    0.00   -1.50    0.43    3.68   -5.87    9.59   37.08
C-G     0.00    0.00    0.00    0.00    0.00    0.00    0.51    1.06    3.63   -0.11  -12.88   46.92
T-A     0.00    0.00    0.00    0.00    0.00    0.00   -1.29   -0.07    2.83   -0.25   -2.02   31.42
C-G     0.00    0.00    0.00    0.00    0.00    0.00    1.64    1.79    3.27    7.75  -11.48   43.08
C-G     0.00    0.00    0.00    0.00    0.00    0.00   -1.02    0.46    3.51   -4.84    5.35   36.21
A-T     0.00    0.00    0.00    0.00    0.00    0.00    0.41    1.06    3.43   -4.49   -4.66   41.53
T-A     0.00    0.00    0.00    0.00    0.00    0.00    0.68   -0.41    2.96    6.25    0.39   29.22
C-G     0.00    0.00    0.00    0.00    0.00    0.00    0.30   -0.12    3.54    3.66   10.06   33.03
A-T     0.00    0.00    0.00    0.00    0.00    0.00   -0.36    0.36    4.16    3.99   19.00   34.66
A-T     0.00    0.00    0.00    0.00    0.00    0.00    0.51    0.62    3.05   -4.08    7.23   42.80
A-T     0.00    0.00    0.00    0.00    0.00    0.00   -0.90    0.43    3.01   -4.64   -4.26   35.14
A-T     0.00    0.00    0.00    0.00    0.00    0.00   -0.15   -0.93    3.50   -4.05    0.79   35.04
G-C     0.00    0.00    0.00    0.00    0.00    0.00   -0.26    0.98    3.62   -2.58   -5.77   40.30
G-C     0.00    0.00    0.00    0.00    0.00    0.00   -0.88    0.09    3.15   -6.36  -28.12   30.41
C-G     0.00    0.00    0.00    0.00    0.00    0.00    1.44   -0.04    4.50    0.38  -19.75   38.29
A-T     0.00    0.00    0.00    0.00    0.00    0.00   -0.12    0.81    3.20   14.94    8.13   42.31
T-A     0.00    0.00    0.00    0.00    0.00    0.00    0.41   -0.61    3.28   -2.91   17.15   21.81
G-C     0.00    0.00    0.00    0.00    0.00    0.00    0.00    1.25    4.04   -0.63    8.78   40.95
T-A     0.00    0.00    0.00    0.00    0.00    0.00   -0.75   -0.74    3.34   -1.73    8.08   26.85
T-A     0.00    0.00    0.00    0.00    0.00    0.00    0.35    0.08    2.96    3.94    3.47   32.16
C-G     0.00    0.00    0.00    0.00    0.00    0.00    0.85    0.63    3.22    4.11    7.44   36.79
A-T     0.00    0.00    0.00    0.00    0.00    0.00   -0.74    1.55    3.64   -2.51   -6.02   44.82
G-C     0.00    0.00    0.00    0.00    0.00    0.00    0.72    1.01    3.53    4.94   -2.16   32.39
C-G     0.00    0.00    0.00    0.00    0.00    0.00   -0.49    0.69    3.30   -6.40   -5.21   41.32
T-A     0.00    0.00    0.00    0.00    0.00    0.00    0.04    0.91    3.33    3.81   -2.02   36.56
G-C     0.00    0.00    0.00    0.00    0.00    0.00    0.90    1.13    3.21    0.02    2.90   34.88
A-T     0.00    0.00    0.00    0.00    0.00    0.00   -0.80    0.10    3.40   -6.76    6.35   34.48
A-T     0.00    0.00    0.00    0.00    0.00    0.00   -0.17   -0.27    3.25    1.85    3.62   33.97
T-A     0.00    0.00    0.00    0.00    0.00    0.00    0.16   -0.70    3.44   -0.76    7.70   29.36
T-A     0.00    0.00    0.00    0.00    0.00    0.00   -0.13   -0.31    3.25    3.59    7.57   33.91
C-G     0.00    0.00    0.00    0.00    0.00    0.00    0.00    0.25    3.30    1.85    5.65   30.21
A-T     0.00    0.00    0.00    0.00    0.00    0.00   -0.67    1.83    3.44   -1.14   -0.40   42.24
G-C     0.00    0.00    0.00    0.00    0.00    0.00    0.96    0.76    3.34   -1.21   -3.73   35.99
C-G     0.00    0.00    0.00    0.00    0.00    0.00   -1.10    1.06    3.40   -2.92   -6.74   38.16
T-A     0.00    0.00    0.00    0.00    0.00    0.00    1.25    1.46    3.73    3.69   -4.45   43.24
G-C     0.00    0.00    0.00    0.00    0.00    0.00   -0.74    0.86    2.93   -2.81    6.85   33.38
A-T     0.00    0.00    0.00    0.00    0.00    0.00   -0.41    0.16    3.32   -1.71    5.68   33.13
A-T     0.00    0.00    0.00    0.00    0.00    0.00    0.38    0.10    3.28    2.37   10.38   33.45
C-G     0.00    0.00    0.00    0.00    0.00    0.00    0.26   -0.56    3.24    0.16    6.12   30.12
A-T     0.00    0.00    0.00    0.00    0.00    0.00   -0.42    0.51    3.62    0.42   12.37   35.07
T-A     0.00    0.00    0.00    0.00    0.00    0.00    0.27   -0.53    3.05    1.30    0.68   27.66
G-C     0.00    0.00    0.00    0.00    0.00    0.00    0.95    0.37    3.37   -0.43    9.38   35.85
C-G     0.00    0.00    0.00    0.00    0.00    0.00   -1.50    0.42    3.29   -2.10  -14.30   37.67
C-G     0.00    0.00    0.00    0.00    0.00    0.00    0.61    1.50    4.00    1.63   -7.61   45.89
T-A     0.00    0.00    0.00    0.00    0.00    0.00   -0.25    1.41    3.34    1.58   -9.18   41.44
T-A     0.00    0.00    0.00    0.00    0.00    0.00    0.33    0.11    2.92   -3.63    4.31   31.42
T-A     0.00    0.00    0.00    0.00    0.00    0.00    0.30   -0.04    3.29    1.40    8.84   31.46
T-A     0.00    0.00    0.00    0.00    0.00    0.00   -0.16    0.32    3.52    1.50   12.81   33.35
G-C     0.00    0.00    0.00    0.00    0.00    0.00   -0.01   -1.10    3.87    4.97   19.13   23.86
A-T     0.00    0.00    0.00    0.00    0.00    0.00    0.08   -0.01    2.95   -9.04    7.53   32.27
T-A     0.00    0.00    0.00    0.00    0.00    0.00   -0.25   -0.74    3.31   -2.46    2.82   25.86
G-C     0.00    0.00    0.00    0.00    0.00    0.00   -0.35    0.87    3.21    0.95   -2.34   39.12
G-C     0.00    0.00    0.00    0.00    0.00    0.00    0.95    0.42    3.50    7.23    1.39   33.97
A-T     0.00    0.00    0.00    0.00    0.00    0.00   -1.15    1.31    3.28   -8.82   -5.53   43.16
G-C     0.00    0.00    0.00    0.00    0.00    0.00    1.13    0.35    3.16    0.31   -7.66   35.35
C-G     0.00    0.00    0.00    0.00    0.00    0.00   -0.56    0.25    3.48   -0.06   -3.23   35.31
A-T     0.00    0.00    0.00    0.00    0.00    0.00    1.09    0.54    3.45    4.17    3.71   36.79
G-C     0.00    0.00    0.00    0.00    0.00    0.00   -1.32   -0.22    3.71   -4.22   10.58   36.66
T-A     0.00    0.00    0.00    0.00    0.00    0.00   -0.91   -0.44    3.16   -0.02   13.84   29.85
T-A     0.00    0.00    0.00    0.00    0.00    0.00   -0.53   -0.25    3.20   -2.30    0.72   32.02
T-A     0.00    0.00    0.00    0.00    0.00    0.00    0.81    0.07    3.21    1.32    9.48   34.21
C-G     0.00    0.00    0.00    0.00    0.00    0.00    1.33    0.92    2.79    9.47    2.04   35.74
C-G     0.00    0.00    0.00    0.00    0.00    0.00   -1.20    1.01    3.57   -9.91    7.15   30.28
A-T     0.00    0.00    0.00    0.00    0.00    0.00    0.42    2.24    3.17    8.05  -19.00   48.03
A-T     0.00    0.00    0.00    0.00    0.00    0.00    0.18   -0.37    3.11   -2.63    5.39   31.79
A-T     0.00    0.00    0.00    0.00    0.00    0.00   -0.61   -0.49    3.58    0.01    3.63   37.94
T-A     0.00    0.00    0.00    0.00    0.00    0.00   -0.34   -0.60    3.06    0.44   -4.87   30.84
A-T     0.00    0.00    0.00    0.00    0.00    0.00    0.30   -0.35    3.17  -12.01    5.07   38.26
C-G     0.00    0.00    0.00    0.00    0.00    0.00   -0.05   -0.97    3.03    3.04    3.02   22.52
A-T     0.00    0.00    0.00    0.00    0.00    0.00    0.23   -0.34    3.83    5.31   11.30   41.30
C-G     0.00    0.00    0.00    0.00    0.00    0.00    0.67   -0.42    3.38   -1.75    7.17   35.55
T-A     0.00    0.00    0.00    0.00    0.00    0.00   -0.46   -0.17    3.19    1.32    4.65   34.01
T-A     0.00    0.00    0.00    0.00    0.00    0.00    0.00   -0.04    3.55   -5.77   -4.75   34.41
T-A     0.00    0.00    0.00    0.00    0.00    0.00   -0.73   -0.24    3.03    2.69    0.27   34.04
T-A     0.00    0.00    0.00    0.00    0.00    0.00   -0.47    0.35    3.61   -2.70   -7.18   41.22
G-C     0.00    0.00    0.00    0.00    0.00    0.00   -0.01    2.53    3.32    1.58   -4.77   41.21
G-C     0.00    0.00    0.00    0.00    0.00    0.00   -0.56    0.25    2.72  -12.75    1.38   26.28
T-A     0.00    0.00    0.00    0.00    0.00    0.00    0.58   -0.38    3.28    4.17    6.40   31.42
A-T     0.00    0.00    0.00    0.00    0.00    0.00   -0.73    0.26    3.66    3.37   14.29   35.33
G-C     0.00    0.00    0.00    0.00    0.00    0.00    0.31    0.12    3.33    0.67   10.43   29.87
A-T     0.00    0.00    0.00    0.00    0.00    0.00   -0.43   -0.84    3.10   -5.01   14.43   24.25
A-T     0.00    0.00    0.00    0.00    0.00    0.00    1.00   -0.43    3.07   -7.22    2.41   36.84
T-A     0.00    0.00    0.00    0.00    0.00    0.00   -0.47   -1.05    3.32    0.09   -9.87   29.82
C-G     0.00    0.00    0.00    0.00    0.00    0.00    0.40   -0.59    3.46    3.86   -2.62   40.62
T-A     0.00    0.00    0.00    0.00    0.00    0.00   -0.89   -0.41    3.40   -5.60    6.00   31.79
G-C     0.00    0.00    0.00    0.00    0.00    0.00   -0.32    2.28    2.91    2.05  -16.45   45.59
C-G     0.00    0.00    0.00    0.00    0.00    0.00    0.35    0.51    2.99    4.33    7.06   30.41
A-T     0.00    0.00    0.00    0.00    0.00    0.00    0.28    2.52    3.42    1.60   -3.82   44.83
G-C     0.00    0.00    0.00    0.00    0.00    0.00    0.38    0.80    2.78   -5.78    9.22   28.17
G-C     0.00    0.00    0.00    0.00    0.00    0.00   -0.40   -0.45    3.54   -0.08   17.90   31.94
T-A     0.00    0.00    0.00    0.00    0.00    0.00   -0.58   -0.58    3.27   -2.04    6.45   32.91
G-C     0.00    0.00    0.00    0.00    0.00    0.00    0.11   -0.05    3.42    1.70    9.58   33.55
G-C     0.00    0.00    0.00    0.00    0.00    0.00    0.68    0.32    3.12   -0.18    5.90   28.65
A-T     0.00    0.00    0.00    0.00    0.00    0.00   -0.53   -0.42    3.16   -4.07    2.84   39.35
T-A     0.00    0.00    0.00    0.00    0.00    0.00   -0.17   -0.80    3.27   -0.96   -3.72   30.16
A-T     0.00    0.00    0.00    0.00    0.00    0.00   -0.23    0.01    3.76    1.79   -2.78   42.06
T-A     0.00    0.00    0.00    0.00    0.00    0.00   -0.56   -0.69    3.06   -5.75   -4.98   31.12
T-A     0.00    0.00    0.00    0.00    0.00    0.00    0.65    0.11    3.36    3.57    1.16   36.28
G-C     0.00    0.00    0.00    0.00    0.00    0.00   -0.19    0.00    3.43    4.47    2.49   37.39
A-T     0.00    0.00    0.00    0.00    0.00    0.00   -0.13    0.05    3.32   -3.08    6.08   30.07
T-A     0.00    0.00    0.00    0.00    0.00    0.00    0.77   -0.75    3.21   -1.05   -1.26   36.72
