 146 base-pairs
   0  ***local base-pair & step parameters***
       Shear  Stretch  Stagger Buckle Prop-Tw Opening   Shift  Slide    Rise    Tilt    Roll   Twist
A-T     0.00    0.00    0.00    0.00    0.00    0.00    0.00    0.00    0.00    0.00    0.00    0.00
T-A     0.00    0.00    0.00    0.00    0.00    0.00   -1.11   -0.72    3.34   -3.37   -1.06   31.00
C-G     0.00    0.00    0.00    0.00    0.00    0.00    0.99   -0.02    2.94    5.49    3.14   36.43
A-T     0.00    0.00    0.00    0.00    0.00    0.00   -0.22    0.80    3.53   -3.84    4.17   34.98
A-T     0.00    0.00    0.00    0.00    0.00    0.00   -0.49    0.23    3.26   -3.67    0.35   38.11
T-A     0.00    0.00    0.00    0.00    0.00    0.00    0.53   -0.70    3.01    7.88   -1.95   32.73
A-T     0.00    0.00    0.00    0.00    0.00    0.00    0.03   -0.07    3.63   -4.52   -3.16   40.15
T-A     0.00    0.00    0.00    0.00    0.00    0.00   -0.11   -1.02    3.23    5.98   -2.02   33.63
C-G     0.00    0.00    0.00    0.00    0.00    0.00    1.09    0.12    3.39    1.37   -0.54   33.02
C-G     0.00    0.00    0.00    0.00    0.00    0.00   -0.27   -0.03    3.15   -1.01   10.02   26.90
A-T     0.00    0.00    0.00    0.00    0.00    0.00   -1.11    0.55    3.45   -0.97    6.25   32.14
C-G     0.00    0.00    0.00    0.00    0.00    0.00    0.49   -1.01    3.33   -0.72    6.19   33.52
C-G     0.00    0.00    0.00    0.00    0.00    0.00    0.58   -0.18    3.40    1.84   12.68   30.55
T-A     0.00    0.00    0.00    0.00    0.00    0.00   -1.11    0.23    3.55   -6.15    7.54   31.89
G-C     0.00    0.00    0.00    0.00    0.00    0.00    0.54    1.11    3.24    4.67   -6.74   40.06
C-G     0.00    0.00    0.00    0.00    0.00    0.00   -0.25    0.06    3.49   -6.87    5.17   38.05
A-T     0.00    0.00    0.00    0.00    0.00    0.00    0.02    1.61    3.02    3.28  -21.51   41.42
G-C     0.00    0.00    0.00    0.00    0.00    0.00    0.48    0.01    3.49    3.10    1.74   36.49
A-T     0.00    0.00    0.00    0.00    0.00    0.00   -0.01   -0.94    3.22    0.91   -5.91   36.55
T-A     0.00    0.00    0.00    0.00    0.00    0.00    0.24    0.11    2.98    2.57   -5.28   36.97
T-A     0.00    0.00    0.00    0.00    0.00    0.00   -0.02   -1.44    3.38    3.27    4.16   29.90
C-G     0.00    0.00    0.00    0.00    0.00    0.00   -0.39   -0.38    2.70    3.62    9.67   27.46
T-A     0.00    0.00    0.00    0.00    0.00    0.00   -0.27   -0.46    3.79    0.92   11.60   29.02
A-T     0.00    0.00    0.00    0.00    0.00    0.00    1.89    0.75    3.66    1.78   21.99   34.21
C-G     0.00    0.00    0.00    0.00    0.00    0.00   -1.26   -0.20    2.91  -12.54    3.53   31.23
C-G     0.00    0.00    0.00    0.00    0.00    0.00    0.56   -0.25    2.69   13.60    7.67   29.97
A-T     0.00    0.00    0.00    0.00    0.00    0.00   -0.07    2.65    3.16   -4.80  -15.17   42.33
A-T     0.00    0.00    0.00    0.00    0.00    0.00    0.49    0.41    3.60    3.71    3.06   39.21
A-T     0.00    0.00    0.00    0.00    0.00    0.00    0.49   -0.23    3.29   -1.63   -8.47   40.60
A-T     0.00    0.00    0.00    0.00    0.00    0.00   -0.10   -0.41    3.28   -2.49    3.39   32.03
G-C     0.00    0.00    0.00    0.00    0.00    0.00    0.17   -0.49    3.54    0.58   -0.78   36.95
T-A     0.00    0.00    0.00    0.00    0.00    0.00   -0.41   -0.71    3.00    4.06   -1.92   27.93
G-C     0.00    0.00    0.00    0.00    0.00    0.00    1.21    0.16    3.83    2.78   13.39   34.19
T-A     0.00    0.00    0.00    0.00    0.00    0.00   -1.40   -0.52    2.86   -2.80   16.08   23.91
A-T     0.00    0.00    0.00    0.00    0.00    0.00    0.22   -0.55    3.80   -4.86    1.17   42.31
T-A     0.00    0.00    0.00    0.00    0.00    0.00    0.38   -0.97    3.44    1.56    2.30   31.31
T-A     0.00    0.00    0.00    0.00    0.00    0.00    0.23   -0.22    3.05    3.27   -7.78   38.93
T-A     0.00    0.00    0.00    0.00    0.00    0.00   -0.04   -0.28    3.58   -6.73    4.44   31.34
G-C     0.00    0.00    0.00    0.00    0.00    0.00   -0.84    2.35    3.20    1.50  -21.28   47.14
G-C     0.00    0.00    0.00    0.00    0.00    0.00    1.05    1.07    3.46    6.83    5.78   29.22
A-T     0.00    0.00    0.00    0.00    0.00    0.00   -1.30    0.99    3.07  -11.65    0.94   36.41
A-T     0.00    0.00    0.00    0.00    0.00    0.00    0.42   -0.24    3.26   -0.85    4.51   33.47
A-T     0.00    0.00    0.00    0.00    0.00    0.00   -0.14   -0.09    3.61   -1.79   14.88   31.23
C-G     0.00    0.00    0.00    0.00    0.00    0.00    0.30   -0.38    2.95    4.29   -2.24   32.85
T-A     0.00    0.00    0.00    0.00    0.00    0.00    1.24   -0.13    3.30    1.86   12.53   32.97
G-C     0.00    0.00    0.00    0.00    0.00    0.00   -1.45    0.40    3.65   -5.42   10.58   36.52
C-G     0.00    0.00    0.00    0.00    0.00    0.00    0.57    1.01    3.60    0.31  -11.84   46.39
T-A     0.00    0.00    0.00    0.00    0.00    0.00   -1.24   -0.14    2.79    0.11   -1.00   30.95
C-G     0.00    0.00    0.00    0.00    0.00    0.00    1.69    1.71    3.22    8.04  -10.54   42.69
C-G     0.00    0.00    0.00    0.00    0.00    0.00   -0.98    0.37    3.46   -4.62    6.15   35.92
A-T     0.00    0.00    0.00    0.00    0.00    0.00    0.44    0.96    3.37   -4.36   -4.05   41.36
T-A     0.00    0.00    0.00    0.00    0.00    0.00    0.70   -0.51    2.91    6.29    0.77   29.17
C-G     0.00    0.00    0.00    0.00    0.00    0.00    0.31   -0.22    3.50    3.62   10.19   33.11
A-T     0.00    0.00    0.00    0.00    0.00    0.00   -0.37    0.27    4.12    3.87   18.86   34.87
A-T     0.00    0.00    0.00    0.00    0.00    0.00    0.49    0.54    3.03   -4.27    6.85   43.13
A-T     0.00    0.00    0.00    0.00    0.00    0.00   -0.93    0.36    3.00   -4.90   -4.86   35.57
A-T     0.00    0.00    0.00    0.00    0.00    0.00   -0.19   -0.98    3.50   -4.36    0.00   35.56
G-C     0.00    0.00    0.00    0.00    0.00    0.00   -0.31    0.94    3.63   -2.93   -6.69   40.88
G-C     0.00    0.00    0.00    0.00    0.00    0.00   -0.94    0.07    3.17   -6.72  -29.12   31.03
C-G     0.00    0.00    0.00    0.00    0.00    0.00    1.38   -0.04    4.53    0.02  -20.76   38.92
A-T     0.00    0.00    0.00    0.00    0.00    0.00   -0.18    0.82    3.23   14.58    7.17   42.91
T-A     0.00    0.00    0.00    0.00    0.00    0.00    0.35   -0.59    3.31   -3.24   16.30   22.37
G-C     0.00    0.00    0.00    0.00    0.00    0.00   -0.05    1.28    4.07   -0.93    8.10   41.44
T-A     0.00    0.00    0.00    0.00    0.00    0.00   -0.80   -0.70    3.37   -1.98    7.61   27.25
T-A     0.00    0.00    0.00    0.00    0.00    0.00    0.31    0.13    2.98    3.74    3.23   32.45
C-G     0.00    0.00    0.00    0.00    0.00    0.00    0.83    0.69    3.23    3.96    7.45   36.97
A-T     0.00    0.00    0.00    0.00    0.00    0.00   -0.76    1.61    3.65   -2.61   -5.78   44.89
G-C     0.00    0.00    0.00    0.00    0.00    0.00    0.72    1.06    3.52    4.89   -1.70   32.34
C-G     0.00    0.00    0.00    0.00    0.00    0.00   -0.48    0.73    3.29   -6.40   -4.56   41.16
T-A     0.00    0.00    0.00    0.00    0.00    0.00    0.06    0.95    3.31    3.85   -1.24   36.31
G-C     0.00    0.00    0.00    0.00    0.00    0.00    0.93    1.17    3.18    0.09    3.76   34.55
A-T     0.00    0.00    0.00    0.00    0.00    0.00   -0.76    0.13    3.36   -6.67    7.24   34.09
A-T     0.00    0.00    0.00    0.00    0.00    0.00   -0.13   -0.24    3.22    1.97    4.47   33.54
T-A     0.00    0.00    0.00    0.00    0.00    0.00    0.21   -0.67    3.41   -0.63    8.46   28.91
T-A     0.00    0.00    0.00    0.00    0.00    0.00   -0.09   -0.29    3.22    3.73    8.18   33.47
C-G     0.00    0.00    0.00    0.00    0.00    0.00    0.05    0.27    3.28    1.99    6.08   29.79
A-T     0.00    0.00    0.00    0.00    0.00    0.00   -0.63    1.85    3.43   -1.00   -0.18   41.86
G-C     0.00    0.00    0.00    0.00    0.00    0.00    0.99    0.77    3.34   -1.07   -3.74   35.66
C-G     0.00    0.00    0.00    0.00    0.00    0.00   -1.07    1.07    3.41   -2.78   -6.96   37.89
T-A     0.00    0.00    0.00    0.00    0.00    0.00    1.27    1.47    3.76    3.84   -4.86   43.02
G-C     0.00    0.00    0.00    0.00    0.00    0.00   -0.73    0.88    2.97   -2.66    6.27   33.23
A-T     0.00    0.00    0.00    0.00    0.00    0.00   -0.40    0.18    3.36   -1.56    4.97   33.04
A-T     0.00    0.00    0.00    0.00    0.00    0.00    0.38    0.11    3.33    2.53    9.61   33.41
C-G     0.00    0.00    0.00    0.00    0.00    0.00    0.25   -0.56    3.30    0.32    5.33   30.13
A-T     0.00    0.00    0.00    0.00    0.00    0.00   -0.43    0.51    3.67    0.59   11.63   35.11
T-A     0.00    0.00    0.00    0.00    0.00    0.00    0.25   -0.54    3.10    1.46    0.04   27.72
G-C     0.00    0.00    0.00    0.00    0.00    0.00    0.93    0.36    3.42   -0.26    8.88   35.93
C-G     0.00    0.00    0.00    0.00    0.00    0.00   -1.52    0.40    3.32   -1.93  -14.62   37.77
C-G     0.00    0.00    0.00    0.00    0.00    0.00    0.60    1.47    4.02    1.77   -7.72   45.98
T-A     0.00    0.00    0.00    0.00    0.00    0.00   -0.27    1.37    3.35    1.70   -9.07   41.54
T-A     0.00    0.00    0.00    0.00    0.00    0.00    0.32    0.06    2.91   -3.53    4.63   31.52
T-A     0.00    0.00    0.00    0.00    0.00    0.00    0.29   -0.10    3.26    1.46    9.34   31.55
T-A     0.00    0.00    0.00    0.00    0.00    0.00   -0.16    0.25    3.48    1.52   13.46   33.45
G-C     0.00    0.00    0.00    0.00    0.00    0.00   -0.02   -1.18    3.82    4.93   19.89   23.96
A-T     0.00    0.00    0.00    0.00    0.00    0.00    0.08   -0.09    2.89   -9.14    8.34   32.38
T-A     0.00    0.00    0.00    0.00    0.00    0.00   -0.25   -0.81    3.24   -2.61    3.63   25.99
G-C     0.00    0.00    0.00    0.00    0.00    0.00   -0.35    0.80    3.14    0.75   -1.60   39.27
G-C     0.00    0.00    0.00    0.00    0.00    0.00    0.95    0.36    3.43    6.97    2.01   34.15
A-T     0.00    0.00    0.00    0.00    0.00    0.00   -1.15    1.26    3.21   -9.13   -5.07   43.37
G-C     0.00    0.00    0.00    0.00    0.00    0.00    1.12    0.31    3.11   -0.03   -7.40   35.59
C-G     0.00    0.00    0.00    0.00    0.00    0.00   -0.58    0.22    3.44   -0.43   -3.19   35.57
A-T     0.00    0.00    0.00    0.00    0.00    0.00    1.08    0.54    3.42    3.79    3.52   37.08
G-C     0.00    0.00    0.00    0.00    0.00    0.00   -1.34   -0.20    3.70   -4.61   10.17   36.95
T-A     0.00    0.00    0.00    0.00    0.00    0.00   -0.94   -0.40    3.17   -0.38   13.23   30.13
T-A     0.00    0.00    0.00    0.00    0.00    0.00   -0.56   -0.20    3.22   -2.63   -0.06   32.29
T-A     0.00    0.00    0.00    0.00    0.00    0.00    0.79    0.15    3.25    1.05    8.59   34.44
C-G     0.00    0.00    0.00    0.00    0.00    0.00    1.30    1.01    2.84    9.26    1.09   35.93
C-G     0.00    0.00    0.00    0.00    0.00    0.00   -1.22    1.11    3.63  -10.04    6.22   30.40
A-T     0.00    0.00    0.00    0.00    0.00    0.00    0.40    2.35    3.24    8.00  -19.87   48.07
A-T     0.00    0.00    0.00    0.00    0.00    0.00    0.17   -0.26    3.18   -2.58    4.65   31.75
A-T     0.00    0.00    0.00    0.00    0.00    0.00   -0.62   -0.39    3.65    0.15    3.06   37.80
T-A     0.00    0.00    0.00    0.00    0.00    0.00   -0.33   -0.50    3.12    0.66   -5.21   30.61
A-T     0.00    0.00    0.00    0.00    0.00    0.00    0.32   -0.26    3.22  -11.71    4.96   37.93
C-G     0.00    0.00    0.00    0.00    0.00    0.00   -0.03   -0.90    3.07    3.40    3.17   22.11
A-T     0.00    0.00    0.00    0.00    0.00    0.00    0.26   -0.29    3.86    5.72   11.69   40.83
C-G     0.00    0.00    0.00    0.00    0.00    0.00    0.71   -0.39    3.40   -1.30    7.78   35.02
T-A     0.00    0.00    0.00    0.00    0.00    0.00   -0.41   -0.16    3.19    1.79    5.45   33.45
T-A     0.00    0.00    0.00    0.00    0.00    0.00    0.05   -0.05    3.53   -5.32   -3.81   33.84
T-A     0.00    0.00    0.00    0.00    0.00    0.00   -0.67   -0.27    3.00    3.12    1.29   33.49
T-A     0.00    0.00    0.00    0.00    0.00    0.00   -0.41    0.30    3.57   -2.31   -6.14   40.72
G-C     0.00    0.00    0.00    0.00    0.00    0.00    0.04    2.46    3.27    1.91   -3.78   40.78
G-C     0.00    0.00    0.00    0.00    0.00    0.00   -0.51    0.17    2.67  -12.50    2.25   25.94
T-A     0.00    0.00    0.00    0.00    0.00    0.00    0.62   -0.47    3.23    4.34    7.11   31.18
A-T     0.00    0.00    0.00    0.00    0.00    0.00   -0.71    0.16    3.61    3.46   14.79   35.22
G-C     0.00    0.00    0.00    0.00    0.00    0.00    0.32    0.02    3.28    0.68   10.69   29.89
A-T     0.00    0.00    0.00    0.00    0.00    0.00   -0.43   -0.94    3.07   -5.09   14.43   24.40
A-T     0.00    0.00    0.00    0.00    0.00    0.00    0.99   -0.52    3.04   -7.38    2.15   37.11
T-A     0.00    0.00    0.00    0.00    0.00    0.00   -0.50   -1.13    3.30   -0.14  -10.37   30.21
C-G     0.00    0.00    0.00    0.00    0.00    0.00    0.36   -0.65    3.46    3.57   -3.32   41.10
T-A     0.00    0.00    0.00    0.00    0.00    0.00   -0.94   -0.46    3.41   -5.93    5.14   32.35
G-C     0.00    0.00    0.00    0.00    0.00    0.00   -0.38    2.25    2.93    1.69  -17.42   46.20
C-G     0.00    0.00    0.00    0.00    0.00    0.00    0.29    0.50    3.02    3.96    6.05   31.04
A-T     0.00    0.00    0.00    0.00    0.00    0.00    0.22    2.53    3.45    1.24   -4.81   45.45
G-C     0.00    0.00    0.00    0.00    0.00    0.00    0.32    0.82    2.81   -6.13    8.32   28.76
G-C     0.00    0.00    0.00    0.00    0.00    0.00   -0.46   -0.42    3.57   -0.39   17.13   32.47
T-A     0.00    0.00    0.00    0.00    0.00    0.00   -0.63   -0.54    3.31   -2.32    5.87   33.36
G-C     0.00    0.00    0.00    0.00    0.00    0.00    0.06    0.00    3.45    1.47    9.22   33.90
G-C     0.00    0.00    0.00    0.00    0.00    0.00    0.64    0.37    3.13   -0.36    5.78   28.89
A-T     0.00    0.00    0.00    0.00    0.00    0.00   -0.55   -0.37    3.17   -4.19    2.96   39.48
T-A     0.00    0.00    0.00    0.00    0.00    0.00   -0.18   -0.75    3.27   -1.03   -3.37   30.17
A-T     0.00    0.00    0.00    0.00    0.00    0.00   -0.22    0.06    3.74    1.77   -2.22   41.96
T-A     0.00    0.00    0.00    0.00    0.00    0.00   -0.55   -0.64    3.04   -5.73   -4.26   30.91
T-A     0.00    0.00    0.00    0.00    0.00    0.00    0.68    0.15    3.33    3.63    1.99   35.98
G-C     0.00    0.00    0.00    0.00    0.00    0.00   -0.15    0.04    3.39    4.56    3.37   37.03
A-T     0.00    0.00    0.00    0.00    0.00    0.00   -0.09    0.08    3.29   -2.97    6.95   29.66
T-A     0.00    0.00    0.00    0.00    0.00    0.00    0.82   -0.72    3.18   -0.93   -0.45   36.28
