 146 base-pairs
   0  ***local base-pair & step parameters***
       Shear  Stretch  Stagger Buckle Prop-Tw Opening   Shift  Slide    Rise    Tilt    Roll   Twist
A-T     0.00    0.00    0.00    0.00    0.00    0.00    0.00    0.00    0.00    0.00    0.00    0.00
T-A     0.00    0.00    0.00    0.00    0.00    0.00   -1.13   -0.95    0.00   -3.32   -3.17   -3.55
C-G     0.00    0.00    0.00    0.00    0.00    0.00    0.96   -0.25   -0.40    5.49    1.01    1.92
A-T     0.00    0.00    0.00    0.00    0.00    0.00   -0.25    0.58    0.19   -3.88    2.02    0.50
A-T     0.00    0.00    0.00    0.00    0.00    0.00   -0.52    0.01   -0.08   -3.75   -1.82    3.65
T-A     0.00    0.00    0.00    0.00    0.00    0.00    0.50   -0.91   -0.33    7.78   -4.13   -1.72
A-T     0.00    0.00    0.00    0.00    0.00    0.00    0.00   -0.27    0.29   -4.64   -5.35    5.70
T-A     0.00    0.00    0.00    0.00    0.00    0.00   -0.14   -1.20   -0.11    5.85   -4.22   -0.83
C-G     0.00    0.00    0.00    0.00    0.00    0.00    1.06   -0.05    0.06    1.23   -2.74   -1.47
C-G     0.00    0.00    0.00    0.00    0.00    0.00   -0.30   -0.19   -0.18   -1.14    7.82   -7.62
A-T     0.00    0.00    0.00    0.00    0.00    0.00   -1.14    0.40    0.12   -1.08    4.05   -2.42
C-G     0.00    0.00    0.00    0.00    0.00    0.00    0.47   -1.15    0.01   -0.81    4.00   -1.10
C-G     0.00    0.00    0.00    0.00    0.00    0.00    0.56   -0.31    0.08    1.79   10.50   -4.12
T-A     0.00    0.00    0.00    0.00    0.00    0.00   -1.12    0.11    0.23   -6.16    5.38   -2.85
G-C     0.00    0.00    0.00    0.00    0.00    0.00    0.53    1.00   -0.07    4.70   -8.88    5.26
C-G     0.00    0.00    0.00    0.00    0.00    0.00   -0.25   -0.05    0.18   -6.79    3.05    3.18
A-T     0.00    0.00    0.00    0.00    0.00    0.00    0.03    1.51   -0.29    3.41  -23.61    6.49
G-C     0.00    0.00    0.00    0.00    0.00    0.00    0.49   -0.09    0.19    3.28   -0.34    1.49
A-T     0.00    0.00    0.00    0.00    0.00    0.00    0.01   -1.04   -0.08    1.15   -7.97    1.50
T-A     0.00    0.00    0.00    0.00    0.00    0.00    0.26    0.01   -0.32    2.86   -7.31    1.87
T-A     0.00    0.00    0.00    0.00    0.00    0.00    0.01   -1.55    0.08    3.60    2.15   -5.25
C-G     0.00    0.00    0.00    0.00    0.00    0.00   -0.36   -0.50   -0.60    4.00    7.68   -7.72
T-A     0.00    0.00    0.00    0.00    0.00    0.00   -0.24   -0.58    0.49    1.33    9.63   -6.18
A-T     0.00    0.00    0.00    0.00    0.00    0.00    1.92    0.62    0.36    2.22   20.03   -1.00
C-G     0.00    0.00    0.00    0.00    0.00    0.00   -1.23   -0.34   -0.39  -12.08    1.58   -3.98
C-G     0.00    0.00    0.00    0.00    0.00    0.00    0.59   -0.40   -0.61   14.07    5.73   -5.23
A-T     0.00    0.00    0.00    0.00    0.00    0.00   -0.04    2.48   -0.15   -4.32  -17.11    7.15
A-T     0.00    0.00    0.00    0.00    0.00    0.00    0.52    0.23    0.29    4.18    1.12    4.07
A-T     0.00    0.00    0.00    0.00    0.00    0.00    0.52   -0.42   -0.02   -1.18  -10.41    5.50
A-T     0.00    0.00    0.00    0.00    0.00    0.00   -0.08   -0.61   -0.04   -2.06    1.44   -3.02
G-C     0.00    0.00    0.00    0.00    0.00    0.00    0.19   -0.70    0.22    0.98   -2.74    1.96
T-A     0.00    0.00    0.00    0.00    0.00    0.00   -0.40   -0.93   -0.32    4.42   -3.90   -7.00
G-C     0.00    0.00    0.00    0.00    0.00    0.00    1.22   -0.07    0.50    3.10   11.40   -0.68
T-A     0.00    0.00    0.00    0.00    0.00    0.00   -1.40   -0.75   -0.47   -2.53   14.07  -10.89
A-T     0.00    0.00    0.00    0.00    0.00    0.00    0.22   -0.79    0.47   -4.64   -0.87    7.58
T-A     0.00    0.00    0.00    0.00    0.00    0.00    0.37   -1.21    0.10    1.72    0.24   -3.36
T-A     0.00    0.00    0.00    0.00    0.00    0.00    0.21   -0.46   -0.29    3.38   -9.86    4.32
T-A     0.00    0.00    0.00    0.00    0.00    0.00   -0.06   -0.52    0.24   -6.67    2.34   -3.22
G-C     0.00    0.00    0.00    0.00    0.00    0.00   -0.87    2.12   -0.14    1.51  -23.41   12.62
G-C     0.00    0.00    0.00    0.00    0.00    0.00    1.02    0.84    0.12    6.80    3.63   -5.26
A-T     0.00    0.00    0.00    0.00    0.00    0.00   -1.33    0.77   -0.27  -11.72   -1.22    1.95
A-T     0.00    0.00    0.00    0.00    0.00    0.00    0.39   -0.45   -0.08   -0.95    2.33   -0.98
A-T     0.00    0.00    0.00    0.00    0.00    0.00   -0.17   -0.29    0.27   -1.91   12.69   -3.22
C-G     0.00    0.00    0.00    0.00    0.00    0.00    0.27   -0.57   -0.39    4.16   -4.44   -1.61
T-A     0.00    0.00    0.00    0.00    0.00    0.00    1.21   -0.31   -0.03    1.72   10.33   -1.51
G-C     0.00    0.00    0.00    0.00    0.00    0.00   -1.48    0.24    0.32   -5.55    8.38    2.01
C-G     0.00    0.00    0.00    0.00    0.00    0.00    0.54    0.86    0.27    0.19  -14.04   11.84
T-A     0.00    0.00    0.00    0.00    0.00    0.00   -1.26   -0.28   -0.54    0.02   -3.19   -3.65
C-G     0.00    0.00    0.00    0.00    0.00    0.00    1.67    1.58   -0.10    7.98  -12.72    8.03
C-G     0.00    0.00    0.00    0.00    0.00    0.00   -0.99    0.25    0.14   -4.64    3.98    1.20
A-T     0.00    0.00    0.00    0.00    0.00    0.00    0.43    0.85    0.06   -4.34   -6.20    6.57
T-A     0.00    0.00    0.00    0.00    0.00    0.00    0.70   -0.62   -0.40    6.36   -1.36   -5.68
C-G     0.00    0.00    0.00    0.00    0.00    0.00    0.31   -0.32    0.19    3.74    8.08   -1.81
A-T     0.00    0.00    0.00    0.00    0.00    0.00   -0.36    0.17    0.82    4.04   16.78   -0.11
A-T     0.00    0.00    0.00    0.00    0.00    0.00    0.51    0.44   -0.27   -4.05    4.79    8.09
A-T     0.00    0.00    0.00    0.00    0.00    0.00   -0.91    0.26   -0.30   -4.62   -6.90    0.48
A-T     0.00    0.00    0.00    0.00    0.00    0.00   -0.17   -1.09    0.20   -4.04   -2.02    0.42
G-C     0.00    0.00    0.00    0.00    0.00    0.00   -0.28    0.83    0.33   -2.56   -8.69    5.71
G-C     0.00    0.00    0.00    0.00    0.00    0.00   -0.91   -0.05   -0.13   -6.32  -31.10   -4.17
C-G     0.00    0.00    0.00    0.00    0.00    0.00    1.41   -0.17    1.23    0.45  -22.72    3.71
A-T     0.00    0.00    0.00    0.00    0.00    0.00   -0.15    0.68   -0.07   15.04    5.22    7.70
T-A     0.00    0.00    0.00    0.00    0.00    0.00    0.38   -0.74    0.01   -2.77   14.36  -12.83
G-C     0.00    0.00    0.00    0.00    0.00    0.00   -0.02    1.12    0.77   -0.45    6.16    6.26
T-A     0.00    0.00    0.00    0.00    0.00    0.00   -0.77   -0.87    0.06   -1.51    5.67   -7.90
T-A     0.00    0.00    0.00    0.00    0.00    0.00    0.34   -0.06   -0.33    4.20    1.29   -2.66
C-G     0.00    0.00    0.00    0.00    0.00    0.00    0.85    0.49   -0.08    4.40    5.50    1.91
A-T     0.00    0.00    0.00    0.00    0.00    0.00   -0.74    1.40    0.33   -2.20   -7.74    9.88
G-C     0.00    0.00    0.00    0.00    0.00    0.00    0.73    0.84    0.20    5.26   -3.67   -2.61
C-G     0.00    0.00    0.00    0.00    0.00    0.00   -0.47    0.51   -0.04   -6.07   -6.55    6.28
T-A     0.00    0.00    0.00    0.00    0.00    0.00    0.06    0.72   -0.02    4.13   -3.25    1.49
G-C     0.00    0.00    0.00    0.00    0.00    0.00    0.93    0.93   -0.15    0.32    1.73   -0.20
A-T     0.00    0.00    0.00    0.00    0.00    0.00   -0.77   -0.11    0.03   -6.49    5.19   -0.60
A-T     0.00    0.00    0.00    0.00    0.00    0.00   -0.14   -0.48   -0.12    2.09    2.39   -1.09
T-A     0.00    0.00    0.00    0.00    0.00    0.00    0.19   -0.91    0.07   -0.56    6.36   -5.66
T-A     0.00    0.00    0.00    0.00    0.00    0.00   -0.11   -0.52   -0.12    3.75    6.06   -1.06
C-G     0.00    0.00    0.00    0.00    0.00    0.00    0.02    0.04   -0.06    1.97    3.94   -4.70
A-T     0.00    0.00    0.00    0.00    0.00    0.00   -0.66    1.63    0.09   -1.06   -2.34    7.39
G-C     0.00    0.00    0.00    0.00    0.00    0.00    0.96    0.56    0.00   -1.16   -5.91    1.21
C-G     0.00    0.00    0.00    0.00    0.00    0.00   -1.10    0.87    0.07   -2.89   -9.15    3.44
T-A     0.00    0.00    0.00    0.00    0.00    0.00    1.24    1.28    0.42    3.71   -7.06    8.57
G-C     0.00    0.00    0.00    0.00    0.00    0.00   -0.76    0.70   -0.37   -2.80    4.07   -1.24
A-T     0.00    0.00    0.00    0.00    0.00    0.00   -0.43    0.01    0.03   -1.69    2.77   -1.46
A-T     0.00    0.00    0.00    0.00    0.00    0.00    0.35   -0.04    0.00    2.41    7.41   -1.13
C-G     0.00    0.00    0.00    0.00    0.00    0.00    0.23   -0.70   -0.03    0.22    3.14   -4.46
A-T     0.00    0.00    0.00    0.00    0.00    0.00   -0.45    0.38    0.35    0.52    9.45    0.47
T-A     0.00    0.00    0.00    0.00    0.00    0.00    0.24   -0.66   -0.22    1.43   -2.13   -6.98
G-C     0.00    0.00    0.00    0.00    0.00    0.00    0.92    0.24    0.10   -0.25    6.73    1.16
C-G     0.00    0.00    0.00    0.00    0.00    0.00   -1.52    0.29    0.01   -1.88  -16.75    2.93
C-G     0.00    0.00    0.00    0.00    0.00    0.00    0.60    1.36    0.71    1.88   -9.83   11.08
T-A     0.00    0.00    0.00    0.00    0.00    0.00   -0.26    1.27    0.04    1.86  -11.16    6.57
T-A     0.00    0.00    0.00    0.00    0.00    0.00    0.33   -0.04   -0.39   -3.32    2.56   -3.51
T-A     0.00    0.00    0.00    0.00    0.00    0.00    0.31   -0.20   -0.04    1.72    7.30   -3.53
T-A     0.00    0.00    0.00    0.00    0.00    0.00   -0.14    0.14    0.18    1.83   11.44   -1.68
G-C     0.00    0.00    0.00    0.00    0.00    0.00    0.01   -1.29    0.52    5.29   17.89  -11.20
A-T     0.00    0.00    0.00    0.00    0.00    0.00    0.11   -0.21   -0.41   -8.74    6.36   -2.81
T-A     0.00    0.00    0.00    0.00    0.00    0.00   -0.22   -0.94   -0.06   -2.18    1.66   -9.22
G-C     0.00    0.00    0.00    0.00    0.00    0.00   -0.32    0.66   -0.16    1.20   -3.55    4.06
G-C     0.00    0.00    0.00    0.00    0.00    0.00    0.98    0.21    0.13    7.44    0.07   -1.06
A-T     0.00    0.00    0.00    0.00    0.00    0.00   -1.12    1.10   -0.09   -8.65   -7.01    8.18
G-C     0.00    0.00    0.00    0.00    0.00    0.00    1.15    0.14   -0.20    0.44   -9.34    0.43
C-G     0.00    0.00    0.00    0.00    0.00    0.00   -0.55    0.04    0.13    0.03   -5.13    0.45
A-T     0.00    0.00    0.00    0.00    0.00    0.00    1.10    0.34    0.11    4.23    1.57    2.00
G-C     0.00    0.00    0.00    0.00    0.00    0.00   -1.32   -0.41    0.38   -4.19    8.21    1.93
T-A     0.00    0.00    0.00    0.00    0.00    0.00   -0.92   -0.62   -0.15    0.00   11.26   -4.83
T-A     0.00    0.00    0.00    0.00    0.00    0.00   -0.55   -0.42   -0.10   -2.29   -2.04   -2.61
T-A     0.00    0.00    0.00    0.00    0.00    0.00    0.79   -0.08   -0.08    1.34    6.59   -0.39
C-G     0.00    0.00    0.00    0.00    0.00    0.00    1.30    0.78   -0.49    9.50   -0.93    1.16
C-G     0.00    0.00    0.00    0.00    0.00    0.00   -1.23    0.87    0.30   -9.85    4.17   -4.30
A-T     0.00    0.00    0.00    0.00    0.00    0.00    0.39    2.11   -0.10    8.14  -21.94   13.43
A-T     0.00    0.00    0.00    0.00    0.00    0.00    0.15   -0.50   -0.16   -2.50    2.56   -2.84
A-T     0.00    0.00    0.00    0.00    0.00    0.00   -0.64   -0.62    0.31    0.18    0.95    3.26
T-A     0.00    0.00    0.00    0.00    0.00    0.00   -0.36   -0.73   -0.22    0.65   -7.35   -3.89
A-T     0.00    0.00    0.00    0.00    0.00    0.00    0.29   -0.48   -0.12  -11.76    2.81    3.46
C-G     0.00    0.00    0.00    0.00    0.00    0.00   -0.06   -1.11   -0.27    3.32    1.00  -12.34
A-T     0.00    0.00    0.00    0.00    0.00    0.00    0.23   -0.49    0.52    5.61    9.51    6.38
C-G     0.00    0.00    0.00    0.00    0.00    0.00    0.68   -0.58    0.06   -1.43    5.59    0.57
T-A     0.00    0.00    0.00    0.00    0.00    0.00   -0.44   -0.34   -0.15    1.65    3.25   -1.02
T-A     0.00    0.00    0.00    0.00    0.00    0.00    0.02   -0.22    0.20   -5.45   -6.01   -0.65
T-A     0.00    0.00    0.00    0.00    0.00    0.00   -0.70   -0.43   -0.33    3.00   -0.91   -1.04
T-A     0.00    0.00    0.00    0.00    0.00    0.00   -0.44    0.15    0.24   -2.42   -8.34    6.14
G-C     0.00    0.00    0.00    0.00    0.00    0.00    0.02    2.32   -0.05    1.83   -5.97    6.15
G-C     0.00    0.00    0.00    0.00    0.00    0.00   -0.53    0.04   -0.65  -12.54    0.08   -8.75
T-A     0.00    0.00    0.00    0.00    0.00    0.00    0.61   -0.59   -0.09    4.34    4.95   -3.57
A-T     0.00    0.00    0.00    0.00    0.00    0.00   -0.71    0.05    0.30    3.50   12.65    0.40
G-C     0.00    0.00    0.00    0.00    0.00    0.00    0.32   -0.09   -0.03    0.77    8.57   -5.00
A-T     0.00    0.00    0.00    0.00    0.00    0.00   -0.42   -1.04   -0.24   -4.95   12.33  -10.55
A-T     0.00    0.00    0.00    0.00    0.00    0.00    1.00   -0.62   -0.26   -7.18    0.08    2.10
T-A     0.00    0.00    0.00    0.00    0.00    0.00   -0.48   -1.23    0.00    0.11  -12.42   -4.86
C-G     0.00    0.00    0.00    0.00    0.00    0.00    0.38   -0.76    0.16    3.87   -5.35    5.98
T-A     0.00    0.00    0.00    0.00    0.00    0.00   -0.91   -0.57    0.11   -5.58    3.13   -2.81
G-C     0.00    0.00    0.00    0.00    0.00    0.00   -0.35    2.13   -0.37    2.08  -19.41   11.01
C-G     0.00    0.00    0.00    0.00    0.00    0.00    0.32    0.37   -0.28    4.38    4.08   -4.17
A-T     0.00    0.00    0.00    0.00    0.00    0.00    0.25    2.39    0.15    1.69   -6.77   10.24
G-C     0.00    0.00    0.00    0.00    0.00    0.00    0.35    0.67   -0.49   -5.66    6.37   -6.45
G-C     0.00    0.00    0.00    0.00    0.00    0.00   -0.43   -0.58    0.27    0.08   15.19   -2.73
T-A     0.00    0.00    0.00    0.00    0.00    0.00   -0.60   -0.71    0.00   -1.84    3.93   -1.81
G-C     0.00    0.00    0.00    0.00    0.00    0.00    0.09   -0.18    0.14    1.94    7.28   -1.23
G-C     0.00    0.00    0.00    0.00    0.00    0.00    0.67    0.18   -0.18    0.09    3.84   -6.20
A-T     0.00    0.00    0.00    0.00    0.00    0.00   -0.53   -0.57   -0.15   -3.77    1.01    4.44
T-A     0.00    0.00    0.00    0.00    0.00    0.00   -0.16   -0.96   -0.05   -0.64   -5.33   -4.81
A-T     0.00    0.00    0.00    0.00    0.00    0.00   -0.21   -0.16    0.42    2.12   -4.20    7.04
T-A     0.00    0.00    0.00    0.00    0.00    0.00   -0.54   -0.87   -0.29   -5.43   -6.26   -3.94
T-A     0.00    0.00    0.00    0.00    0.00    0.00    0.68   -0.08    0.00    3.88   -0.03    1.20
G-C     0.00    0.00    0.00    0.00    0.00    0.00   -0.16   -0.20    0.06    4.76    1.33    2.31
A-T     0.00    0.00    0.00    0.00    0.00    0.00   -0.10   -0.16   -0.05   -2.82    4.89   -5.00
T-A     0.00    0.00    0.00    0.00    0.00    0.00    0.80   -0.96   -0.16   -0.83   -2.54    1.68
