 146 base-pairs
   0  ***local base-pair & step parameters***
       Shear  Stretch  Stagger Buckle Prop-Tw Opening   Shift  Slide    Rise    Tilt    Roll   Twist
A-T     0.00    0.00    0.00    0.00    0.00    0.00    0.00    0.00    0.00    0.00    0.00    0.00
T-A     0.00    0.00    0.00    0.00    0.00    0.00   -1.15   -0.84    3.34   -3.81   -0.71   31.23
C-G     0.00    0.00    0.00    0.00    0.00    0.00    0.92   -0.16    2.94    4.90    3.27   36.66
A-T     0.00    0.00    0.00    0.00    0.00    0.00   -0.30    0.66    3.54   -4.53    4.05   35.21
A-T     0.00    0.00    0.00    0.00    0.00    0.00   -0.58    0.09    3.27   -4.43   -0.01   38.34
T-A     0.00    0.00    0.00    0.00    0.00    0.00    0.43   -0.82    3.02    7.13   -2.52   32.96
A-T     0.00    0.00    0.00    0.00    0.00    0.00   -0.07   -0.16    3.64   -5.22   -3.89   40.39
T-A     0.00    0.00    0.00    0.00    0.00    0.00   -0.20   -1.07    3.23    5.37   -2.86   33.88
C-G     0.00    0.00    0.00    0.00    0.00    0.00    1.02    0.10    3.39    0.89   -1.42   33.27
C-G     0.00    0.00    0.00    0.00    0.00    0.00   -0.33   -0.01    3.14   -1.33    9.18   27.16
A-T     0.00    0.00    0.00    0.00    0.00    0.00   -1.15    0.60    3.43   -1.12    5.50   32.40
C-G     0.00    0.00    0.00    0.00    0.00    0.00    0.48   -0.92    3.32   -0.71    5.61   33.77
C-G     0.00    0.00    0.00    0.00    0.00    0.00    0.59   -0.07    3.38    2.01   12.31   30.79
T-A     0.00    0.00    0.00    0.00    0.00    0.00   -1.07    0.37    3.52   -5.86    7.41   32.09
G-C     0.00    0.00    0.00    0.00    0.00    0.00    0.59    1.26    3.22    5.03   -6.63   40.23
C-G     0.00    0.00    0.00    0.00    0.00    0.00   -0.18    0.20    3.47   -6.46    5.51   38.16
A-T     0.00    0.00    0.00    0.00    0.00    0.00    0.10    1.75    3.00    3.68  -20.97   41.47
G-C     0.00    0.00    0.00    0.00    0.00    0.00    0.55    0.13    3.49    3.46    2.42   36.45
A-T     0.00    0.00    0.00    0.00    0.00    0.00    0.06   -0.84    3.22    1.20   -5.16   36.43
T-A     0.00    0.00    0.00    0.00    0.00    0.00    0.29    0.18    2.99    2.77   -4.51   36.77
T-A     0.00    0.00    0.00    0.00    0.00    0.00    0.03   -1.41    3.40    3.35    4.88   29.60
C-G     0.00    0.00    0.00    0.00    0.00    0.00   -0.37   -0.38    2.73    3.61   10.27   27.09
T-A     0.00    0.00    0.00    0.00    0.00    0.00   -0.26   -0.48    3.83    0.81   12.04   28.58
A-T     0.00    0.00    0.00    0.00    0.00    0.00    1.88    0.71    3.71    1.61   22.22   33.73
C-G     0.00    0.00    0.00    0.00    0.00    0.00   -1.29   -0.26    2.96  -12.75    3.55   30.72
C-G     0.00    0.00    0.00    0.00    0.00    0.00    0.53   -0.32    2.74   13.40    7.48   29.45
A-T     0.00    0.00    0.00    0.00    0.00    0.00   -0.11    2.57    3.20   -4.96  -15.55   41.83
A-T     0.00    0.00    0.00    0.00    0.00    0.00    0.46    0.34    3.64    3.62    2.54   38.76
A-T     0.00    0.00    0.00    0.00    0.00    0.00    0.47   -0.29    3.32   -1.62   -9.07   40.21
A-T     0.00    0.00    0.00    0.00    0.00    0.00   -0.12   -0.45    3.29   -2.36    2.76   31.73
G-C     0.00    0.00    0.00    0.00    0.00    0.00    0.17   -0.51    3.54    0.83   -1.36   36.75
T-A     0.00    0.00    0.00    0.00    0.00    0.00   -0.40   -0.72    2.99    4.42   -2.41   27.84
G-C     0.00    0.00    0.00    0.00    0.00    0.00    1.24    0.16    3.80    3.24   13.06   34.20
T-A     0.00    0.00    0.00    0.00    0.00    0.00   -1.36   -0.50    2.83   -2.29   15.94   24.03
A-T     0.00    0.00    0.00    0.00    0.00    0.00    0.27   -0.53    3.76   -4.33    1.22   42.53
T-A     0.00    0.00    0.00    0.00    0.00    0.00    0.43   -0.95    3.39    2.06    2.56   31.61
T-A     0.00    0.00    0.00    0.00    0.00    0.00    0.28   -0.21    3.00    3.69   -7.34   39.30
T-A     0.00    0.00    0.00    0.00    0.00    0.00    0.01   -0.28    3.53   -6.42    5.02   31.75
G-C     0.00    0.00    0.00    0.00    0.00    0.00   -0.81    2.33    3.16    1.65  -20.63   47.58
G-C     0.00    0.00    0.00    0.00    0.00    0.00    1.07    1.03    3.43    6.81    6.45   29.66
A-T     0.00    0.00    0.00    0.00    0.00    0.00   -1.30    0.93    3.05  -11.86    1.57   36.84
A-T     0.00    0.00    0.00    0.00    0.00    0.00    0.40   -0.31    3.24   -1.24    5.02   33.86
A-T     0.00    0.00    0.00    0.00    0.00    0.00   -0.18   -0.18    3.60   -2.34   15.23   31.58
C-G     0.00    0.00    0.00    0.00    0.00    0.00    0.24   -0.47    2.95    3.61   -2.09   33.14
T-A     0.00    0.00    0.00    0.00    0.00    0.00    1.16   -0.22    3.32    1.09   12.46   33.21
G-C     0.00    0.00    0.00    0.00    0.00    0.00   -1.54    0.32    3.67   -6.22   10.28   36.70
C-G     0.00    0.00    0.00    0.00    0.00    0.00    0.47    0.95    3.62   -0.48  -12.35   46.52
T-A     0.00    0.00    0.00    0.00    0.00    0.00   -1.33   -0.18    2.81   -0.60   -1.67   31.03
C-G     0.00    0.00    0.00    0.00    0.00    0.00    1.61    1.70    3.24    7.45  -11.33   42.73
C-G     0.00    0.00    0.00    0.00    0.00    0.00   -1.04    0.39    3.48   -5.04    5.31   35.92
A-T     0.00    0.00    0.00    0.00    0.00    0.00    0.39    1.02    3.39   -4.60   -4.87   41.33
T-A     0.00    0.00    0.00    0.00    0.00    0.00    0.68   -0.43    2.92    6.26    0.04   29.12
C-G     0.00    0.00    0.00    0.00    0.00    0.00    0.31   -0.10    3.50    3.78    9.62   33.04
A-T     0.00    0.00    0.00    0.00    0.00    0.00   -0.34    0.41    4.12    4.21   18.50   34.78
A-T     0.00    0.00    0.00    0.00    0.00    0.00    0.55    0.69    3.02   -3.78    6.72   43.02
A-T     0.00    0.00    0.00    0.00    0.00    0.00   -0.85    0.52    2.99   -4.30   -4.74   35.44
A-T     0.00    0.00    0.00    0.00    0.00    0.00   -0.11   -0.83    3.49   -3.71    0.36   35.40
G-C     0.00    0.00    0.00    0.00    0.00    0.00   -0.21    1.08    3.62   -2.26   -6.12   40.69
G-C     0.00    0.00    0.00    0.00    0.00    0.00   -0.85    0.18    3.16   -6.10  -28.39   30.80
C-G     0.00    0.00    0.00    0.00    0.00    0.00    1.47    0.04    4.53    0.56  -19.92   38.66
A-T     0.00    0.00    0.00    0.00    0.00    0.00   -0.11    0.86    3.24   15.01    8.04   42.61
T-A     0.00    0.00    0.00    0.00    0.00    0.00    0.40   -0.58    3.33   -2.95   17.13   22.04
G-C     0.00    0.00    0.00    0.00    0.00    0.00   -0.02    1.25    4.10   -0.78    8.82   41.09
T-A     0.00    0.00    0.00    0.00    0.00    0.00   -0.79   -0.76    3.40   -1.98    8.16   26.88
T-A     0.00    0.00    0.00    0.00    0.00    0.00    0.30    0.03    3.01    3.62    3.58   32.08
C-G     0.00    0.00    0.00    0.00    0.00    0.00    0.80    0.57    3.27    3.75    7.56   36.62
A-T     0.00    0.00    0.00    0.00    0.00    0.00   -0.80    1.48    3.68   -2.88   -5.90   44.57
G-C     0.00    0.00    0.00    0.00    0.00    0.00    0.66    0.93    3.55    4.60   -2.03   32.07
C-G     0.00    0.00    0.00    0.00    0.00    0.00   -0.54    0.61    3.31   -6.66   -5.08   40.96
T-A     0.00    0.00    0.00    0.00    0.00    0.00    0.00    0.84    3.32    3.64   -1.88   36.19
G-C     0.00    0.00    0.00    0.00    0.00    0.00    0.88    1.08    3.18   -0.04    3.05   34.53
A-T     0.00    0.00    0.00    0.00    0.00    0.00   -0.80    0.06    3.36   -6.70    6.54   34.17
A-T     0.00    0.00    0.00    0.00    0.00    0.00   -0.15   -0.28    3.20    2.03    3.83   33.73
T-A     0.00    0.00    0.00    0.00    0.00    0.00    0.20   -0.69    3.38   -0.48    7.94   29.20
T-A     0.00    0.00    0.00    0.00    0.00    0.00   -0.08   -0.28    3.18    3.95    7.84   33.84
C-G     0.00    0.00    0.00    0.00    0.00    0.00    0.07    0.29    3.23    2.26    5.94   30.24
A-T     0.00    0.00    0.00    0.00    0.00    0.00   -0.60    1.89    3.38   -0.73   -0.12   42.36
G-C     0.00    0.00    0.00    0.00    0.00    0.00    1.03    0.81    3.29   -0.83   -3.48   36.19
C-G     0.00    0.00    0.00    0.00    0.00    0.00   -1.03    1.11    3.36   -2.61   -6.54   38.42
T-A     0.00    0.00    0.00    0.00    0.00    0.00    1.30    1.50    3.72    3.90   -4.32   43.54
G-C     0.00    0.00    0.00    0.00    0.00    0.00   -0.71    0.90    2.93   -2.73    6.88   33.70
A-T     0.00    0.00    0.00    0.00    0.00    0.00   -0.39    0.19    3.34   -1.76    5.58   33.44
A-T     0.00    0.00    0.00    0.00    0.00    0.00    0.37    0.11    3.32    2.18   10.15   33.73
C-G     0.00    0.00    0.00    0.00    0.00    0.00    0.23   -0.58    3.30   -0.15    5.75   30.35
A-T     0.00    0.00    0.00    0.00    0.00    0.00   -0.47    0.48    3.69    0.02   11.89   35.24
T-A     0.00    0.00    0.00    0.00    0.00    0.00    0.20   -0.57    3.13    0.83    0.09   27.75
G-C     0.00    0.00    0.00    0.00    0.00    0.00    0.87    0.32    3.45   -0.91    8.73   35.86
C-G     0.00    0.00    0.00    0.00    0.00    0.00   -1.58    0.37    3.36   -2.56  -14.97   37.61
C-G     0.00    0.00    0.00    0.00    0.00    0.00    0.53    1.45    4.06    1.24   -8.24   45.76
T-A     0.00    0.00    0.00    0.00    0.00    0.00   -0.32    1.38    3.39    1.29   -9.72   41.26
T-A     0.00    0.00    0.00    0.00    0.00    0.00    0.27    0.09    2.95   -3.78    3.91   31.20
T-A     0.00    0.00    0.00    0.00    0.00    0.00    0.27   -0.04    3.29    1.40    8.62   31.21
T-A     0.00    0.00    0.00    0.00    0.00    0.00   -0.16    0.32    3.50    1.66   12.81   33.10
G-C     0.00    0.00    0.00    0.00    0.00    0.00    0.01   -1.08    3.83    5.27   19.36   23.63
A-T     0.00    0.00    0.00    0.00    0.00    0.00    0.13    0.02    2.89   -8.62    8.00   32.06
T-A     0.00    0.00    0.00    0.00    0.00    0.00   -0.19   -0.69    3.24   -1.95    3.50   25.69
G-C     0.00    0.00    0.00    0.00    0.00    0.00   -0.27    0.92    3.13    1.50   -1.49   39.01
G-C     0.00    0.00    0.00    0.00    0.00    0.00    1.04    0.47    3.42    7.78    2.36   33.91
A-T     0.00    0.00    0.00    0.00    0.00    0.00   -1.05    1.35    3.20   -8.33   -4.52   43.16
G-C     0.00    0.00    0.00    0.00    0.00    0.00    1.22    0.38    3.09    0.70   -6.68   35.41
C-G     0.00    0.00    0.00    0.00    0.00    0.00   -0.49    0.26    3.43    0.19   -2.36   35.41
A-T     0.00    0.00    0.00    0.00    0.00    0.00    1.15    0.53    3.42    4.26    4.39   36.93
G-C     0.00    0.00    0.00    0.00    0.00    0.00   -1.29   -0.24    3.69   -4.31   11.01   36.82
T-A     0.00    0.00    0.00    0.00    0.00    0.00   -0.91   -0.48    3.17   -0.27   13.97   30.02
T-A     0.00    0.00    0.00    0.00    0.00    0.00   -0.56   -0.30    3.23   -2.70    0.53   32.19
T-A     0.00    0.00    0.00    0.00    0.00    0.00    0.76    0.02    3.26    0.81    8.97   34.37
C-G     0.00    0.00    0.00    0.00    0.00    0.00    1.26    0.87    2.86    8.88    1.23   35.88
C-G     0.00    0.00    0.00    0.00    0.00    0.00   -1.29    0.95    3.65  -10.52    6.10   30.40
A-T     0.00    0.00    0.00    0.00    0.00    0.00    0.32    2.20    3.25    7.47  -20.22   48.11
A-T     0.00    0.00    0.00    0.00    0.00    0.00    0.08   -0.40    3.19   -3.13    4.10   31.84
A-T     0.00    0.00    0.00    0.00    0.00    0.00   -0.70   -0.51    3.65   -0.36    2.35   37.95
T-A     0.00    0.00    0.00    0.00    0.00    0.00   -0.41   -0.59    3.12    0.23   -6.02   30.83
A-T     0.00    0.00    0.00    0.00    0.00    0.00    0.25   -0.32    3.21  -12.04    4.14   38.21
C-G     0.00    0.00    0.00    0.00    0.00    0.00   -0.08   -0.92    3.05    3.19    2.39   22.46
A-T     0.00    0.00    0.00    0.00    0.00    0.00    0.23   -0.28    3.83    5.63   11.02   41.22
C-G     0.00    0.00    0.00    0.00    0.00    0.00    0.70   -0.34    3.36   -1.28    7.28   35.46
T-A     0.00    0.00    0.00    0.00    0.00    0.00   -0.40   -0.09    3.15    1.91    5.15   33.91
T-A     0.00    0.00    0.00    0.00    0.00    0.00    0.07    0.04    3.49   -5.13   -3.88   34.31
T-A     0.00    0.00    0.00    0.00    0.00    0.00   -0.64   -0.17    2.96    3.34    1.44   33.93
T-A     0.00    0.00    0.00    0.00    0.00    0.00   -0.37    0.40    3.53   -2.11   -5.80   41.12
G-C     0.00    0.00    0.00    0.00    0.00    0.00    0.08    2.55    3.24    2.07   -3.28   41.12
G-C     0.00    0.00    0.00    0.00    0.00    0.00   -0.47    0.25    2.65  -12.41    2.87   26.20
T-A     0.00    0.00    0.00    0.00    0.00    0.00    0.65   -0.40    3.22    4.33    7.77   31.35
A-T     0.00    0.00    0.00    0.00    0.00    0.00   -0.68    0.21    3.62    3.34   15.43   35.28
G-C     0.00    0.00    0.00    0.00    0.00    0.00    0.33    0.04    3.30    0.46   11.25   29.83
A-T     0.00    0.00    0.00    0.00    0.00    0.00   -0.43   -0.93    3.10   -5.40   14.85   24.24
A-T     0.00    0.00    0.00    0.00    0.00    0.00    0.97   -0.53    3.08   -7.74    2.40   36.85
T-A     0.00    0.00    0.00    0.00    0.00    0.00   -0.53   -1.15    3.35   -0.53  -10.32   29.85
C-G     0.00    0.00    0.00    0.00    0.00    0.00    0.32   -0.68    3.51    3.20   -3.48   40.67
T-A     0.00    0.00    0.00    0.00    0.00    0.00   -0.98   -0.48    3.46   -6.24    4.79   31.87
G-C     0.00    0.00    0.00    0.00    0.00    0.00   -0.42    2.23    2.98    1.47  -17.92   45.69
C-G     0.00    0.00    0.00    0.00    0.00    0.00    0.26    0.49    3.06    3.87    5.46   30.53
A-T     0.00    0.00    0.00    0.00    0.00    0.00    0.20    2.53    3.49    1.31   -5.45   44.97
G-C     0.00    0.00    0.00    0.00    0.00    0.00    0.32    0.84    2.84   -5.90    7.71   28.32
G-C     0.00    0.00    0.00    0.00    0.00    0.00   -0.44   -0.38    3.59    0.00   16.61   32.08
T-A     0.00    0.00    0.00    0.00    0.00    0.00   -0.59   -0.49    3.31   -1.78    5.49   33.04
G-C     0.00    0.00    0.00    0.00    0.00    0.00    0.12    0.06    3.44    2.13    9.03   33.67
G-C     0.00    0.00    0.00    0.00    0.00    0.00    0.71    0.43    3.11    0.37    5.80   28.74
A-T     0.00    0.00    0.00    0.00    0.00    0.00   -0.47   -0.31    3.14   -3.44    3.20   39.40
T-A     0.00    0.00    0.00    0.00    0.00    0.00   -0.10   -0.70    3.24   -0.31   -2.92   30.17
A-T     0.00    0.00    0.00    0.00    0.00    0.00   -0.14    0.08    3.71    2.41   -1.61   42.02
T-A     0.00    0.00    0.00    0.00    0.00    0.00   -0.48   -0.64    3.01   -5.22   -3.53   31.03
T-A     0.00    0.00    0.00    0.00    0.00    0.00    0.73    0.12    3.30    3.97    2.77   36.14
G-C     0.00    0.00    0.00    0.00    0.00    0.00   -0.12   -0.02    3.37    4.71    4.14   37.22
A-T     0.00    0.00    0.00    0.00    0.00    0.00   -0.08   -0.01    3.27   -3.02    7.65   29.87
T-A     0.00    0.00    0.00    0.00    0.00    0.00    0.80   -0.83    3.17   -1.18    0.10   36.50
