 146 base-pairs
   0  ***local base-pair & step parameters***
       Shear  Stretch  Stagger Buckle Prop-Tw Opening   Shift  Slide    Rise    Tilt    Roll   Twist
A-T     0.00    0.00    0.00    0.00    0.00    0.00    0.00    0.00    0.00    0.00    0.00    0.00
T-A     0.00    0.00    0.00    0.00    0.00    0.00   -1.13   -0.83    3.30   -3.70   -1.03   31.29
C-G     0.00    0.00    0.00    0.00    0.00    0.00    0.95   -0.12    2.90    5.08    3.11   36.79
A-T     0.00    0.00    0.00    0.00    0.00    0.00   -0.26    0.71    3.49   -4.33    4.08   35.41
A-T     0.00    0.00    0.00    0.00    0.00    0.00   -0.53    0.15    3.23   -4.23    0.20   38.60
T-A     0.00    0.00    0.00    0.00    0.00    0.00    0.48   -0.77    2.98    7.27   -2.14   33.26
A-T     0.00    0.00    0.00    0.00    0.00    0.00   -0.02   -0.13    3.60   -5.18   -3.40   40.72
T-A     0.00    0.00    0.00    0.00    0.00    0.00   -0.16   -1.05    3.20    5.29   -2.31   34.22
C-G     0.00    0.00    0.00    0.00    0.00    0.00    1.03    0.10    3.37    0.65   -0.87   33.61
C-G     0.00    0.00    0.00    0.00    0.00    0.00   -0.33   -0.03    3.13   -1.74    9.66   27.49
A-T     0.00    0.00    0.00    0.00    0.00    0.00   -1.17    0.56    3.43   -1.70    5.86   32.72
C-G     0.00    0.00    0.00    0.00    0.00    0.00    0.44   -0.98    3.33   -1.44    5.77   34.07
C-G     0.00    0.00    0.00    0.00    0.00    0.00    0.53   -0.14    3.40    1.15   12.25   31.07
T-A     0.00    0.00    0.00    0.00    0.00    0.00   -1.16    0.29    3.55   -6.80    7.10   32.36
G-C     0.00    0.00    0.00    0.00    0.00    0.00    0.49    1.18    3.25    4.06   -7.19   40.48
C-G     0.00    0.00    0.00    0.00    0.00    0.00   -0.29    0.14    3.50   -7.43    4.72   38.42
A-T     0.00    0.00    0.00    0.00    0.00    0.00   -0.01    1.70    3.04    2.78  -21.95   41.74
G-C     0.00    0.00    0.00    0.00    0.00    0.00    0.45    0.11    3.52    2.66    1.30   36.75
A-T     0.00    0.00    0.00    0.00    0.00    0.00   -0.03   -0.84    3.25    0.54   -6.34   36.76
T-A     0.00    0.00    0.00    0.00    0.00    0.00    0.22    0.22    3.01    2.26   -5.69   37.13
T-A     0.00    0.00    0.00    0.00    0.00    0.00   -0.03   -1.34    3.41    3.02    3.77   30.01
C-G     0.00    0.00    0.00    0.00    0.00    0.00   -0.40   -0.28    2.73    3.44    9.29   27.54
T-A     0.00    0.00    0.00    0.00    0.00    0.00   -0.28   -0.36    3.82    0.80   11.25   29.07
A-T     0.00    0.00    0.00    0.00    0.00    0.00    1.88    0.84    3.70    1.72   21.65   34.24
C-G     0.00    0.00    0.00    0.00    0.00    0.00   -1.26   -0.12    2.95  -12.55    3.21   31.24
C-G     0.00    0.00    0.00    0.00    0.00    0.00    0.56   -0.17    2.73   13.63    7.37   29.98
A-T     0.00    0.00    0.00    0.00    0.00    0.00   -0.07    2.71    3.19   -4.72  -15.45   42.33
A-T     0.00    0.00    0.00    0.00    0.00    0.00    0.49    0.46    3.63    3.81    2.79   39.23
A-T     0.00    0.00    0.00    0.00    0.00    0.00    0.49   -0.19    3.32   -1.51   -8.71   40.64
A-T     0.00    0.00    0.00    0.00    0.00    0.00   -0.10   -0.38    3.30   -2.35    3.16   32.09
G-C     0.00    0.00    0.00    0.00    0.00    0.00    0.17   -0.47    3.56    0.73   -0.99   37.04
T-A     0.00    0.00    0.00    0.00    0.00    0.00   -0.42   -0.70    3.02    4.21   -2.12   28.05
G-C     0.00    0.00    0.00    0.00    0.00    0.00    1.21    0.16    3.84    2.93   13.21   34.33
T-A     0.00    0.00    0.00    0.00    0.00    0.00   -1.41   -0.52    2.87   -2.66   15.91   24.09
A-T     0.00    0.00    0.00    0.00    0.00    0.00    0.21   -0.56    3.81   -4.73    1.00   42.52
T-A     0.00    0.00    0.00    0.00    0.00    0.00    0.37   -0.99    3.44    1.67    2.15   31.55
T-A     0.00    0.00    0.00    0.00    0.00    0.00    0.21   -0.24    3.05    3.37   -7.91   39.19
T-A     0.00    0.00    0.00    0.00    0.00    0.00   -0.06   -0.30    3.58   -6.64    4.33   31.61
G-C     0.00    0.00    0.00    0.00    0.00    0.00   -0.86    2.33    3.20    1.57  -21.38   47.41
G-C     0.00    0.00    0.00    0.00    0.00    0.00    1.03    1.05    3.46    6.90    5.70   29.50
A-T     0.00    0.00    0.00    0.00    0.00    0.00   -1.32    0.98    3.06  -11.59    0.89   36.67
A-T     0.00    0.00    0.00    0.00    0.00    0.00    0.41   -0.25    3.25   -0.79    4.47   33.70
A-T     0.00    0.00    0.00    0.00    0.00    0.00   -0.15   -0.09    3.60   -1.72   14.87   31.43
C-G     0.00    0.00    0.00    0.00    0.00    0.00    0.29   -0.38    2.94    4.37   -2.22   33.01
T-A     0.00    0.00    0.00    0.00    0.00    0.00    1.24   -0.12    3.30    1.96   12.59   33.07
G-C     0.00    0.00    0.00    0.00    0.00    0.00   -1.45    0.42    3.65   -5.29   10.67   36.56
C-G     0.00    0.00    0.00    0.00    0.00    0.00    0.57    1.04    3.60    0.46  -11.71   46.37
T-A     0.00    0.00    0.00    0.00    0.00    0.00   -1.23   -0.11    2.78    0.30   -0.83   30.85
C-G     0.00    0.00    0.00    0.00    0.00    0.00    1.70    1.75    3.22    8.27  -10.33   42.51
C-G     0.00    0.00    0.00    0.00    0.00    0.00   -0.95    0.41    3.46   -4.34    6.39   35.66
A-T     0.00    0.00    0.00    0.00    0.00    0.00    0.47    1.01    3.38   -4.04   -3.76   41.01
T-A     0.00    0.00    0.00    0.00    0.00    0.00    0.74   -0.47    2.92    6.66    1.10   28.74
C-G     0.00    0.00    0.00    0.00    0.00    0.00    0.35   -0.17    3.51    4.04   10.56   32.60
A-T     0.00    0.00    0.00    0.00    0.00    0.00   -0.32    0.31    4.13    4.33   19.28   34.29
A-T     0.00    0.00    0.00    0.00    0.00    0.00    0.55    0.58    3.04   -3.77    7.30   42.49
A-T     0.00    0.00    0.00    0.00    0.00    0.00   -0.87    0.39    3.01   -4.36   -4.38   34.88
A-T     0.00    0.00    0.00    0.00    0.00    0.00   -0.13   -0.96    3.51   -3.80    0.50   34.82
G-C     0.00    0.00    0.00    0.00    0.00    0.00   -0.24    0.96    3.64   -2.34   -6.16   40.11
G-C     0.00    0.00    0.00    0.00    0.00    0.00   -0.87    0.07    3.18   -6.12  -28.57   30.24
C-G     0.00    0.00    0.00    0.00    0.00    0.00    1.45   -0.05    4.53    0.62  -20.20   38.13
A-T     0.00    0.00    0.00    0.00    0.00    0.00   -0.12    0.80    3.23   15.18    7.73   42.13
T-A     0.00    0.00    0.00    0.00    0.00    0.00    0.41   -0.63    3.31   -2.66   16.86   21.62
G-C     0.00    0.00    0.00    0.00    0.00    0.00    0.01    1.23    4.07   -0.38    8.65   40.73
T-A     0.00    0.00    0.00    0.00    0.00    0.00   -0.74   -0.76    3.36   -1.47    8.14   26.59
T-A     0.00    0.00    0.00    0.00    0.00    0.00    0.37    0.05    2.97    4.20    3.74   31.86
C-G     0.00    0.00    0.00    0.00    0.00    0.00    0.87    0.60    3.22    4.36    7.93   36.45
A-T     0.00    0.00    0.00    0.00    0.00    0.00   -0.72    1.51    3.63   -2.28   -5.34   44.45
G-C     0.00    0.00    0.00    0.00    0.00    0.00    0.75    0.95    3.50    5.14   -1.30   31.99
C-G     0.00    0.00    0.00    0.00    0.00    0.00   -0.46    0.62    3.26   -6.23   -4.21   40.92
T-A     0.00    0.00    0.00    0.00    0.00    0.00    0.07    0.83    3.28    3.93   -0.94   36.16
G-C     0.00    0.00    0.00    0.00    0.00    0.00    0.94    1.04    3.15    0.08    4.00   34.51
A-T     0.00    0.00    0.00    0.00    0.00    0.00   -0.77    0.01    3.33   -6.77    7.43   34.14
A-T     0.00    0.00    0.00    0.00    0.00    0.00   -0.14   -0.36    3.18    1.77    4.59   33.69
T-A     0.00    0.00    0.00    0.00    0.00    0.00    0.19   -0.79    3.37   -0.92    8.52   29.16
T-A     0.00    0.00    0.00    0.00    0.00    0.00   -0.12   -0.39    3.18    3.35    8.18   33.80
C-G     0.00    0.00    0.00    0.00    0.00    0.00    0.01    0.17    3.24    1.54    6.02   30.19
A-T     0.00    0.00    0.00    0.00    0.00    0.00   -0.67    1.76    3.39   -1.52   -0.30   42.32
G-C     0.00    0.00    0.00    0.00    0.00    0.00    0.94    0.70    3.31   -1.65   -3.90   36.18
C-G     0.00    0.00    0.00    0.00    0.00    0.00   -1.12    1.01    3.38   -3.41   -7.18   38.44
T-A     0.00    0.00    0.00    0.00    0.00    0.00    1.22    1.43    3.73    3.16   -5.13   43.61
G-C     0.00    0.00    0.00    0.00    0.00    0.00   -0.79    0.85    2.94   -3.37    5.96   33.83
A-T     0.00    0.00    0.00    0.00    0.00    0.00   -0.46    0.17    3.34   -2.28    4.63   33.64
A-T     0.00    0.00    0.00    0.00    0.00    0.00    0.32    0.12    3.31    1.80    9.23   34.00
C-G     0.00    0.00    0.00    0.00    0.00    0.00    0.20   -0.53    3.29   -0.40    4.93   30.69
A-T     0.00    0.00    0.00    0.00    0.00    0.00   -0.48    0.55    3.67   -0.11   11.21   35.65
T-A     0.00    0.00    0.00    0.00    0.00    0.00    0.20   -0.48    3.10    0.79   -0.40   28.22
G-C     0.00    0.00    0.00    0.00    0.00    0.00    0.88    0.42    3.42   -0.89    8.44   36.38
C-G     0.00    0.00    0.00    0.00    0.00    0.00   -1.56    0.48    3.33   -2.52  -15.07   38.16
C-G     0.00    0.00    0.00    0.00    0.00    0.00    0.56    1.55    4.03    1.24   -8.17   46.32
T-A     0.00    0.00    0.00    0.00    0.00    0.00   -0.30    1.47    3.37    1.23   -9.51   41.82
T-A     0.00    0.00    0.00    0.00    0.00    0.00    0.29    0.16    2.94   -3.94    4.19   31.75
T-A     0.00    0.00    0.00    0.00    0.00    0.00    0.27    0.01    3.29    1.12    8.92   31.73
T-A     0.00    0.00    0.00    0.00    0.00    0.00   -0.18    0.35    3.51    1.24   13.06   33.58
G-C     0.00    0.00    0.00    0.00    0.00    0.00   -0.03   -1.08    3.85    4.72   19.50   24.06
A-T     0.00    0.00    0.00    0.00    0.00    0.00    0.07    0.01    2.92   -9.28    7.97   32.44
T-A     0.00    0.00    0.00    0.00    0.00    0.00   -0.26   -0.72    3.27   -2.70    3.28   26.02
G-C     0.00    0.00    0.00    0.00    0.00    0.00   -0.35    0.88    3.18    0.71   -1.93   39.29
G-C     0.00    0.00    0.00    0.00    0.00    0.00    0.95    0.44    3.47    6.98    1.70   34.15
A-T     0.00    0.00    0.00    0.00    0.00    0.00   -1.15    1.33    3.25   -9.07   -5.36   43.38
G-C     0.00    0.00    0.00    0.00    0.00    0.00    1.12    0.37    3.14    0.05   -7.68   35.60
C-G     0.00    0.00    0.00    0.00    0.00    0.00   -0.58    0.27    3.47   -0.32   -3.45   35.60
A-T     0.00    0.00    0.00    0.00    0.00    0.00    1.08    0.57    3.45    3.92    3.28   37.12
G-C     0.00    0.00    0.00    0.00    0.00    0.00   -1.34   -0.18    3.72   -4.46    9.94   37.02
T-A     0.00    0.00    0.00    0.00    0.00    0.00   -0.94   -0.39    3.19   -0.23   13.02   30.23
T-A     0.00    0.00    0.00    0.00    0.00    0.00   -0.56   -0.19    3.24   -2.48   -0.25   32.42
T-A     0.00    0.00    0.00    0.00    0.00    0.00    0.78    0.15    3.26    1.19    8.41   34.61
C-G     0.00    0.00    0.00    0.00    0.00    0.00    1.29    1.01    2.85    9.39    0.93   36.12
C-G     0.00    0.00    0.00    0.00    0.00    0.00   -1.23    1.09    3.64   -9.92    6.06   30.63
A-T     0.00    0.00    0.00    0.00    0.00    0.00    0.39    2.33    3.24    8.11  -20.01   48.32
A-T     0.00    0.00    0.00    0.00    0.00    0.00    0.15   -0.28    3.18   -2.49    4.53   32.01
A-T     0.00    0.00    0.00    0.00    0.00    0.00   -0.63   -0.40    3.65    0.23    2.96   38.07
T-A     0.00    0.00    0.00    0.00    0.00    0.00   -0.35   -0.52    3.12    0.73   -5.30   30.89
A-T     0.00    0.00    0.00    0.00    0.00    0.00    0.30   -0.27    3.22  -11.64    4.90   38.20
C-G     0.00    0.00    0.00    0.00    0.00    0.00   -0.04   -0.91    3.06    3.47    3.12   22.36
A-T     0.00    0.00    0.00    0.00    0.00    0.00    0.25   -0.29    3.85    5.79   11.67   41.05
C-G     0.00    0.00    0.00    0.00    0.00    0.00    0.70   -0.39    3.39   -1.23    7.79   35.20
T-A     0.00    0.00    0.00    0.00    0.00    0.00   -0.42   -0.15    3.18    1.88    5.49   33.58
T-A     0.00    0.00    0.00    0.00    0.00    0.00    0.05   -0.04    3.53   -5.20   -3.73   33.92
T-A     0.00    0.00    0.00    0.00    0.00    0.00   -0.67   -0.25    3.00    3.26    1.40   33.50
T-A     0.00    0.00    0.00    0.00    0.00    0.00   -0.41    0.32    3.56   -2.14   -6.00   40.65
G-C     0.00    0.00    0.00    0.00    0.00    0.00    0.05    2.49    3.27    2.12   -3.60   40.64
G-C     0.00    0.00    0.00    0.00    0.00    0.00   -0.49    0.20    2.67  -12.24    2.48   25.72
T-A     0.00    0.00    0.00    0.00    0.00    0.00    0.65   -0.43    3.23    4.64    7.38   30.88
A-T     0.00    0.00    0.00    0.00    0.00    0.00   -0.67    0.20    3.62    3.80   15.10   34.83
G-C     0.00    0.00    0.00    0.00    0.00    0.00    0.36    0.06    3.29    1.07   11.04   29.42
A-T     0.00    0.00    0.00    0.00    0.00    0.00   -0.38   -0.90    3.07   -4.66   14.82   23.86
A-T     0.00    0.00    0.00    0.00    0.00    0.00    1.04   -0.48    3.05   -6.90    2.58   36.50
T-A     0.00    0.00    0.00    0.00    0.00    0.00   -0.44   -1.09    3.31    0.38   -9.91   29.54
C-G     0.00    0.00    0.00    0.00    0.00    0.00    0.42   -0.63    3.47    4.12   -2.83   40.38
T-A     0.00    0.00    0.00    0.00    0.00    0.00   -0.87   -0.44    3.42   -5.35    5.66   31.59
G-C     0.00    0.00    0.00    0.00    0.00    0.00   -0.31    2.25    2.94    2.29  -16.88   45.41
C-G     0.00    0.00    0.00    0.00    0.00    0.00    0.36    0.49    3.03    4.56    6.60   30.24
A-T     0.00    0.00    0.00    0.00    0.00    0.00    0.29    2.51    3.45    1.84   -4.25   44.67
G-C     0.00    0.00    0.00    0.00    0.00    0.00    0.38    0.79    2.81   -5.54    8.88   27.99
G-C     0.00    0.00    0.00    0.00    0.00    0.00   -0.40   -0.47    3.57    0.17   17.69   31.73
T-A     0.00    0.00    0.00    0.00    0.00    0.00   -0.57   -0.60    3.30   -1.78    6.41   32.67
G-C     0.00    0.00    0.00    0.00    0.00    0.00    0.12   -0.07    3.44    1.96    9.74   33.27
G-C     0.00    0.00    0.00    0.00    0.00    0.00    0.69    0.29    3.12    0.07    6.28   28.33
A-T     0.00    0.00    0.00    0.00    0.00    0.00   -0.51   -0.46    3.15   -3.83    3.42   39.00
T-A     0.00    0.00    0.00    0.00    0.00    0.00   -0.14   -0.85    3.25   -0.74   -2.94   29.78
A-T     0.00    0.00    0.00    0.00    0.00    0.00   -0.19   -0.05    3.72    1.98   -1.84   41.66
T-A     0.00    0.00    0.00    0.00    0.00    0.00   -0.53   -0.76    3.01   -5.61   -3.93   30.71
T-A     0.00    0.00    0.00    0.00    0.00    0.00    0.69    0.03    3.30    3.66    2.26   35.89
G-C     0.00    0.00    0.00    0.00    0.00    0.00   -0.15   -0.08    3.36    4.50    3.59   37.04
A-T     0.00    0.00    0.00    0.00    0.00    0.00   -0.10   -0.04    3.25   -3.12    7.11   29.76
T-A     0.00    0.00    0.00    0.00    0.00    0.00    0.80   -0.84    3.14   -1.17   -0.36   36.48
