 146 base-pairs
   0  ***local base-pair & step parameters***
       Shear  Stretch  Stagger Buckle Prop-Tw Opening   Shift  Slide    Rise    Tilt    Roll   Twist
A-T     0.00    0.00    0.00    0.00    0.00    0.00    0.00    0.00    0.00    0.00    0.00    0.00
T-A     0.00    0.00    0.00    0.00    0.00    0.00   -1.13   -0.53    3.38   -3.41   -1.27   31.84
C-G     0.00    0.00    0.00    0.00    0.00    0.00    0.96    0.17    2.98    5.38    2.94   37.29
A-T     0.00    0.00    0.00    0.00    0.00    0.00   -0.25    1.00    3.57   -4.00    3.98   35.86
A-T     0.00    0.00    0.00    0.00    0.00    0.00   -0.53    0.43    3.30   -3.89    0.17   38.99
T-A     0.00    0.00    0.00    0.00    0.00    0.00    0.49   -0.49    3.04    7.63   -2.11   33.60
A-T     0.00    0.00    0.00    0.00    0.00    0.00   -0.01    0.14    3.66   -4.81   -3.30   41.00
T-A     0.00    0.00    0.00    0.00    0.00    0.00   -0.15   -0.79    3.26    5.66   -2.14   34.45
C-G     0.00    0.00    0.00    0.00    0.00    0.00    1.05    0.36    3.43    1.03   -0.63   33.78
C-G     0.00    0.00    0.00    0.00    0.00    0.00   -0.32    0.21    3.19   -1.36    9.96   27.61
A-T     0.00    0.00    0.00    0.00    0.00    0.00   -1.16    0.80    3.49   -1.32    6.22   32.79
C-G     0.00    0.00    0.00    0.00    0.00    0.00    0.45   -0.75    3.37   -1.06    6.20   34.08
C-G     0.00    0.00    0.00    0.00    0.00    0.00    0.54    0.08    3.44    1.52   12.72   31.04
T-A     0.00    0.00    0.00    0.00    0.00    0.00   -1.15    0.50    3.59   -6.44    7.63   32.28
G-C     0.00    0.00    0.00    0.00    0.00    0.00    0.50    1.38    3.29    4.40   -6.60   40.37
C-G     0.00    0.00    0.00    0.00    0.00    0.00   -0.28    0.33    3.53   -7.10    5.36   38.26
A-T     0.00    0.00    0.00    0.00    0.00    0.00    0.00    1.88    3.06    3.08  -21.27   41.54
G-C     0.00    0.00    0.00    0.00    0.00    0.00    0.46    0.27    3.54    2.94    2.02   36.51
A-T     0.00    0.00    0.00    0.00    0.00    0.00   -0.03   -0.68    3.27    0.79   -5.58   36.50
T-A     0.00    0.00    0.00    0.00    0.00    0.00    0.22    0.36    3.02    2.49   -4.89   36.84
T-A     0.00    0.00    0.00    0.00    0.00    0.00   -0.03   -1.21    3.42    3.22    4.59   29.69
C-G     0.00    0.00    0.00    0.00    0.00    0.00   -0.40   -0.17    2.74    3.60   10.15   27.19
T-A     0.00    0.00    0.00    0.00    0.00    0.00   -0.28   -0.26    3.83    0.92   12.12   28.70
A-T     0.00    0.00    0.00    0.00    0.00    0.00    1.88    0.94    3.69    1.80   22.54   33.85
C-G     0.00    0.00    0.00    0.00    0.00    0.00   -1.28   -0.03    2.94  -12.51    4.11   30.84
C-G     0.00    0.00    0.00    0.00    0.00    0.00    0.54   -0.10    2.72   13.63    8.28   29.57
A-T     0.00    0.00    0.00    0.00    0.00    0.00   -0.09    2.77    3.18   -4.78  -14.53   41.92
A-T     0.00    0.00    0.00    0.00    0.00    0.00    0.47    0.51    3.61    3.71    3.71   38.81
A-T     0.00    0.00    0.00    0.00    0.00    0.00    0.47   -0.15    3.30   -1.65   -7.80   40.21
A-T     0.00    0.00    0.00    0.00    0.00    0.00   -0.13   -0.35    3.28   -2.54    4.07   31.66
G-C     0.00    0.00    0.00    0.00    0.00    0.00    0.14   -0.45    3.54    0.49   -0.09   36.61
T-A     0.00    0.00    0.00    0.00    0.00    0.00   -0.45   -0.69    2.99    3.92   -1.24   27.62
G-C     0.00    0.00    0.00    0.00    0.00    0.00    1.17    0.16    3.81    2.59   14.08   33.92
T-A     0.00    0.00    0.00    0.00    0.00    0.00   -1.45   -0.53    2.84   -3.04   16.76   23.68
A-T     0.00    0.00    0.00    0.00    0.00    0.00    0.16   -0.58    3.77   -5.16    1.83   42.12
T-A     0.00    0.00    0.00    0.00    0.00    0.00    0.31   -1.01    3.40    1.19    2.95   31.16
T-A     0.00    0.00    0.00    0.00    0.00    0.00    0.15   -0.28    3.01    2.85   -7.14   38.81
T-A     0.00    0.00    0.00    0.00    0.00    0.00   -0.12   -0.35    3.54   -7.20    5.07   31.25
G-C     0.00    0.00    0.00    0.00    0.00    0.00   -0.93    2.28    3.15    0.97  -20.67   47.06
G-C     0.00    0.00    0.00    0.00    0.00    0.00    0.96    0.99    3.41    6.26    6.37   29.16
A-T     0.00    0.00    0.00    0.00    0.00    0.00   -1.39    0.91    3.02  -12.26    1.53   36.35
A-T     0.00    0.00    0.00    0.00    0.00    0.00    0.33   -0.32    3.21   -1.49    5.08   33.40
A-T     0.00    0.00    0.00    0.00    0.00    0.00   -0.23   -0.17    3.55   -2.45   15.44   31.13
C-G     0.00    0.00    0.00    0.00    0.00    0.00    0.22   -0.46    2.89    3.62   -1.69   32.72
T-A     0.00    0.00    0.00    0.00    0.00    0.00    1.16   -0.21    3.25    1.18   13.08   32.81
G-C     0.00    0.00    0.00    0.00    0.00    0.00   -1.53    0.33    3.60   -6.09   11.13   36.31
C-G     0.00    0.00    0.00    0.00    0.00    0.00    0.49    0.94    3.55   -0.35  -11.29   46.12
T-A     0.00    0.00    0.00    0.00    0.00    0.00   -1.31   -0.21    2.73   -0.52   -0.45   30.61
C-G     0.00    0.00    0.00    0.00    0.00    0.00    1.62    1.64    3.17    7.45   -9.98   42.28
C-G     0.00    0.00    0.00    0.00    0.00    0.00   -1.04    0.30    3.41   -5.17    6.71   35.44
A-T     0.00    0.00    0.00    0.00    0.00    0.00    0.38    0.89    3.33   -4.86   -3.48   40.79
T-A     0.00    0.00    0.00    0.00    0.00    0.00    0.65   -0.59    2.87    5.84    1.35   28.53
C-G     0.00    0.00    0.00    0.00    0.00    0.00    0.26   -0.30    3.46    3.23   10.78   32.39
A-T     0.00    0.00    0.00    0.00    0.00    0.00   -0.41    0.18    4.08    3.54   19.47   34.08
A-T     0.00    0.00    0.00    0.00    0.00    0.00    0.47    0.45    2.99   -4.55    7.47   42.27
A-T     0.00    0.00    0.00    0.00    0.00    0.00   -0.95    0.26    2.96   -5.11   -4.24   34.66
A-T     0.00    0.00    0.00    0.00    0.00    0.00   -0.21   -1.10    3.46   -4.52    0.63   34.59
G-C     0.00    0.00    0.00    0.00    0.00    0.00   -0.32    0.81    3.59   -3.03   -6.06   39.88
G-C     0.00    0.00    0.00    0.00    0.00    0.00   -0.95   -0.07    3.13   -6.78  -28.49   29.99
C-G     0.00    0.00    0.00    0.00    0.00    0.00    1.38   -0.20    4.49    0.00  -20.13   37.87
A-T     0.00    0.00    0.00    0.00    0.00    0.00   -0.18    0.64    3.19   14.60    7.80   41.86
T-A     0.00    0.00    0.00    0.00    0.00    0.00    0.35   -0.78    3.27   -3.20   16.91   21.33
G-C     0.00    0.00    0.00    0.00    0.00    0.00   -0.05    1.07    4.03   -0.86    8.69   40.42
T-A     0.00    0.00    0.00    0.00    0.00    0.00   -0.80   -0.92    3.32   -1.91    8.18   26.27
T-A     0.00    0.00    0.00    0.00    0.00    0.00    0.32   -0.12    2.93    3.81    3.78   31.51
C-G     0.00    0.00    0.00    0.00    0.00    0.00    0.83    0.43    3.18    4.02    7.96   36.09
A-T     0.00    0.00    0.00    0.00    0.00    0.00   -0.76    1.33    3.59   -2.56   -5.30   44.06
G-C     0.00    0.00    0.00    0.00    0.00    0.00    0.71    0.77    3.46    4.91   -1.25   31.58
C-G     0.00    0.00    0.00    0.00    0.00    0.00   -0.49    0.44    3.22   -6.40   -4.16   40.48
T-A     0.00    0.00    0.00    0.00    0.00    0.00    0.05    0.65    3.24    3.81   -0.89   35.70
G-C     0.00    0.00    0.00    0.00    0.00    0.00    0.92    0.85    3.11    0.02    4.07   34.02
A-T     0.00    0.00    0.00    0.00    0.00    0.00   -0.78   -0.19    3.29   -6.78    7.50   33.63
A-T     0.00    0.00    0.00    0.00    0.00    0.00   -0.15   -0.56    3.14    1.82    4.67   33.16
T-A     0.00    0.00    0.00    0.00    0.00    0.00    0.19   -0.99    3.33   -0.82    8.61   28.60
T-A     0.00    0.00    0.00    0.00    0.00    0.00   -0.11   -0.60    3.14    3.51    8.28   33.22
C-G     0.00    0.00    0.00    0.00    0.00    0.00    0.02   -0.04    3.20    1.74    6.13   29.60
A-T     0.00    0.00    0.00    0.00    0.00    0.00   -0.66    1.55    3.35   -1.27   -0.17   41.70
G-C     0.00    0.00    0.00    0.00    0.00    0.00    0.97    0.48    3.27   -1.35   -3.77   35.54
C-G     0.00    0.00    0.00    0.00    0.00    0.00   -1.09    0.80    3.34   -3.07   -7.04   37.79
T-A     0.00    0.00    0.00    0.00    0.00    0.00    1.25    1.21    3.69    3.55   -4.98   42.94
G-C     0.00    0.00    0.00    0.00    0.00    0.00   -0.75    0.63    2.90   -2.95    6.12   33.16
A-T     0.00    0.00    0.00    0.00    0.00    0.00   -0.41   -0.06    3.30   -1.82    4.79   32.96
A-T     0.00    0.00    0.00    0.00    0.00    0.00    0.37   -0.10    3.27    2.30    9.40   33.31
C-G     0.00    0.00    0.00    0.00    0.00    0.00    0.25   -0.76    3.25    0.12    5.10   30.00
A-T     0.00    0.00    0.00    0.00    0.00    0.00   -0.43    0.33    3.63    0.44   11.38   34.96
T-A     0.00    0.00    0.00    0.00    0.00    0.00    0.26   -0.71    3.06    1.36   -0.23   27.53
G-C     0.00    0.00    0.00    0.00    0.00    0.00    0.95    0.20    3.38   -0.30    8.60   35.70
C-G     0.00    0.00    0.00    0.00    0.00    0.00   -1.49    0.25    3.29   -1.91  -14.90   37.50
C-G     0.00    0.00    0.00    0.00    0.00    0.00    0.63    1.33    4.00    1.86   -8.01   45.67
T-A     0.00    0.00    0.00    0.00    0.00    0.00   -0.23    1.24    3.33    1.85   -9.37   41.19
T-A     0.00    0.00    0.00    0.00    0.00    0.00    0.37   -0.06    2.90   -3.31    4.32   31.14
T-A     0.00    0.00    0.00    0.00    0.00    0.00    0.35   -0.21    3.25    1.74    9.04   31.15
T-A     0.00    0.00    0.00    0.00    0.00    0.00   -0.10    0.14    3.48    1.87   13.15   33.03
G-C     0.00    0.00    0.00    0.00    0.00    0.00    0.05   -1.29    3.82    5.34   19.58   23.53
A-T     0.00    0.00    0.00    0.00    0.00    0.00    0.15   -0.20    2.89   -8.68    8.02   31.95
T-A     0.00    0.00    0.00    0.00    0.00    0.00   -0.18   -0.92    3.24   -2.10    3.30   25.57
G-C     0.00    0.00    0.00    0.00    0.00    0.00   -0.27    0.69    3.15    1.29   -1.93   38.88
G-C     0.00    0.00    0.00    0.00    0.00    0.00    1.03    0.25    3.44    7.54    1.67   33.79
A-T     0.00    0.00    0.00    0.00    0.00    0.00   -1.07    1.15    3.22   -8.54   -5.44   43.06
G-C     0.00    0.00    0.00    0.00    0.00    0.00    1.20    0.20    3.12    0.56   -7.79   35.34
C-G     0.00    0.00    0.00    0.00    0.00    0.00   -0.50    0.11    3.45    0.16   -3.59   35.39
A-T     0.00    0.00    0.00    0.00    0.00    0.00    1.15    0.42    3.43    4.37    3.09   36.97
G-C     0.00    0.00    0.00    0.00    0.00    0.00   -1.27   -0.32    3.70   -4.04    9.71   36.92
T-A     0.00    0.00    0.00    0.00    0.00    0.00   -0.87   -0.52    3.18    0.16   12.75   30.19
T-A     0.00    0.00    0.00    0.00    0.00    0.00   -0.50   -0.31    3.23   -2.13   -0.57   32.44
T-A     0.00    0.00    0.00    0.00    0.00    0.00    0.84    0.04    3.25    1.51    8.05   34.69
C-G     0.00    0.00    0.00    0.00    0.00    0.00    1.36    0.91    2.84    9.68    0.51   36.26
C-G     0.00    0.00    0.00    0.00    0.00    0.00   -1.17    1.01    3.64   -9.67    5.60   30.83
A-T     0.00    0.00    0.00    0.00    0.00    0.00    0.45    2.26    3.24    8.33  -20.52   48.59
A-T     0.00    0.00    0.00    0.00    0.00    0.00    0.21   -0.34    3.18   -2.31    3.97   32.34
A-T     0.00    0.00    0.00    0.00    0.00    0.00   -0.58   -0.45    3.65    0.38    2.36   38.46
T-A     0.00    0.00    0.00    0.00    0.00    0.00   -0.30   -0.55    3.13    0.85   -5.95   31.34
A-T     0.00    0.00    0.00    0.00    0.00    0.00    0.35   -0.29    3.23  -11.56    4.21   38.71
C-G     0.00    0.00    0.00    0.00    0.00    0.00    0.00   -0.91    3.08    3.52    2.39   22.93
A-T     0.00    0.00    0.00    0.00    0.00    0.00    0.29   -0.28    3.87    5.81   10.90   41.68
C-G     0.00    0.00    0.00    0.00    0.00    0.00    0.74   -0.36    3.42   -1.23    6.98   35.89
T-A     0.00    0.00    0.00    0.00    0.00    0.00   -0.39   -0.10    3.21    1.85    4.64   34.32
T-A     0.00    0.00    0.00    0.00    0.00    0.00    0.07    0.03    3.56   -5.25   -4.62   34.70
T-A     0.00    0.00    0.00    0.00    0.00    0.00   -0.65   -0.17    3.03    3.20    0.48   34.33
T-A     0.00    0.00    0.00    0.00    0.00    0.00   -0.39    0.42    3.61   -2.22   -6.94   41.53
G-C     0.00    0.00    0.00    0.00    0.00    0.00    0.07    2.60    3.32    2.02   -4.57   41.55
G-C     0.00    0.00    0.00    0.00    0.00    0.00   -0.48    0.33    2.72  -12.35    1.49   26.67
T-A     0.00    0.00    0.00    0.00    0.00    0.00    0.66   -0.30    3.28    4.53    6.36   31.86
A-T     0.00    0.00    0.00    0.00    0.00    0.00   -0.66    0.35    3.67    3.68   14.07   35.84
G-C     0.00    0.00    0.00    0.00    0.00    0.00    0.37    0.22    3.34    0.94   10.00   30.45
A-T     0.00    0.00    0.00    0.00    0.00    0.00   -0.37   -0.72    3.14   -4.78   13.78   24.91
A-T     0.00    0.00    0.00    0.00    0.00    0.00    1.04   -0.29    3.12   -7.02    1.54   37.57
T-A     0.00    0.00    0.00    0.00    0.00    0.00   -0.44   -0.89    3.38    0.26  -10.95   30.62
C-G     0.00    0.00    0.00    0.00    0.00    0.00    0.42   -0.41    3.54    4.01   -3.86   41.47
T-A     0.00    0.00    0.00    0.00    0.00    0.00   -0.87   -0.22    3.49   -5.45    4.63   32.68
G-C     0.00    0.00    0.00    0.00    0.00    0.00   -0.31    2.49    3.01    2.20  -17.89   46.51
C-G     0.00    0.00    0.00    0.00    0.00    0.00    0.36    0.74    3.10    4.49    5.62   31.33
A-T     0.00    0.00    0.00    0.00    0.00    0.00    0.28    2.76    3.53    1.79   -5.21   45.74
G-C     0.00    0.00    0.00    0.00    0.00    0.00    0.38    1.05    2.89   -5.57    7.95   29.05
G-C     0.00    0.00    0.00    0.00    0.00    0.00   -0.40   -0.19    3.65    0.16   16.79   32.77
T-A     0.00    0.00    0.00    0.00    0.00    0.00   -0.57   -0.32    3.38   -1.77    5.55   33.69
G-C     0.00    0.00    0.00    0.00    0.00    0.00    0.12    0.22    3.52    2.00    8.92   34.26
G-C     0.00    0.00    0.00    0.00    0.00    0.00    0.69    0.58    3.20    0.13    5.50   29.29
A-T     0.00    0.00    0.00    0.00    0.00    0.00   -0.51   -0.17    3.23   -3.74    2.70   39.92
T-A     0.00    0.00    0.00    0.00    0.00    0.00   -0.14   -0.55    3.33   -0.62   -3.62   30.66
A-T     0.00    0.00    0.00    0.00    0.00    0.00   -0.19    0.25    3.80    2.12   -2.46   42.51
T-A     0.00    0.00    0.00    0.00    0.00    0.00   -0.53   -0.46    3.09   -5.44   -4.50   31.52
T-A     0.00    0.00    0.00    0.00    0.00    0.00    0.69    0.33    3.38    3.85    1.76   36.64
G-C     0.00    0.00    0.00    0.00    0.00    0.00   -0.15    0.22    3.44    4.72    3.15   37.74
A-T     0.00    0.00    0.00    0.00    0.00    0.00   -0.09    0.26    3.33   -2.88    6.74   30.42
T-A     0.00    0.00    0.00    0.00    0.00    0.00    0.80   -0.54    3.22   -0.90   -0.67   37.08
