 146 base-pairs
   0  ***local base-pair & step parameters***
       Shear  Stretch  Stagger Buckle Prop-Tw Opening   Shift  Slide    Rise    Tilt    Roll   Twist
A-T     0.00    0.00    0.00    0.00    0.00    0.00    0.00    0.00    0.00    0.00    0.00    0.00
T-A     0.00    0.00    0.00    0.00    0.00    0.00   -1.15   -0.60    3.28   -3.51   -0.74   31.60
C-G     0.00    0.00    0.00    0.00    0.00    0.00    0.94    0.10    2.88    5.36    3.38   37.16
A-T     0.00    0.00    0.00    0.00    0.00    0.00   -0.26    0.92    3.47   -3.95    4.32   35.80
A-T     0.00    0.00    0.00    0.00    0.00    0.00   -0.53    0.33    3.20   -3.77    0.40   39.00
T-A     0.00    0.00    0.00    0.00    0.00    0.00    0.50   -0.61    2.96    7.80   -2.01   33.65
A-T     0.00    0.00    0.00    0.00    0.00    0.00    0.00    0.00    3.59   -4.58   -3.32   41.06
T-A     0.00    0.00    0.00    0.00    0.00    0.00   -0.13   -0.97    3.20    5.93   -2.28   34.50
C-G     0.00    0.00    0.00    0.00    0.00    0.00    1.07    0.14    3.38    1.32   -0.89   33.80
C-G     0.00    0.00    0.00    0.00    0.00    0.00   -0.28   -0.03    3.14   -1.05    9.60   27.58
A-T     0.00    0.00    0.00    0.00    0.00    0.00   -1.12    0.52    3.45   -1.00    5.77   32.69
C-G     0.00    0.00    0.00    0.00    0.00    0.00    0.49   -1.07    3.35   -0.75    5.67   33.90
C-G     0.00    0.00    0.00    0.00    0.00    0.00    0.58   -0.26    3.43    1.81   12.14   30.77
T-A     0.00    0.00    0.00    0.00    0.00    0.00   -1.10    0.13    3.58   -6.18    7.02   31.92
G-C     0.00    0.00    0.00    0.00    0.00    0.00    0.55    1.00    3.29    4.63   -7.23   39.92
C-G     0.00    0.00    0.00    0.00    0.00    0.00   -0.23   -0.06    3.54   -6.91    4.73   37.73
A-T     0.00    0.00    0.00    0.00    0.00    0.00    0.05    1.50    3.07    3.23  -21.88   40.95
G-C     0.00    0.00    0.00    0.00    0.00    0.00    0.51   -0.10    3.55    3.04    1.46   35.88
A-T     0.00    0.00    0.00    0.00    0.00    0.00    0.02   -1.03    3.28    0.86   -6.09   35.83
T-A     0.00    0.00    0.00    0.00    0.00    0.00    0.27    0.04    3.03    2.52   -5.34   36.17
T-A     0.00    0.00    0.00    0.00    0.00    0.00    0.01   -1.49    3.43    3.22    4.21   29.04
C-G     0.00    0.00    0.00    0.00    0.00    0.00   -0.37   -0.41    2.74    3.59    9.84   26.59
T-A     0.00    0.00    0.00    0.00    0.00    0.00   -0.25   -0.45    3.82    0.90   11.88   28.18
A-T     0.00    0.00    0.00    0.00    0.00    0.00    1.91    0.79    3.68    1.78   22.36   33.42
C-G     0.00    0.00    0.00    0.00    0.00    0.00   -1.25   -0.14    2.92  -12.51    3.98   30.53
C-G     0.00    0.00    0.00    0.00    0.00    0.00    0.57   -0.16    2.69   13.66    8.18   29.37
A-T     0.00    0.00    0.00    0.00    0.00    0.00   -0.06    2.76    3.14   -4.70  -14.62   41.86
A-T     0.00    0.00    0.00    0.00    0.00    0.00    0.50    0.54    3.58    3.84    3.62   38.90
A-T     0.00    0.00    0.00    0.00    0.00    0.00    0.50   -0.09    3.26   -1.48   -7.91   40.45
A-T     0.00    0.00    0.00    0.00    0.00    0.00   -0.10   -0.27    3.24   -2.30    3.92   32.04
G-C     0.00    0.00    0.00    0.00    0.00    0.00    0.17   -0.35    3.50    0.79   -0.31   37.11
T-A     0.00    0.00    0.00    0.00    0.00    0.00   -0.42   -0.58    2.96    4.29   -1.53   28.24
G-C     0.00    0.00    0.00    0.00    0.00    0.00    1.21    0.27    3.78    3.03   13.70   34.62
T-A     0.00    0.00    0.00    0.00    0.00    0.00   -1.41   -0.43    2.81   -2.55   16.29   24.46
A-T     0.00    0.00    0.00    0.00    0.00    0.00    0.22   -0.49    3.76   -4.62    1.25   42.95
T-A     0.00    0.00    0.00    0.00    0.00    0.00    0.37   -0.94    3.40    1.78    2.27   32.00
T-A     0.00    0.00    0.00    0.00    0.00    0.00    0.22   -0.23    3.02    3.46   -7.92   39.65
T-A     0.00    0.00    0.00    0.00    0.00    0.00   -0.05   -0.33    3.56   -6.58    4.19   32.05
G-C     0.00    0.00    0.00    0.00    0.00    0.00   -0.85    2.28    3.18    1.60  -21.63   47.82
G-C     0.00    0.00    0.00    0.00    0.00    0.00    1.04    0.96    3.45    6.88    5.35   29.85
A-T     0.00    0.00    0.00    0.00    0.00    0.00   -1.31    0.85    3.07  -11.66    0.45   36.95
A-T     0.00    0.00    0.00    0.00    0.00    0.00    0.41   -0.40    3.27   -0.93    3.97   33.91
A-T     0.00    0.00    0.00    0.00    0.00    0.00   -0.15   -0.27    3.62   -1.93   14.33   31.55
C-G     0.00    0.00    0.00    0.00    0.00    0.00    0.29   -0.57    2.97    4.09   -2.79   33.05
T-A     0.00    0.00    0.00    0.00    0.00    0.00    1.23   -0.32    3.33    1.60   12.01   33.04
G-C     0.00    0.00    0.00    0.00    0.00    0.00   -1.46    0.23    3.68   -5.73   10.11   36.47
C-G     0.00    0.00    0.00    0.00    0.00    0.00    0.56    0.85    3.63   -0.05  -12.24   46.23
T-A     0.00    0.00    0.00    0.00    0.00    0.00   -1.25   -0.27    2.82   -0.27   -1.31   30.68
C-G     0.00    0.00    0.00    0.00    0.00    0.00    1.68    1.61    3.25    7.64  -10.75   42.33
C-G     0.00    0.00    0.00    0.00    0.00    0.00   -0.99    0.31    3.49   -5.02    6.04   35.49
A-T     0.00    0.00    0.00    0.00    0.00    0.00    0.42    0.94    3.40   -4.75   -4.04   40.88
T-A     0.00    0.00    0.00    0.00    0.00    0.00    0.69   -0.49    2.93    5.93    0.89   28.68
C-G     0.00    0.00    0.00    0.00    0.00    0.00    0.30   -0.15    3.51    3.30   10.41   32.61
A-T     0.00    0.00    0.00    0.00    0.00    0.00   -0.38    0.37    4.13    3.61   19.18   34.40
A-T     0.00    0.00    0.00    0.00    0.00    0.00    0.49    0.68    3.03   -4.46    7.24   42.69
A-T     0.00    0.00    0.00    0.00    0.00    0.00   -0.93    0.54    2.99   -5.00   -4.41   35.19
A-T     0.00    0.00    0.00    0.00    0.00    0.00   -0.19   -0.78    3.49   -4.38    0.48   35.25
G-C     0.00    0.00    0.00    0.00    0.00    0.00   -0.30    1.16    3.61   -2.86   -6.19   40.66
G-C     0.00    0.00    0.00    0.00    0.00    0.00   -0.93    0.29    3.15   -6.56  -28.62   30.89
C-G     0.00    0.00    0.00    0.00    0.00    0.00    1.39    0.18    4.51    0.26  -20.29   38.86
A-T     0.00    0.00    0.00    0.00    0.00    0.00   -0.17    1.03    3.21   14.91    7.59   42.94
T-A     0.00    0.00    0.00    0.00    0.00    0.00    0.37   -0.40    3.29   -2.84   16.66   22.47
G-C     0.00    0.00    0.00    0.00    0.00    0.00   -0.03    1.44    4.05   -0.47    8.38   41.61
T-A     0.00    0.00    0.00    0.00    0.00    0.00   -0.77   -0.57    3.35   -1.49    7.79   27.47
T-A     0.00    0.00    0.00    0.00    0.00    0.00    0.34    0.21    2.97    4.26    3.32   32.70
C-G     0.00    0.00    0.00    0.00    0.00    0.00    0.86    0.72    3.23    4.48    7.44   37.24
A-T     0.00    0.00    0.00    0.00    0.00    0.00   -0.73    1.59    3.65   -2.11   -5.89   45.15
G-C     0.00    0.00    0.00    0.00    0.00    0.00    0.75    1.00    3.52    5.35   -1.89   32.59
C-G     0.00    0.00    0.00    0.00    0.00    0.00   -0.45    0.63    3.29   -5.99   -4.83   41.39
T-A     0.00    0.00    0.00    0.00    0.00    0.00    0.08    0.80    3.32    4.19   -1.58   36.49
G-C     0.00    0.00    0.00    0.00    0.00    0.00    0.95    0.98    3.20    0.34    3.37   34.69
A-T     0.00    0.00    0.00    0.00    0.00    0.00   -0.75   -0.09    3.38   -6.51    6.83   34.17
A-T     0.00    0.00    0.00    0.00    0.00    0.00   -0.12   -0.48    3.24    2.02    4.04   33.57
T-A     0.00    0.00    0.00    0.00    0.00    0.00    0.21   -0.92    3.43   -0.68    8.04   28.89
T-A     0.00    0.00    0.00    0.00    0.00    0.00   -0.09   -0.53    3.24    3.57    7.79   33.40
C-G     0.00    0.00    0.00    0.00    0.00    0.00    0.04    0.03    3.30    1.73    5.74   29.69
A-T     0.00    0.00    0.00    0.00    0.00    0.00   -0.65    1.64    3.45   -1.35   -0.46   41.72
G-C     0.00    0.00    0.00    0.00    0.00    0.00    0.97    0.59    3.35   -1.50   -3.94   35.51
C-G     0.00    0.00    0.00    0.00    0.00    0.00   -1.10    0.93    3.42   -3.27   -7.09   37.73
T-A     0.00    0.00    0.00    0.00    0.00    0.00    1.23    1.37    3.76    3.30   -4.90   42.88
G-C     0.00    0.00    0.00    0.00    0.00    0.00   -0.77    0.83    2.96   -3.23    6.32   33.12
A-T     0.00    0.00    0.00    0.00    0.00    0.00   -0.44    0.18    3.35   -2.13    5.10   32.96
A-T     0.00    0.00    0.00    0.00    0.00    0.00    0.33    0.16    3.31    1.98    9.81   33.38
C-G     0.00    0.00    0.00    0.00    0.00    0.00    0.21   -0.46    3.27   -0.19    5.59   30.14
A-T     0.00    0.00    0.00    0.00    0.00    0.00   -0.47    0.66    3.64    0.14   11.94   35.18
T-A     0.00    0.00    0.00    0.00    0.00    0.00    0.22   -0.35    3.07    1.09    0.37   27.85
G-C     0.00    0.00    0.00    0.00    0.00    0.00    0.90    0.57    3.38   -0.55    9.23   36.11
C-G     0.00    0.00    0.00    0.00    0.00    0.00   -1.54    0.63    3.29   -2.12  -14.27   37.99
C-G     0.00    0.00    0.00    0.00    0.00    0.00    0.58    1.71    3.99    1.69   -7.40   46.23
T-A     0.00    0.00    0.00    0.00    0.00    0.00   -0.28    1.62    3.32    1.73   -8.79   41.81
T-A     0.00    0.00    0.00    0.00    0.00    0.00    0.32    0.30    2.89   -3.39    4.86   31.79
T-A     0.00    0.00    0.00    0.00    0.00    0.00    0.30    0.12    3.24    1.70    9.52   31.82
T-A     0.00    0.00    0.00    0.00    0.00    0.00   -0.14    0.44    3.47    1.85   13.56   33.69
G-C     0.00    0.00    0.00    0.00    0.00    0.00    0.01   -1.02    3.82    5.35   19.92   24.16
A-T     0.00    0.00    0.00    0.00    0.00    0.00    0.12    0.02    2.90   -8.66    8.30   32.52
T-A     0.00    0.00    0.00    0.00    0.00    0.00   -0.21   -0.75    3.26   -2.09    3.51   26.05
G-C     0.00    0.00    0.00    0.00    0.00    0.00   -0.30    0.82    3.16    1.29   -1.77   39.26
G-C     0.00    0.00    0.00    0.00    0.00    0.00    1.00    0.33    3.46    7.52    1.79   34.05
A-T     0.00    0.00    0.00    0.00    0.00    0.00   -1.10    1.18    3.25   -8.59   -5.34   43.18
G-C     0.00    0.00    0.00    0.00    0.00    0.00    1.17    0.19    3.15    0.46   -7.70   35.32
C-G     0.00    0.00    0.00    0.00    0.00    0.00   -0.53    0.06    3.48    0.01   -3.49   35.22
A-T     0.00    0.00    0.00    0.00    0.00    0.00    1.12    0.34    3.47    4.16    3.22   36.66
G-C     0.00    0.00    0.00    0.00    0.00    0.00   -1.30   -0.42    3.74   -4.31    9.89   36.48
T-A     0.00    0.00    0.00    0.00    0.00    0.00   -0.90   -0.63    3.21   -0.18   12.99   29.63
T-A     0.00    0.00    0.00    0.00    0.00    0.00   -0.53   -0.43    3.26   -2.53   -0.24   31.78
T-A     0.00    0.00    0.00    0.00    0.00    0.00    0.80   -0.07    3.28    1.05    8.47   33.94
C-G     0.00    0.00    0.00    0.00    0.00    0.00    1.31    0.81    2.86    9.16    1.04   35.46
C-G     0.00    0.00    0.00    0.00    0.00    0.00   -1.23    0.93    3.65  -10.23    6.23   29.99
A-T     0.00    0.00    0.00    0.00    0.00    0.00    0.38    2.20    3.24    7.73  -19.78   47.74
A-T     0.00    0.00    0.00    0.00    0.00    0.00    0.14   -0.37    3.17   -2.93    4.81   31.52
A-T     0.00    0.00    0.00    0.00    0.00    0.00   -0.65   -0.45    3.63   -0.26    3.28   37.68
T-A     0.00    0.00    0.00    0.00    0.00    0.00   -0.38   -0.53    3.09    0.22   -4.95   30.62
A-T     0.00    0.00    0.00    0.00    0.00    0.00    0.27   -0.24    3.18  -12.17    5.26   38.06
C-G     0.00    0.00    0.00    0.00    0.00    0.00   -0.08   -0.83    3.02    2.94    3.49   22.37
A-T     0.00    0.00    0.00    0.00    0.00    0.00    0.21   -0.18    3.81    5.27   12.01   41.21
C-G     0.00    0.00    0.00    0.00    0.00    0.00    0.66   -0.25    3.34   -1.73    8.09   35.52
T-A     0.00    0.00    0.00    0.00    0.00    0.00   -0.46    0.00    3.13    1.41    5.73   34.04
T-A     0.00    0.00    0.00    0.00    0.00    0.00    0.00    0.13    3.48   -5.64   -3.58   34.50
T-A     0.00    0.00    0.00    0.00    0.00    0.00   -0.72   -0.08    2.95    2.87    1.46   34.20
T-A     0.00    0.00    0.00    0.00    0.00    0.00   -0.45    0.49    3.52   -2.49   -6.04   41.44
G-C     0.00    0.00    0.00    0.00    0.00    0.00    0.01    2.64    3.23    1.81   -3.75   41.50
G-C     0.00    0.00    0.00    0.00    0.00    0.00   -0.53    0.34    2.64  -12.52    2.20   26.62
T-A     0.00    0.00    0.00    0.00    0.00    0.00    0.61   -0.32    3.21    4.40    6.98   31.79
A-T     0.00    0.00    0.00    0.00    0.00    0.00   -0.70    0.28    3.61    3.58   14.59   35.73
G-C     0.00    0.00    0.00    0.00    0.00    0.00    0.33    0.10    3.29    0.86   10.42   30.27
A-T     0.00    0.00    0.00    0.00    0.00    0.00   -0.40   -0.88    3.08   -4.86   14.11   24.65
A-T     0.00    0.00    0.00    0.00    0.00    0.00    1.02   -0.50    3.07   -7.10    1.80   37.21
T-A     0.00    0.00    0.00    0.00    0.00    0.00   -0.46   -1.15    3.34    0.17  -10.75   30.14
C-G     0.00    0.00    0.00    0.00    0.00    0.00    0.40   -0.71    3.51    3.89   -3.71   40.87
T-A     0.00    0.00    0.00    0.00    0.00    0.00   -0.89   -0.55    3.46   -5.60    4.77   31.96
G-C     0.00    0.00    0.00    0.00    0.00    0.00   -0.33    2.13    2.99    2.01  -17.76   45.67
C-G     0.00    0.00    0.00    0.00    0.00    0.00    0.34    0.36    3.08    4.26    5.76   30.38
A-T     0.00    0.00    0.00    0.00    0.00    0.00    0.27    2.38    3.51    1.51   -5.04   44.70
G-C     0.00    0.00    0.00    0.00    0.00    0.00    0.37    0.66    2.87   -5.90    8.17   27.94
G-C     0.00    0.00    0.00    0.00    0.00    0.00   -0.42   -0.57    3.63   -0.21   17.07   31.60
T-A     0.00    0.00    0.00    0.00    0.00    0.00   -0.59   -0.68    3.35   -2.18    5.90   32.49
G-C     0.00    0.00    0.00    0.00    0.00    0.00    0.09   -0.12    3.49    1.56    9.34   33.06
G-C     0.00    0.00    0.00    0.00    0.00    0.00    0.66    0.27    3.16   -0.32    6.00   28.11
A-T     0.00    0.00    0.00    0.00    0.00    0.00   -0.54   -0.44    3.18   -4.20    3.26   38.80
T-A     0.00    0.00    0.00    0.00    0.00    0.00   -0.17   -0.79    3.27   -1.08   -3.00   29.61
A-T     0.00    0.00    0.00    0.00    0.00    0.00   -0.23    0.04    3.73    1.69   -1.80   41.55
T-A     0.00    0.00    0.00    0.00    0.00    0.00   -0.56   -0.63    3.01   -5.84   -3.81   30.66
T-A     0.00    0.00    0.00    0.00    0.00    0.00    0.66    0.20    3.29    3.50    2.46   35.91
G-C     0.00    0.00    0.00    0.00    0.00    0.00   -0.18    0.11    3.35    4.42    3.83   37.14
A-T     0.00    0.00    0.00    0.00    0.00    0.00   -0.12    0.17    3.23   -3.12    7.39   29.95
T-A     0.00    0.00    0.00    0.00    0.00    0.00    0.78   -0.62    3.12   -1.07   -0.06   36.74
