 146 base-pairs
   0  ***local base-pair & step parameters***
       Shear  Stretch  Stagger Buckle Prop-Tw Opening   Shift  Slide    Rise    Tilt    Roll   Twist
A-T     0.00    0.00    0.00    0.00    0.00    0.00    0.00    0.00    0.00    0.00    0.00    0.00
T-A     0.00    0.00    0.00    0.00    0.00    0.00   -1.13   -0.68    3.33   -3.34   -0.21   31.35
C-G     0.00    0.00    0.00    0.00    0.00    0.00    0.95    0.01    2.93    5.47    3.87   36.89
A-T     0.00    0.00    0.00    0.00    0.00    0.00   -0.26    0.81    3.52   -3.92    4.69   35.52
A-T     0.00    0.00    0.00    0.00    0.00    0.00   -0.53    0.20    3.25   -3.83    0.58   38.69
T-A     0.00    0.00    0.00    0.00    0.00    0.00    0.49   -0.75    2.99    7.66   -2.03   33.32
A-T     0.00    0.00    0.00    0.00    0.00    0.00   -0.01   -0.15    3.61   -4.81   -3.56   40.72
T-A     0.00    0.00    0.00    0.00    0.00    0.00   -0.15   -1.11    3.20    5.63   -2.71   34.14
C-G     0.00    0.00    0.00    0.00    0.00    0.00    1.05    0.02    3.37    0.96   -1.44   33.44
C-G     0.00    0.00    0.00    0.00    0.00    0.00   -0.30   -0.13    3.13   -1.44    9.01   27.22
A-T     0.00    0.00    0.00    0.00    0.00    0.00   -1.14    0.47    3.43   -1.40    5.22   32.34
C-G     0.00    0.00    0.00    0.00    0.00    0.00    0.48   -1.07    3.32   -1.13    5.27   33.60
C-G     0.00    0.00    0.00    0.00    0.00    0.00    0.57   -0.20    3.39    1.49   11.96   30.53
T-A     0.00    0.00    0.00    0.00    0.00    0.00   -1.11    0.25    3.54   -6.43    7.10   31.77
G-C     0.00    0.00    0.00    0.00    0.00    0.00    0.54    1.18    3.25    4.48   -6.86   39.87
C-G     0.00    0.00    0.00    0.00    0.00    0.00   -0.24    0.16    3.50   -6.96    5.38   37.82
A-T     0.00    0.00    0.00    0.00    0.00    0.00    0.04    1.75    3.04    3.29  -21.00   41.17
G-C     0.00    0.00    0.00    0.00    0.00    0.00    0.50    0.18    3.52    3.21    2.49   36.24
A-T     0.00    0.00    0.00    0.00    0.00    0.00    0.01   -0.76    3.25    1.11   -5.02   36.32
T-A     0.00    0.00    0.00    0.00    0.00    0.00    0.26    0.28    3.01    2.84   -4.34   36.76
T-A     0.00    0.00    0.00    0.00    0.00    0.00    0.00   -1.29    3.41    3.58    5.03   29.71
C-G     0.00    0.00    0.00    0.00    0.00    0.00   -0.37   -0.27    2.73    3.96   10.38   27.29
T-A     0.00    0.00    0.00    0.00    0.00    0.00   -0.25   -0.38    3.82    1.26   12.07   28.86
A-T     0.00    0.00    0.00    0.00    0.00    0.00    1.91    0.78    3.68    2.10   22.17   34.05
C-G     0.00    0.00    0.00    0.00    0.00    0.00   -1.24   -0.21    2.93  -12.25    3.41   31.04
C-G     0.00    0.00    0.00    0.00    0.00    0.00    0.58   -0.30    2.70   13.85    7.27   29.75
A-T     0.00    0.00    0.00    0.00    0.00    0.00   -0.05    2.56    3.16   -4.58  -15.78   42.07
A-T     0.00    0.00    0.00    0.00    0.00    0.00    0.52    0.29    3.60    3.88    2.32   38.91
A-T     0.00    0.00    0.00    0.00    0.00    0.00    0.52   -0.35    3.29   -1.50   -9.24   40.27
A-T     0.00    0.00    0.00    0.00    0.00    0.00   -0.08   -0.53    3.27   -2.38    2.69   31.68
G-C     0.00    0.00    0.00    0.00    0.00    0.00    0.20   -0.59    3.53    0.68   -1.31   36.61
T-A     0.00    0.00    0.00    0.00    0.00    0.00   -0.39   -0.79    2.99    4.15   -2.22   27.62
G-C     0.00    0.00    0.00    0.00    0.00    0.00    1.23    0.10    3.82    2.87   13.38   33.93
T-A     0.00    0.00    0.00    0.00    0.00    0.00   -1.39   -0.54    2.85   -2.71   16.37   23.74
A-T     0.00    0.00    0.00    0.00    0.00    0.00    0.23   -0.55    3.80   -4.76    1.71   42.26
T-A     0.00    0.00    0.00    0.00    0.00    0.00    0.38   -0.95    3.43    1.64    3.04   31.38
T-A     0.00    0.00    0.00    0.00    0.00    0.00    0.21   -0.18    3.04    3.34   -6.92   39.13
T-A     0.00    0.00    0.00    0.00    0.00    0.00   -0.06   -0.25    3.57   -6.69    5.31   31.67
G-C     0.00    0.00    0.00    0.00    0.00    0.00   -0.87    2.38    3.19    1.49  -20.51   47.57
G-C     0.00    0.00    0.00    0.00    0.00    0.00    1.01    1.08    3.45    6.77    6.36   29.75
A-T     0.00    0.00    0.00    0.00    0.00    0.00   -1.34    0.97    3.06  -11.79    1.25   36.99
A-T     0.00    0.00    0.00    0.00    0.00    0.00    0.38   -0.28    3.24   -1.06    4.51   34.07
A-T     0.00    0.00    0.00    0.00    0.00    0.00   -0.18   -0.16    3.59   -2.07   14.55   31.81
C-G     0.00    0.00    0.00    0.00    0.00    0.00    0.26   -0.47    2.92    3.95   -2.86   33.38
T-A     0.00    0.00    0.00    0.00    0.00    0.00    1.20   -0.23    3.28    1.46   11.68   33.42
G-C     0.00    0.00    0.00    0.00    0.00    0.00   -1.48    0.31    3.63   -5.85    9.59   36.86
C-G     0.00    0.00    0.00    0.00    0.00    0.00    0.54    0.93    3.58   -0.13  -12.87   46.62
T-A     0.00    0.00    0.00    0.00    0.00    0.00   -1.26   -0.20    2.77   -0.30   -1.96   31.06
C-G     0.00    0.00    0.00    0.00    0.00    0.00    1.68    1.68    3.21    7.67  -11.32   42.69
C-G     0.00    0.00    0.00    0.00    0.00    0.00   -0.98    0.38    3.45   -4.92    5.63   35.82
A-T     0.00    0.00    0.00    0.00    0.00    0.00    0.44    1.02    3.38   -4.57   -4.25   41.18
T-A     0.00    0.00    0.00    0.00    0.00    0.00    0.71   -0.41    2.92    6.18    0.90   28.95
C-G     0.00    0.00    0.00    0.00    0.00    0.00    0.32   -0.08    3.52    3.61   10.63   32.86
A-T     0.00    0.00    0.00    0.00    0.00    0.00   -0.35    0.43    4.15    3.96   19.56   34.62
A-T     0.00    0.00    0.00    0.00    0.00    0.00    0.51    0.71    3.06   -4.10    7.72   42.89
A-T     0.00    0.00    0.00    0.00    0.00    0.00   -0.91    0.53    3.03   -4.64   -3.93   35.36
A-T     0.00    0.00    0.00    0.00    0.00    0.00   -0.17   -0.83    3.53   -4.06    0.89   35.37
G-C     0.00    0.00    0.00    0.00    0.00    0.00   -0.29    1.07    3.66   -2.59   -5.94   40.71
G-C     0.00    0.00    0.00    0.00    0.00    0.00   -0.92    0.16    3.20   -6.38  -28.59   30.87
C-G     0.00    0.00    0.00    0.00    0.00    0.00    1.40    0.00    4.55    0.35  -20.51   38.76
A-T     0.00    0.00    0.00    0.00    0.00    0.00   -0.16    0.82    3.25   14.89    7.12   42.73
T-A     0.00    0.00    0.00    0.00    0.00    0.00    0.37   -0.64    3.32   -2.98   15.97   22.16
G-C     0.00    0.00    0.00    0.00    0.00    0.00   -0.03    1.20    4.08   -0.70    7.53   41.19
T-A     0.00    0.00    0.00    0.00    0.00    0.00   -0.77   -0.80    3.37   -1.80    6.89   26.96
T-A     0.00    0.00    0.00    0.00    0.00    0.00    0.34    0.00    2.98    3.88    2.46   32.13
C-G     0.00    0.00    0.00    0.00    0.00    0.00    0.85    0.57    3.23    4.08    6.72   36.63
A-T     0.00    0.00    0.00    0.00    0.00    0.00   -0.73    1.50    3.64   -2.51   -6.36   44.54
G-C     0.00    0.00    0.00    0.00    0.00    0.00    0.74    0.97    3.51    4.98   -2.06   32.02
C-G     0.00    0.00    0.00    0.00    0.00    0.00   -0.46    0.68    3.28   -6.31   -4.64   40.89
T-A     0.00    0.00    0.00    0.00    0.00    0.00    0.07    0.92    3.30    3.94   -1.03   36.12
G-C     0.00    0.00    0.00    0.00    0.00    0.00    0.94    1.16    3.18    0.18    4.24   34.46
A-T     0.00    0.00    0.00    0.00    0.00    0.00   -0.76    0.15    3.36   -6.58    7.94   34.12
A-T     0.00    0.00    0.00    0.00    0.00    0.00   -0.14   -0.21    3.21    2.04    5.30   33.70
T-A     0.00    0.00    0.00    0.00    0.00    0.00    0.19   -0.63    3.40   -0.59    9.33   29.21
T-A     0.00    0.00    0.00    0.00    0.00    0.00   -0.11   -0.26    3.21    3.73    8.99   33.88
C-G     0.00    0.00    0.00    0.00    0.00    0.00    0.01    0.28    3.27    1.94    6.72   30.30
A-T     0.00    0.00    0.00    0.00    0.00    0.00   -0.67    1.84    3.42   -1.12    0.20   42.42
G-C     0.00    0.00    0.00    0.00    0.00    0.00    0.95    0.74    3.32   -1.26   -3.66   36.26
C-G     0.00    0.00    0.00    0.00    0.00    0.00   -1.11    1.01    3.39   -3.04   -7.21   38.48
T-A     0.00    0.00    0.00    0.00    0.00    0.00    1.23    1.39    3.73    3.51   -5.42   43.57
G-C     0.00    0.00    0.00    0.00    0.00    0.00   -0.77    0.78    2.94   -3.05    5.47   33.70
A-T     0.00    0.00    0.00    0.00    0.00    0.00   -0.43    0.08    3.34   -1.98    4.00   33.41
A-T     0.00    0.00    0.00    0.00    0.00    0.00    0.35    0.02    3.31    2.10    8.58   33.67
C-G     0.00    0.00    0.00    0.00    0.00    0.00    0.23   -0.63    3.28   -0.10    4.35   30.27
A-T     0.00    0.00    0.00    0.00    0.00    0.00   -0.44    0.48    3.66    0.21   10.80   35.14
T-A     0.00    0.00    0.00    0.00    0.00    0.00    0.25   -0.53    3.09    1.14   -0.55   27.65
G-C     0.00    0.00    0.00    0.00    0.00    0.00    0.93    0.40    3.42   -0.50    8.60   35.77
C-G     0.00    0.00    0.00    0.00    0.00    0.00   -1.51    0.49    3.33   -2.08  -14.57   37.55
C-G     0.00    0.00    0.00    0.00    0.00    0.00    0.61    1.59    4.04    1.74   -7.35   45.74
T-A     0.00    0.00    0.00    0.00    0.00    0.00   -0.25    1.53    3.37    1.77   -8.43   41.28
T-A     0.00    0.00    0.00    0.00    0.00    0.00    0.33    0.23    2.94   -3.37    5.46   31.27
T-A     0.00    0.00    0.00    0.00    0.00    0.00    0.31    0.08    3.29    1.69   10.27   31.33
T-A     0.00    0.00    0.00    0.00    0.00    0.00   -0.14    0.41    3.51    1.81   14.38   33.25
G-C     0.00    0.00    0.00    0.00    0.00    0.00    0.00   -1.04    3.85    5.26   20.69   23.79
A-T     0.00    0.00    0.00    0.00    0.00    0.00    0.10    0.01    2.92   -8.79    8.94   32.22
T-A     0.00    0.00    0.00    0.00    0.00    0.00   -0.23   -0.76    3.26   -2.27    3.95   25.83
G-C     0.00    0.00    0.00    0.00    0.00    0.00   -0.33    0.80    3.16    1.06   -1.57   39.10
G-C     0.00    0.00    0.00    0.00    0.00    0.00    0.97    0.32    3.44    7.25    1.75   33.94
A-T     0.00    0.00    0.00    0.00    0.00    0.00   -1.13    1.18    3.22   -8.89   -5.58   43.13
G-C     0.00    0.00    0.00    0.00    0.00    0.00    1.15    0.21    3.11    0.16   -8.09   35.31
C-G     0.00    0.00    0.00    0.00    0.00    0.00   -0.55    0.10    3.44   -0.28   -3.96   35.26
A-T     0.00    0.00    0.00    0.00    0.00    0.00    1.10    0.41    3.42    3.91    2.77   36.73
G-C     0.00    0.00    0.00    0.00    0.00    0.00   -1.31   -0.32    3.69   -4.50    9.54   36.60
T-A     0.00    0.00    0.00    0.00    0.00    0.00   -0.91   -0.50    3.16   -0.29   12.81   29.80
T-A     0.00    0.00    0.00    0.00    0.00    0.00   -0.54   -0.26    3.22   -2.54   -0.21   32.00
T-A     0.00    0.00    0.00    0.00    0.00    0.00    0.80    0.11    3.24    1.14    8.73   34.23
C-G     0.00    0.00    0.00    0.00    0.00    0.00    1.31    1.01    2.84    9.35    1.51   35.81
C-G     0.00    0.00    0.00    0.00    0.00    0.00   -1.22    1.12    3.63   -9.95    6.87   30.41
A-T     0.00    0.00    0.00    0.00    0.00    0.00    0.39    2.38    3.23    8.08  -19.06   48.20
A-T     0.00    0.00    0.00    0.00    0.00    0.00    0.15   -0.22    3.17   -2.53    5.53   32.01
A-T     0.00    0.00    0.00    0.00    0.00    0.00   -0.64   -0.35    3.64    0.16    3.90   38.18
T-A     0.00    0.00    0.00    0.00    0.00    0.00   -0.37   -0.48    3.11    0.63   -4.53   31.09
A-T     0.00    0.00    0.00    0.00    0.00    0.00    0.28   -0.26    3.21  -11.81    5.42   38.49
C-G     0.00    0.00    0.00    0.00    0.00    0.00   -0.07   -0.92    3.05    3.23    3.33   22.71
A-T     0.00    0.00    0.00    0.00    0.00    0.00    0.22   -0.34    3.84    5.48   11.53   41.42
C-G     0.00    0.00    0.00    0.00    0.00    0.00    0.67   -0.46    3.37   -1.62    7.31   35.58
T-A     0.00    0.00    0.00    0.00    0.00    0.00   -0.45   -0.25    3.16    1.41    4.70   33.94
T-A     0.00    0.00    0.00    0.00    0.00    0.00    0.01   -0.15    3.51   -5.73   -4.74   34.24
T-A     0.00    0.00    0.00    0.00    0.00    0.00   -0.70   -0.37    2.98    2.69    0.26   33.78
T-A     0.00    0.00    0.00    0.00    0.00    0.00   -0.44    0.22    3.55   -2.74   -7.15   40.88
G-C     0.00    0.00    0.00    0.00    0.00    0.00    0.03    2.41    3.26    1.51   -4.66   40.83
G-C     0.00    0.00    0.00    0.00    0.00    0.00   -0.52    0.16    2.66  -12.83    1.60   25.89
T-A     0.00    0.00    0.00    0.00    0.00    0.00    0.62   -0.44    3.22    4.08    6.74   31.04
A-T     0.00    0.00    0.00    0.00    0.00    0.00   -0.70    0.24    3.62    3.29   14.75   35.02
G-C     0.00    0.00    0.00    0.00    0.00    0.00    0.33    0.13    3.29    0.61   10.98   29.65
A-T     0.00    0.00    0.00    0.00    0.00    0.00   -0.41   -0.79    3.09   -5.06   15.00   24.15
A-T     0.00    0.00    0.00    0.00    0.00    0.00    1.01   -0.35    3.07   -7.24    2.95   36.86
T-A     0.00    0.00    0.00    0.00    0.00    0.00   -0.48   -0.95    3.33    0.08   -9.46   29.98
C-G     0.00    0.00    0.00    0.00    0.00    0.00    0.38   -0.49    3.49    3.85   -2.39   40.89
T-A     0.00    0.00    0.00    0.00    0.00    0.00   -0.92   -0.32    3.44   -5.60    5.97   32.17
G-C     0.00    0.00    0.00    0.00    0.00    0.00   -0.36    2.35    2.96    2.04  -16.77   46.03
C-G     0.00    0.00    0.00    0.00    0.00    0.00    0.31    0.56    3.05    4.30    6.45   30.87
A-T     0.00    0.00    0.00    0.00    0.00    0.00    0.24    2.54    3.47    1.56   -4.71   45.28
G-C     0.00    0.00    0.00    0.00    0.00    0.00    0.34    0.79    2.83   -5.84    8.12   28.57
G-C     0.00    0.00    0.00    0.00    0.00    0.00   -0.44   -0.49    3.58   -0.15   16.67   32.24
T-A     0.00    0.00    0.00    0.00    0.00    0.00   -0.61   -0.64    3.31   -2.11    5.21   33.09
G-C     0.00    0.00    0.00    0.00    0.00    0.00    0.09   -0.12    3.45    1.63    8.46   33.60
G-C     0.00    0.00    0.00    0.00    0.00    0.00    0.67    0.25    3.13   -0.23    5.02   28.55
A-T     0.00    0.00    0.00    0.00    0.00    0.00   -0.52   -0.48    3.16   -4.09    2.30   39.13
T-A     0.00    0.00    0.00    0.00    0.00    0.00   -0.15   -0.85    3.26   -0.94   -3.84   29.83
A-T     0.00    0.00    0.00    0.00    0.00    0.00   -0.20   -0.01    3.73    1.86   -2.44   41.66
T-A     0.00    0.00    0.00    0.00    0.00    0.00   -0.53   -0.69    3.03   -5.65   -4.20   30.68
T-A     0.00    0.00    0.00    0.00    0.00    0.00    0.69    0.14    3.32    3.72    2.34   35.84
G-C     0.00    0.00    0.00    0.00    0.00    0.00   -0.15    0.05    3.39    4.65    3.97   37.00
A-T     0.00    0.00    0.00    0.00    0.00    0.00   -0.09    0.11    3.28   -2.89    7.74   29.76
T-A     0.00    0.00    0.00    0.00    0.00    0.00    0.80   -0.68    3.17   -0.87    0.42   36.51
