 146 base-pairs
   0  ***local base-pair & step parameters***
       Shear  Stretch  Stagger Buckle Prop-Tw Opening   Shift  Slide    Rise    Tilt    Roll   Twist
A-T     0.00    0.00    0.00    0.00    0.00    0.00    0.00    0.00    0.00    0.00    0.00    0.00
T-A     0.00    0.00    0.00    0.00    0.00    0.00   -1.03   -0.62    3.34   -3.21   -0.50   31.34
C-G     0.00    0.00    0.00    0.00    0.00    0.00    1.09    0.03    2.93    5.71    3.88   37.08
A-T     0.00    0.00    0.00    0.00    0.00    0.00   -0.15    0.77    3.51   -3.73    4.73   35.78
A-T     0.00    0.00    0.00    0.00    0.00    0.00   -0.50    0.09    3.23   -3.81    0.42   38.84
T-A     0.00    0.00    0.00    0.00    0.00    0.00    0.44   -0.89    2.97    7.45   -2.43   33.21
A-T     0.00    0.00    0.00    0.00    0.00    0.00   -0.12   -0.25    3.59   -5.16   -4.02   40.33
T-A     0.00    0.00    0.00    0.00    0.00    0.00   -0.26   -1.10    3.20    5.30   -2.92   33.59
C-G     0.00    0.00    0.00    0.00    0.00    0.00    1.00    0.15    3.38    0.82   -1.12   32.92
C-G     0.00    0.00    0.00    0.00    0.00    0.00   -0.28    0.11    3.16   -1.29    9.97   26.95
A-T     0.00    0.00    0.00    0.00    0.00    0.00   -1.05    0.73    3.46   -0.99    6.70   32.45
C-G     0.00    0.00    0.00    0.00    0.00    0.00    0.60   -0.86    3.34   -0.59    6.87   34.05
C-G     0.00    0.00    0.00    0.00    0.00    0.00    0.66   -0.12    3.40    1.95   13.23   31.16
T-A     0.00    0.00    0.00    0.00    0.00    0.00   -1.09    0.20    3.54   -6.21    7.66   32.35
G-C     0.00    0.00    0.00    0.00    0.00    0.00    0.47    1.02    3.23    4.39   -7.15   40.21
C-G     0.00    0.00    0.00    0.00    0.00    0.00   -0.37   -0.03    3.48   -7.30    4.39   37.83
A-T     0.00    0.00    0.00    0.00    0.00    0.00   -0.09    1.60    3.02    2.86  -22.32   40.91
G-C     0.00    0.00    0.00    0.00    0.00    0.00    0.42    0.11    3.51    2.86    1.26   35.88
A-T     0.00    0.00    0.00    0.00    0.00    0.00    0.02   -0.75    3.25    0.98   -5.85   36.06
T-A     0.00    0.00    0.00    0.00    0.00    0.00    0.35    0.34    3.02    2.94   -4.69   36.72
T-A     0.00    0.00    0.00    0.00    0.00    0.00    0.14   -1.26    3.41    3.82    5.02   29.89
C-G     0.00    0.00    0.00    0.00    0.00    0.00   -0.26   -0.30    2.72    4.17   10.43   27.56
T-A     0.00    0.00    0.00    0.00    0.00    0.00   -0.21   -0.49    3.80    1.30   11.94   29.03
A-T     0.00    0.00    0.00    0.00    0.00    0.00    1.87    0.64    3.66    1.92   21.80   33.97
C-G     0.00    0.00    0.00    0.00    0.00    0.00   -1.34   -0.32    2.91  -12.58    2.94   30.68
C-G     0.00    0.00    0.00    0.00    0.00    0.00    0.47   -0.32    2.70   13.51    7.01   29.20
A-T     0.00    0.00    0.00    0.00    0.00    0.00   -0.11    2.67    3.17   -4.75  -15.54   41.53
A-T     0.00    0.00    0.00    0.00    0.00    0.00    0.53    0.52    3.62    3.99    3.21   38.61
A-T     0.00    0.00    0.00    0.00    0.00    0.00    0.61   -0.09    3.32   -1.11   -7.81   40.33
A-T     0.00    0.00    0.00    0.00    0.00    0.00    0.04   -0.31    3.30   -1.85    4.30   32.10
G-C     0.00    0.00    0.00    0.00    0.00    0.00    0.30   -0.49    3.54    1.16    0.02   37.24
T-A     0.00    0.00    0.00    0.00    0.00    0.00   -0.36   -0.83    2.99    4.41   -1.55   28.22
G-C     0.00    0.00    0.00    0.00    0.00    0.00    1.17   -0.05    3.80    2.82   13.20   34.31
T-A     0.00    0.00    0.00    0.00    0.00    0.00   -1.51   -0.73    2.83   -3.02   15.45   23.79
A-T     0.00    0.00    0.00    0.00    0.00    0.00    0.10   -0.71    3.78   -5.20    0.41   42.02
T-A     0.00    0.00    0.00    0.00    0.00    0.00    0.29   -1.03    3.42    1.28    1.78   31.02
T-A     0.00    0.00    0.00    0.00    0.00    0.00    0.21   -0.18    3.04    3.18   -7.81   38.85
T-A     0.00    0.00    0.00    0.00    0.00    0.00    0.02   -0.19    3.58   -6.62    4.91   31.59
G-C     0.00    0.00    0.00    0.00    0.00    0.00   -0.75    2.42    3.20    1.72  -20.55   47.73
G-C     0.00    0.00    0.00    0.00    0.00    0.00    1.13    1.05    3.45    6.99    6.41   30.01
A-T     0.00    0.00    0.00    0.00    0.00    0.00   -1.29    0.88    3.04  -11.72    1.16   37.18
A-T     0.00    0.00    0.00    0.00    0.00    0.00    0.35   -0.42    3.22   -1.21    4.16   34.03
A-T     0.00    0.00    0.00    0.00    0.00    0.00   -0.28   -0.28    3.57   -2.40   14.09   31.48
C-G     0.00    0.00    0.00    0.00    0.00    0.00    0.15   -0.50    2.92    3.60   -3.17   32.84
T-A     0.00    0.00    0.00    0.00    0.00    0.00    1.13   -0.13    3.29    1.26   11.85   32.87
G-C     0.00    0.00    0.00    0.00    0.00    0.00   -1.48    0.52    3.65   -5.77   10.40   36.52
C-G     0.00    0.00    0.00    0.00    0.00    0.00    0.62    1.19    3.61    0.23  -11.50   46.63
T-A     0.00    0.00    0.00    0.00    0.00    0.00   -1.14    0.03    2.80    0.22   -0.34   31.44
C-G     0.00    0.00    0.00    0.00    0.00    0.00    1.78    1.80    3.23    8.17   -9.92   43.30
C-G     0.00    0.00    0.00    0.00    0.00    0.00   -0.94    0.36    3.45   -4.62    6.39   36.44
A-T     0.00    0.00    0.00    0.00    0.00    0.00    0.39    0.88    3.36   -4.59   -4.33   41.60
T-A     0.00    0.00    0.00    0.00    0.00    0.00    0.59   -0.61    2.90    5.89    0.06   29.04
C-G     0.00    0.00    0.00    0.00    0.00    0.00    0.19   -0.25    3.50    3.18    9.35   32.65
A-T     0.00    0.00    0.00    0.00    0.00    0.00   -0.45    0.34    4.14    3.57   18.27   34.27
A-T     0.00    0.00    0.00    0.00    0.00    0.00    0.50    0.71    3.06   -4.29    6.77   42.59
A-T     0.00    0.00    0.00    0.00    0.00    0.00   -0.84    0.59    3.04   -4.59   -4.39   35.25
A-T     0.00    0.00    0.00    0.00    0.00    0.00   -0.05   -0.78    3.54   -3.84    0.82   35.49
G-C     0.00    0.00    0.00    0.00    0.00    0.00   -0.17    1.06    3.66   -2.36   -5.88   40.97
G-C     0.00    0.00    0.00    0.00    0.00    0.00   -0.86    0.07    3.18   -6.29  -28.66   31.08
C-G     0.00    0.00    0.00    0.00    0.00    0.00    1.38   -0.14    4.53    0.22  -20.82   38.75
A-T     0.00    0.00    0.00    0.00    0.00    0.00   -0.25    0.69    3.23   14.58    6.66   42.44
T-A     0.00    0.00    0.00    0.00    0.00    0.00    0.25   -0.68    3.32   -3.33   15.63   21.65
G-C     0.00    0.00    0.00    0.00    0.00    0.00   -0.11    1.28    4.09   -0.93    7.63   40.64
T-A     0.00    0.00    0.00    0.00    0.00    0.00   -0.78   -0.60    3.39   -1.76    7.62   26.59
T-A     0.00    0.00    0.00    0.00    0.00    0.00    0.41    0.27    3.01    4.21    3.77   32.09
C-G     0.00    0.00    0.00    0.00    0.00    0.00    0.97    0.80    3.26    4.59    8.33   36.97
A-T     0.00    0.00    0.00    0.00    0.00    0.00   -0.62    1.63    3.66   -2.00   -4.92   45.14
G-C     0.00    0.00    0.00    0.00    0.00    0.00    0.79    0.97    3.51    5.31   -1.20   32.65
C-G     0.00    0.00    0.00    0.00    0.00    0.00   -0.50    0.55    3.26   -6.28   -4.62   41.34
T-A     0.00    0.00    0.00    0.00    0.00    0.00   -0.04    0.73    3.28    3.68   -1.79   36.25
G-C     0.00    0.00    0.00    0.00    0.00    0.00    0.80    0.99    3.16   -0.24    3.00   34.29
A-T     0.00    0.00    0.00    0.00    0.00    0.00   -0.86    0.05    3.35   -6.98    6.63   33.78
A-T     0.00    0.00    0.00    0.00    0.00    0.00   -0.16   -0.22    3.21    1.82    4.30   33.38
T-A     0.00    0.00    0.00    0.00    0.00    0.00    0.25   -0.59    3.41   -0.56    8.81   29.08
T-A     0.00    0.00    0.00    0.00    0.00    0.00    0.01   -0.20    3.22    3.93    8.88   33.98
C-G     0.00    0.00    0.00    0.00    0.00    0.00    0.14    0.28    3.27    2.18    6.78   30.55
A-T     0.00    0.00    0.00    0.00    0.00    0.00   -0.60    1.76    3.41   -1.00    0.16   42.65
G-C     0.00    0.00    0.00    0.00    0.00    0.00    0.94    0.60    3.30   -1.36   -3.94   36.29
C-G     0.00    0.00    0.00    0.00    0.00    0.00   -1.20    0.88    3.37   -3.33   -7.67   38.22
T-A     0.00    0.00    0.00    0.00    0.00    0.00    1.11    1.33    3.73    3.15   -5.79   43.07
G-C     0.00    0.00    0.00    0.00    0.00    0.00   -0.86    0.85    2.95   -3.30    5.49   33.14
A-T     0.00    0.00    0.00    0.00    0.00    0.00   -0.45    0.27    3.36   -1.98    4.65   33.00
A-T     0.00    0.00    0.00    0.00    0.00    0.00    0.41    0.28    3.34    2.39    9.83   33.59
C-G     0.00    0.00    0.00    0.00    0.00    0.00    0.35   -0.38    3.31    0.40    5.94   30.56
A-T     0.00    0.00    0.00    0.00    0.00    0.00   -0.33    0.63    3.68    0.73   12.30   35.71
T-A     0.00    0.00    0.00    0.00    0.00    0.00    0.31   -0.52    3.10    1.50    0.40   28.29
G-C     0.00    0.00    0.00    0.00    0.00    0.00    0.90    0.29    3.40   -0.43    8.73   36.25
C-G     0.00    0.00    0.00    0.00    0.00    0.00   -1.61    0.30    3.31   -2.31  -15.24   37.73
C-G     0.00    0.00    0.00    0.00    0.00    0.00    0.47    1.41    4.02    1.32   -8.56   45.60
T-A     0.00    0.00    0.00    0.00    0.00    0.00   -0.36    1.41    3.36    1.35   -9.76   40.95
T-A     0.00    0.00    0.00    0.00    0.00    0.00    0.30    0.21    2.94   -3.62    4.40   30.94
T-A     0.00    0.00    0.00    0.00    0.00    0.00    0.37    0.12    3.30    1.68    9.69   31.17
T-A     0.00    0.00    0.00    0.00    0.00    0.00   -0.03    0.46    3.52    2.00   14.23   33.33
G-C     0.00    0.00    0.00    0.00    0.00    0.00    0.13   -1.04    3.85    5.51   20.74   24.03
A-T     0.00    0.00    0.00    0.00    0.00    0.00    0.18   -0.06    2.91   -8.65    8.92   32.46
T-A     0.00    0.00    0.00    0.00    0.00    0.00   -0.23   -0.89    3.25   -2.34    3.70   25.89
G-C     0.00    0.00    0.00    0.00    0.00    0.00   -0.41    0.67    3.14    0.79   -2.02   38.88
G-C     0.00    0.00    0.00    0.00    0.00    0.00    0.86    0.25    3.44    6.89    1.34   33.47
A-T     0.00    0.00    0.00    0.00    0.00    0.00   -1.22    1.24    3.23   -9.17   -5.63   42.56
G-C     0.00    0.00    0.00    0.00    0.00    0.00    1.12    0.38    3.13    0.12   -7.53   34.87
C-G     0.00    0.00    0.00    0.00    0.00    0.00   -0.50    0.36    3.47   -0.02   -2.77   35.13
A-T     0.00    0.00    0.00    0.00    0.00    0.00    1.21    0.66    3.45    4.39    4.34   36.99
G-C     0.00    0.00    0.00    0.00    0.00    0.00   -1.20   -0.15    3.71   -3.97   11.07   37.15
T-A     0.00    0.00    0.00    0.00    0.00    0.00   -0.84   -0.47    3.17    0.10   13.85   30.45
T-A     0.00    0.00    0.00    0.00    0.00    0.00   -0.56   -0.36    3.21   -2.44    0.03   32.51
T-A     0.00    0.00    0.00    0.00    0.00    0.00    0.71   -0.07    3.22    0.94    8.15   34.45
C-G     0.00    0.00    0.00    0.00    0.00    0.00    1.18    0.82    2.81    8.95    0.35   35.71
C-G     0.00    0.00    0.00    0.00    0.00    0.00   -1.34    1.00    3.62  -10.37    5.54   30.09
A-T     0.00    0.00    0.00    0.00    0.00    0.00    0.35    2.35    3.23    7.81  -20.16   47.86
A-T     0.00    0.00    0.00    0.00    0.00    0.00    0.20   -0.19    3.18   -2.57    4.88   31.82
A-T     0.00    0.00    0.00    0.00    0.00    0.00   -0.53   -0.30    3.65    0.33    3.70   38.23
T-A     0.00    0.00    0.00    0.00    0.00    0.00   -0.24   -0.47    3.11    0.87   -4.48   31.32
A-T     0.00    0.00    0.00    0.00    0.00    0.00    0.37   -0.32    3.20  -11.65    5.42   38.74
C-G     0.00    0.00    0.00    0.00    0.00    0.00   -0.06   -1.05    3.04    3.19    3.11   22.80
A-T     0.00    0.00    0.00    0.00    0.00    0.00    0.15   -0.48    3.82    5.22   11.09   41.24
C-G     0.00    0.00    0.00    0.00    0.00    0.00    0.56   -0.54    3.36   -1.98    6.88   35.13
T-A     0.00    0.00    0.00    0.00    0.00    0.00   -0.55   -0.22    3.16    1.12    4.60   33.37
T-A     0.00    0.00    0.00    0.00    0.00    0.00   -0.02    0.01    3.53   -5.80   -4.26   33.77
T-A     0.00    0.00    0.00    0.00    0.00    0.00   -0.66   -0.12    3.01    2.92    1.38   33.60
T-A     0.00    0.00    0.00    0.00    0.00    0.00   -0.33    0.48    3.58   -2.28   -5.61   41.09
G-C     0.00    0.00    0.00    0.00    0.00    0.00    0.14    2.59    3.28    2.05   -3.10   41.35
G-C     0.00    0.00    0.00    0.00    0.00    0.00   -0.45    0.21    2.67  -12.42    2.72   26.53
T-A     0.00    0.00    0.00    0.00    0.00    0.00    0.62   -0.52    3.22    4.23    7.09   31.58
A-T     0.00    0.00    0.00    0.00    0.00    0.00   -0.79    0.06    3.60    3.13   14.26   35.28
G-C     0.00    0.00    0.00    0.00    0.00    0.00    0.20   -0.06    3.27    0.23    9.87   29.58
A-T     0.00    0.00    0.00    0.00    0.00    0.00   -0.53   -0.92    3.07   -5.49   13.67   23.85
A-T     0.00    0.00    0.00    0.00    0.00    0.00    0.95   -0.40    3.07   -7.54    1.79   36.51
T-A     0.00    0.00    0.00    0.00    0.00    0.00   -0.44   -0.92    3.34    0.01  -10.16   29.76
C-G     0.00    0.00    0.00    0.00    0.00    0.00    0.48   -0.43    3.50    4.00   -2.64   40.91
T-A     0.00    0.00    0.00    0.00    0.00    0.00   -0.79   -0.30    3.44   -5.36    6.00   32.38
G-C     0.00    0.00    0.00    0.00    0.00    0.00   -0.26    2.30    2.95    2.21  -16.75   46.29
C-G     0.00    0.00    0.00    0.00    0.00    0.00    0.33    0.44    3.03    4.28    6.26   31.00
A-T     0.00    0.00    0.00    0.00    0.00    0.00    0.18    2.40    3.45    1.33   -5.13   45.14
G-C     0.00    0.00    0.00    0.00    0.00    0.00    0.23    0.70    2.81   -6.19    7.68   28.14
G-C     0.00    0.00    0.00    0.00    0.00    0.00   -0.54   -0.47    3.58   -0.46   16.51   31.67
T-A     0.00    0.00    0.00    0.00    0.00    0.00   -0.65   -0.49    3.33   -2.22    5.61   32.60
G-C     0.00    0.00    0.00    0.00    0.00    0.00    0.12    0.12    3.48    1.82    9.50   33.38
G-C     0.00    0.00    0.00    0.00    0.00    0.00    0.77    0.51    3.16    0.21    6.53   28.71
A-T     0.00    0.00    0.00    0.00    0.00    0.00   -0.40   -0.29    3.18   -3.55    3.88   39.62
T-A     0.00    0.00    0.00    0.00    0.00    0.00   -0.07   -0.78    3.27   -0.50   -2.65   30.47
A-T     0.00    0.00    0.00    0.00    0.00    0.00   -0.19   -0.08    3.73    2.04   -1.99   42.22
T-A     0.00    0.00    0.00    0.00    0.00    0.00   -0.61   -0.85    3.01   -5.77   -4.59   30.97
T-A     0.00    0.00    0.00    0.00    0.00    0.00    0.56   -0.05    3.30    3.35    1.29   35.81
G-C     0.00    0.00    0.00    0.00    0.00    0.00   -0.28   -0.10    3.37    4.21    2.64   36.72
A-T     0.00    0.00    0.00    0.00    0.00    0.00   -0.16    0.05    3.28   -3.21    6.54   29.40
T-A     0.00    0.00    0.00    0.00    0.00    0.00    0.82   -0.66    3.18   -0.97   -0.35   36.27
