 146 base-pairs
   0  ***local base-pair & step parameters***
       Shear  Stretch  Stagger Buckle Prop-Tw Opening   Shift  Slide    Rise    Tilt    Roll   Twist
A-T     0.00    0.00    0.00    0.00    0.00    0.00    0.00    0.00    0.00    0.00    0.00    0.00
T-A     0.00    0.00    0.00    0.00    0.00    0.00   -1.15   -0.33    3.32   -3.57   -8.28   34.41
C-G     0.00    0.00    0.00    0.00    0.00    0.00    0.97    0.21    2.92    5.49   -1.32   38.40
A-T     0.00    0.00    0.00    0.00    0.00    0.00   -0.22    0.77    3.51   -3.68    4.04   34.91
A-T     0.00    0.00    0.00    0.00    0.00    0.00   -0.48   -0.08    3.24   -3.49    4.57   36.14
T-A     0.00    0.00    0.00    0.00    0.00    0.00    0.54   -1.18    2.99    7.95    5.08   29.69
A-T     0.00    0.00    0.00    0.00    0.00    0.00    0.02   -0.57    3.61   -4.68    4.14   37.25
T-A     0.00    0.00    0.00    0.00    0.00    0.00   -0.14   -1.35    3.21    5.55    2.90   32.02
C-G     0.00    0.00    0.00    0.00    0.00    0.00    1.03    0.05    3.38    0.72    0.20   33.40
C-G     0.00    0.00    0.00    0.00    0.00    0.00   -0.34    0.20    3.14   -1.74    6.28   29.25
A-T     0.00    0.00    0.00    0.00    0.00    0.00   -1.18    0.99    3.44   -1.62   -0.69   35.72
C-G     0.00    0.00    0.00    0.00    0.00    0.00    0.45   -0.50    3.33   -1.15   -1.50   37.13
C-G     0.00    0.00    0.00    0.00    0.00    0.00    0.56    0.22    3.40    1.70    6.93   32.99
T-A     0.00    0.00    0.00    0.00    0.00    0.00   -1.10    0.40    3.55   -6.02    5.76   32.32
G-C     0.00    0.00    0.00    0.00    0.00    0.00    0.57    1.00    3.25    4.96   -3.95   38.38
C-G     0.00    0.00    0.00    0.00    0.00    0.00   -0.21   -0.27    3.50   -6.57   11.51   34.85
A-T     0.00    0.00    0.00    0.00    0.00    0.00    0.06    1.20    3.03    3.46  -13.90   37.84
G-C     0.00    0.00    0.00    0.00    0.00    0.00    0.49   -0.31    3.51    3.07    7.89   33.76
A-T     0.00    0.00    0.00    0.00    0.00    0.00   -0.01   -1.04    3.24    0.70   -3.42   35.61
T-A     0.00    0.00    0.00    0.00    0.00    0.00    0.22    0.30    3.00    2.27   -7.32   38.07
T-A     0.00    0.00    0.00    0.00    0.00    0.00   -0.03   -1.02    3.40    3.02   -1.68   32.56
C-G     0.00    0.00    0.00    0.00    0.00    0.00   -0.39    0.15    2.72    3.57    2.13   30.63
T-A     0.00    0.00    0.00    0.00    0.00    0.00   -0.25    0.01    3.81    1.15    5.08   31.45
A-T     0.00    0.00    0.00    0.00    0.00    0.00    1.94    1.00    3.68    2.29   18.85   34.92
C-G     0.00    0.00    0.00    0.00    0.00    0.00   -1.20   -0.24    2.93  -11.85    4.92   29.84
C-G     0.00    0.00    0.00    0.00    0.00    0.00    0.63   -0.56    2.71   14.32   13.14   26.85
A-T     0.00    0.00    0.00    0.00    0.00    0.00   -0.01    2.18    3.17   -4.20   -7.53   38.47
A-T     0.00    0.00    0.00    0.00    0.00    0.00    0.53   -0.04    3.61    4.07   10.18   35.88
A-T     0.00    0.00    0.00    0.00    0.00    0.00    0.51   -0.51    3.30   -1.55   -4.36   38.89
A-T     0.00    0.00    0.00    0.00    0.00    0.00   -0.11   -0.42    3.28   -2.61    3.06   32.45
G-C     0.00    0.00    0.00    0.00    0.00    0.00    0.15   -0.24    3.54    0.38   -5.39   39.29
T-A     0.00    0.00    0.00    0.00    0.00    0.00   -0.43   -0.31    3.00    3.92   -9.14   31.30
G-C     0.00    0.00    0.00    0.00    0.00    0.00    1.20    0.56    3.82    2.83    6.19   37.35
T-A     0.00    0.00    0.00    0.00    0.00    0.00   -1.39   -0.28    2.85   -2.54   11.48   25.72
A-T     0.00    0.00    0.00    0.00    0.00    0.00    0.25   -0.58    3.79   -4.45    0.82   42.14
T-A     0.00    0.00    0.00    0.00    0.00    0.00    0.41   -1.28    3.42    1.99    6.35   29.25
T-A     0.00    0.00    0.00    0.00    0.00    0.00    0.25   -0.72    3.03    3.56   -0.77   35.77
T-A     0.00    0.00    0.00    0.00    0.00    0.00   -0.04   -0.82    3.56   -6.69   11.90   28.27
G-C     0.00    0.00    0.00    0.00    0.00    0.00   -0.87    1.95    3.18    1.23  -16.05   45.35
G-C     0.00    0.00    0.00    0.00    0.00    0.00    0.99    0.92    3.44    6.30    6.90   29.45
A-T     0.00    0.00    0.00    0.00    0.00    0.00   -1.37    1.14    3.05  -12.32   -2.47   38.69
A-T     0.00    0.00    0.00    0.00    0.00    0.00    0.35    0.13    3.24   -1.50   -2.25   37.11
A-T     0.00    0.00    0.00    0.00    0.00    0.00   -0.19    0.36    3.59   -2.27    7.15   35.05
C-G     0.00    0.00    0.00    0.00    0.00    0.00    0.27   -0.03    2.93    4.06   -8.23   35.61
T-A     0.00    0.00    0.00    0.00    0.00    0.00    1.23    0.00    3.29    1.85   10.39   33.82
G-C     0.00    0.00    0.00    0.00    0.00    0.00   -1.44    0.26    3.64   -5.29   13.00   35.26
C-G     0.00    0.00    0.00    0.00    0.00    0.00    0.58    0.65    3.59    0.42   -5.77   43.58
T-A     0.00    0.00    0.00    0.00    0.00    0.00   -1.23   -0.59    2.78    0.08    6.52   27.68
C-G     0.00    0.00    0.00    0.00    0.00    0.00    1.68    1.35    3.22    7.79   -4.30   40.20
C-G     0.00    0.00    0.00    0.00    0.00    0.00   -1.01    0.23    3.46   -5.07    8.85   35.16
A-T     0.00    0.00    0.00    0.00    0.00    0.00    0.39    1.12    3.38   -4.92   -5.89   42.63
T-A     0.00    0.00    0.00    0.00    0.00    0.00    0.66   -0.10    2.92    5.77   -4.98   32.04
C-G     0.00    0.00    0.00    0.00    0.00    0.00    0.28    0.32    3.51    3.30    2.57   36.54
A-T     0.00    0.00    0.00    0.00    0.00    0.00   -0.37    0.77    4.14    3.84   12.08   37.61
A-T     0.00    0.00    0.00    0.00    0.00    0.00    0.52    0.84    3.05   -4.00    3.31   44.15
A-T     0.00    0.00    0.00    0.00    0.00    0.00   -0.88    0.38    3.02   -4.39   -3.89   34.44
A-T     0.00    0.00    0.00    0.00    0.00    0.00   -0.13   -1.23    3.52   -3.78    5.15   32.59
G-C     0.00    0.00    0.00    0.00    0.00    0.00   -0.25    0.54    3.65   -2.42    0.82   37.04
G-C     0.00    0.00    0.00    0.00    0.00    0.00   -0.90   -0.33    3.19   -6.42  -21.91   27.57
C-G     0.00    0.00    0.00    0.00    0.00    0.00    1.40   -0.28    4.55    0.10  -16.39   36.96
A-T     0.00    0.00    0.00    0.00    0.00    0.00   -0.18    0.85    3.25   14.49    7.17   43.02
T-A     0.00    0.00    0.00    0.00    0.00    0.00    0.34   -0.30    3.33   -3.37   11.98   24.39
G-C     0.00    0.00    0.00    0.00    0.00    0.00   -0.06    1.74    4.09   -0.96    1.03   44.53
T-A     0.00    0.00    0.00    0.00    0.00    0.00   -0.79   -0.24    3.38   -1.80    0.36   30.19
T-A     0.00    0.00    0.00    0.00    0.00    0.00    0.35    0.43    2.99    4.17   -1.56   34.08
C-G     0.00    0.00    0.00    0.00    0.00    0.00    0.88    0.72    3.24    4.58    6.86   36.63
A-T     0.00    0.00    0.00    0.00    0.00    0.00   -0.70    1.35    3.65   -1.94   -1.91   42.61
G-C     0.00    0.00    0.00    0.00    0.00    0.00    0.77    0.58    3.52    5.46    5.28   28.88
C-G     0.00    0.00    0.00    0.00    0.00    0.00   -0.45    0.21    3.28   -6.08    3.07   37.73
T-A     0.00    0.00    0.00    0.00    0.00    0.00    0.06    0.54    3.30    3.87    4.34   34.10
G-C     0.00    0.00    0.00    0.00    0.00    0.00    0.91    0.99    3.17   -0.17    5.33   34.36
A-T     0.00    0.00    0.00    0.00    0.00    0.00   -0.81    0.24    3.35   -7.09    4.24   36.01
A-T     0.00    0.00    0.00    0.00    0.00    0.00   -0.18    0.09    3.20    1.53   -2.02   36.93
T-A     0.00    0.00    0.00    0.00    0.00    0.00    0.16   -0.26    3.39   -0.94    0.80   32.64
T-A     0.00    0.00    0.00    0.00    0.00    0.00   -0.11    0.04    3.20    3.63    2.07   36.27
C-G     0.00    0.00    0.00    0.00    0.00    0.00    0.04    0.37    3.26    2.09    3.68   30.78
A-T     0.00    0.00    0.00    0.00    0.00    0.00   -0.62    1.67    3.41   -0.81    1.97   40.78
G-C     0.00    0.00    0.00    0.00    0.00    0.00    1.00    0.36    3.32   -0.92    2.17   33.02
C-G     0.00    0.00    0.00    0.00    0.00    0.00   -1.07    0.56    3.39   -2.81    0.55   34.76
T-A     0.00    0.00    0.00    0.00    0.00    0.00    1.25    1.03    3.74    3.54    1.54   40.64
G-C     0.00    0.00    0.00    0.00    0.00    0.00   -0.78    0.66    2.95   -3.22    9.24   32.57
A-T     0.00    0.00    0.00    0.00    0.00    0.00   -0.46    0.26    3.35   -2.27    3.40   34.46
A-T     0.00    0.00    0.00    0.00    0.00    0.00    0.31    0.46    3.32    1.82    4.02   36.50
C-G     0.00    0.00    0.00    0.00    0.00    0.00    0.20   -0.06    3.29   -0.23   -2.32   33.89
A-T     0.00    0.00    0.00    0.00    0.00    0.00   -0.46    0.99    3.67    0.30    4.60   38.28
T-A     0.00    0.00    0.00    0.00    0.00    0.00    0.25   -0.24    3.10    1.47   -3.90   29.22
G-C     0.00    0.00    0.00    0.00    0.00    0.00    0.95    0.38    3.42   -0.03    9.41   35.27
C-G     0.00    0.00    0.00    0.00    0.00    0.00   -1.48    0.17    3.33   -1.62   -9.83   35.21
C-G     0.00    0.00    0.00    0.00    0.00    0.00    0.63    1.07    4.03    2.03   -0.41   42.43
T-A     0.00    0.00    0.00    0.00    0.00    0.00   -0.24    0.98    3.36    1.78   -1.86   38.24
T-A     0.00    0.00    0.00    0.00    0.00    0.00    0.32   -0.16    2.93   -3.66    9.16   29.60
T-A     0.00    0.00    0.00    0.00    0.00    0.00    0.28   -0.06    3.28    1.18    9.58   31.64
T-A     0.00    0.00    0.00    0.00    0.00    0.00   -0.18    0.56    3.50    1.23    9.33   35.43
G-C     0.00    0.00    0.00    0.00    0.00    0.00   -0.03   -0.68    3.84    4.77   12.88   27.03
A-T     0.00    0.00    0.00    0.00    0.00    0.00    0.09    0.43    2.91   -9.05    0.97   35.33
T-A     0.00    0.00    0.00    0.00    0.00    0.00   -0.22   -0.44    3.26   -2.23   -1.44   27.65
G-C     0.00    0.00    0.00    0.00    0.00    0.00   -0.29    0.91    3.16    1.37   -2.52   38.93
G-C     0.00    0.00    0.00    0.00    0.00    0.00    1.02    0.17    3.45    7.70    5.61   31.80
A-T     0.00    0.00    0.00    0.00    0.00    0.00   -1.08    0.85    3.23   -8.44    1.79   39.73
G-C     0.00    0.00    0.00    0.00    0.00    0.00    1.17   -0.17    3.12    0.45    0.32   31.84
C-G     0.00    0.00    0.00    0.00    0.00    0.00   -0.55   -0.16    3.45   -0.22    2.69   32.94
A-T     0.00    0.00    0.00    0.00    0.00    0.00    1.08    0.38    3.43    3.75    5.49   36.41
G-C     0.00    0.00    0.00    0.00    0.00    0.00   -1.36   -0.08    3.70   -4.79    7.57   38.41
T-A     0.00    0.00    0.00    0.00    0.00    0.00   -0.96   -0.06    3.17   -0.57    7.03   33.13
T-A     0.00    0.00    0.00    0.00    0.00    0.00   -0.58    0.23    3.22   -2.68   -7.61   35.71
T-A     0.00    0.00    0.00    0.00    0.00    0.00    0.78    0.49    3.24    1.20    2.40   37.05
C-G     0.00    0.00    0.00    0.00    0.00    0.00    1.32    1.13    2.83    9.60   -1.50   36.79
C-G     0.00    0.00    0.00    0.00    0.00    0.00   -1.19    0.93    3.62   -9.60    8.16   29.23
A-T     0.00    0.00    0.00    0.00    0.00    0.00    0.43    1.93    3.22    8.38  -14.07   45.33
A-T     0.00    0.00    0.00    0.00    0.00    0.00    0.18   -0.80    3.16   -2.41   12.23   28.47
A-T     0.00    0.00    0.00    0.00    0.00    0.00   -0.63   -0.87    3.63    0.03    9.72   35.24
T-A     0.00    0.00    0.00    0.00    0.00    0.00   -0.37   -0.78    3.10    0.25   -1.88   29.78
A-T     0.00    0.00    0.00    0.00    0.00    0.00    0.26   -0.25    3.20  -12.33    3.77   39.23
C-G     0.00    0.00    0.00    0.00    0.00    0.00   -0.10   -0.62    3.05    2.72   -2.15   25.20
A-T     0.00    0.00    0.00    0.00    0.00    0.00    0.20    0.15    3.84    5.14    4.11   44.72
C-G     0.00    0.00    0.00    0.00    0.00    0.00    0.67    0.04    3.38   -1.67    0.60   38.46
T-A     0.00    0.00    0.00    0.00    0.00    0.00   -0.43    0.10    3.17    1.67    1.20   35.32
T-A     0.00    0.00    0.00    0.00    0.00    0.00    0.05   -0.06    3.52   -5.24   -3.66   33.61
T-A     0.00    0.00    0.00    0.00    0.00    0.00   -0.66   -0.54    2.99    3.26    5.75   31.34
T-A     0.00    0.00    0.00    0.00    0.00    0.00   -0.40   -0.13    3.56   -2.26    0.98   37.52
G-C     0.00    0.00    0.00    0.00    0.00    0.00    0.04    2.03    3.27    1.77    3.43   37.75
G-C     0.00    0.00    0.00    0.00    0.00    0.00   -0.54   -0.10    2.67  -12.86    6.94   24.23
T-A     0.00    0.00    0.00    0.00    0.00    0.00    0.58   -0.47    3.23    3.81    7.56   31.45
A-T     0.00    0.00    0.00    0.00    0.00    0.00   -0.75    0.45    3.62    2.89   10.82   37.39
G-C     0.00    0.00    0.00    0.00    0.00    0.00    0.28    0.51    3.29    0.24    3.69   33.19
A-T     0.00    0.00    0.00    0.00    0.00    0.00   -0.44   -0.40    3.08   -5.28    6.88   27.64
A-T     0.00    0.00    0.00    0.00    0.00    0.00    1.00   -0.10    3.06   -7.25   -3.26   39.09
T-A     0.00    0.00    0.00    0.00    0.00    0.00   -0.46   -0.96    3.32    0.27  -11.71   30.16
C-G     0.00    0.00    0.00    0.00    0.00    0.00    0.42   -0.78    3.48    4.13   -0.11   38.96
T-A     0.00    0.00    0.00    0.00    0.00    0.00   -0.87   -0.80    3.43   -5.37   11.77   28.79
G-C     0.00    0.00    0.00    0.00    0.00    0.00   -0.33    1.82    2.95    2.11   -9.72   42.39
C-G     0.00    0.00    0.00    0.00    0.00    0.00    0.32    0.16    3.04    4.15   12.11   28.21
A-T     0.00    0.00    0.00    0.00    0.00    0.00    0.23    2.41    3.47    1.23   -2.53   44.50
G-C     0.00    0.00    0.00    0.00    0.00    0.00    0.31    0.98    2.83   -6.25    6.04   29.89
G-C     0.00    0.00    0.00    0.00    0.00    0.00   -0.47   -0.04    3.59   -0.49   11.15   35.15
T-A     0.00    0.00    0.00    0.00    0.00    0.00   -0.63   -0.06    3.32   -2.25   -1.64   36.53
G-C     0.00    0.00    0.00    0.00    0.00    0.00    0.08    0.40    3.46    1.78    2.91   36.31
G-C     0.00    0.00    0.00    0.00    0.00    0.00    0.69    0.55    3.14    0.18    2.96   29.57
A-T     0.00    0.00    0.00    0.00    0.00    0.00   -0.50   -0.49    3.17   -3.53    4.68   38.11
T-A     0.00    0.00    0.00    0.00    0.00    0.00   -0.12   -1.13    3.27   -0.39    2.31   27.17
A-T     0.00    0.00    0.00    0.00    0.00    0.00   -0.18   -0.46    3.74    2.23    5.43   38.35
T-A     0.00    0.00    0.00    0.00    0.00    0.00   -0.53   -1.13    3.03   -5.56    2.66   27.95
T-A     0.00    0.00    0.00    0.00    0.00    0.00    0.67   -0.15    3.32    3.49    5.73   34.73
G-C     0.00    0.00    0.00    0.00    0.00    0.00   -0.19    0.01    3.38    4.20    2.62   37.93
A-T     0.00    0.00    0.00    0.00    0.00    0.00   -0.14    0.31    3.27   -3.42    1.98   32.44
T-A     0.00    0.00    0.00    0.00    0.00    0.00    0.77   -0.33    3.16   -1.31   -7.87   40.00
