 146 base-pairs
   0  ***local base-pair & step parameters***
       Shear  Stretch  Stagger Buckle Prop-Tw Opening   Shift  Slide    Rise    Tilt    Roll   Twist
A-T     0.00    0.00    0.00    0.00    0.00    0.00    0.00    0.00    0.00    0.00    0.00    0.00
T-A     0.00    0.00    0.00    0.00    0.00    0.00   -1.16   -0.90    3.30   -3.42    1.55   30.70
C-G     0.00    0.00    0.00    0.00    0.00    0.00    0.96   -0.16    2.90    5.45    4.15   36.51
A-T     0.00    0.00    0.00    0.00    0.00    0.00   -0.23    0.75    3.49   -3.92    3.14   35.54
A-T     0.00    0.00    0.00    0.00    0.00    0.00   -0.48    0.26    3.24   -3.84   -2.33   39.05
T-A     0.00    0.00    0.00    0.00    0.00    0.00    0.54   -0.61    3.00    7.61   -5.22   33.80
A-T     0.00    0.00    0.00    0.00    0.00    0.00    0.02    0.02    3.63   -4.90   -5.73   41.07
T-A     0.00    0.00    0.00    0.00    0.00    0.00   -0.14   -0.96    3.23    5.55   -2.89   34.16
C-G     0.00    0.00    0.00    0.00    0.00    0.00    1.03    0.10    3.39    0.93    0.60   33.08
C-G     0.00    0.00    0.00    0.00    0.00    0.00   -0.34   -0.11    3.14   -1.38   12.66   26.60
A-T     0.00    0.00    0.00    0.00    0.00    0.00   -1.18    0.44    3.43   -1.23    9.25   31.72
C-G     0.00    0.00    0.00    0.00    0.00    0.00    0.45   -1.09    3.31   -0.88    8.29   33.24
C-G     0.00    0.00    0.00    0.00    0.00    0.00    0.57   -0.19    3.38    1.76   12.98   30.62
T-A     0.00    0.00    0.00    0.00    0.00    0.00   -1.09    0.31    3.54   -6.21    5.87   32.33
G-C     0.00    0.00    0.00    0.00    0.00    0.00    0.57    1.27    3.25    4.59   -9.73   40.73
C-G     0.00    0.00    0.00    0.00    0.00    0.00   -0.22    0.25    3.51   -6.99    2.05   38.68
A-T     0.00    0.00    0.00    0.00    0.00    0.00    0.04    1.79    3.05    3.13  -23.51   41.75
G-C     0.00    0.00    0.00    0.00    0.00    0.00    0.48    0.12    3.53    2.97    1.67   36.33
A-T     0.00    0.00    0.00    0.00    0.00    0.00   -0.02   -0.91    3.25    0.87   -4.04   35.92
T-A     0.00    0.00    0.00    0.00    0.00    0.00    0.22    0.07    3.00    2.65   -2.21   36.04
T-A     0.00    0.00    0.00    0.00    0.00    0.00   -0.02   -1.51    3.38    3.48    7.18   28.93
C-G     0.00    0.00    0.00    0.00    0.00    0.00   -0.37   -0.43    2.70    3.95   11.44   26.74
T-A     0.00    0.00    0.00    0.00    0.00    0.00   -0.22   -0.44    3.79    1.30   11.42   28.71
A-T     0.00    0.00    0.00    0.00    0.00    0.00    1.96    0.85    3.67    2.15   19.97   34.30
C-G     0.00    0.00    0.00    0.00    0.00    0.00   -1.19   -0.05    2.94  -12.22    0.54   31.53
C-G     0.00    0.00    0.00    0.00    0.00    0.00    0.62   -0.10    2.73   13.84    4.97   30.22
A-T     0.00    0.00    0.00    0.00    0.00    0.00   -0.03    2.74    3.19   -4.61  -16.43   42.28
A-T     0.00    0.00    0.00    0.00    0.00    0.00    0.50    0.41    3.63    3.87    3.81   38.77
A-T     0.00    0.00    0.00    0.00    0.00    0.00    0.48   -0.32    3.31   -1.44   -5.97   39.81
A-T     0.00    0.00    0.00    0.00    0.00    0.00   -0.12   -0.56    3.27   -2.24    6.67   31.12
G-C     0.00    0.00    0.00    0.00    0.00    0.00    0.16   -0.65    3.52    0.88    1.98   36.21
T-A     0.00    0.00    0.00    0.00    0.00    0.00   -0.40   -0.84    2.98    4.38   -0.76   27.59
G-C     0.00    0.00    0.00    0.00    0.00    0.00    1.24    0.10    3.80    3.06   12.52   34.36
T-A     0.00    0.00    0.00    0.00    0.00    0.00   -1.36   -0.50    2.85   -2.62   13.56   24.51
A-T     0.00    0.00    0.00    0.00    0.00    0.00    0.26   -0.49    3.80   -4.81   -1.96   43.10
T-A     0.00    0.00    0.00    0.00    0.00    0.00    0.39   -0.92    3.44    1.46   -0.14   32.01
T-A     0.00    0.00    0.00    0.00    0.00    0.00    0.21   -0.22    3.05    3.08   -8.53   39.31
T-A     0.00    0.00    0.00    0.00    0.00    0.00   -0.09   -0.37    3.57   -6.97    5.68   31.33
G-C     0.00    0.00    0.00    0.00    0.00    0.00   -0.91    2.20    3.18    1.27  -18.57   46.84
G-C     0.00    0.00    0.00    0.00    0.00    0.00    0.98    0.88    3.43    6.65    8.83   28.88
A-T     0.00    0.00    0.00    0.00    0.00    0.00   -1.35    0.83    3.03  -11.79    3.07   36.29
A-T     0.00    0.00    0.00    0.00    0.00    0.00    0.40   -0.33    3.22   -0.98    4.81   33.76
A-T     0.00    0.00    0.00    0.00    0.00    0.00   -0.14   -0.09    3.58   -1.96   13.18   31.96
C-G     0.00    0.00    0.00    0.00    0.00    0.00    0.31   -0.30    2.93    4.05   -5.29   33.86
T-A     0.00    0.00    0.00    0.00    0.00    0.00    1.24   -0.01    3.30    1.52    9.33   33.99
G-C     0.00    0.00    0.00    0.00    0.00    0.00   -1.47    0.52    3.66   -5.83    8.48   37.27
C-G     0.00    0.00    0.00    0.00    0.00    0.00    0.53    1.07    3.61   -0.12  -12.03   46.68
T-A     0.00    0.00    0.00    0.00    0.00    0.00   -1.29   -0.15    2.79   -0.26    0.74   30.77
C-G     0.00    0.00    0.00    0.00    0.00    0.00    1.63    1.64    3.22    7.77   -7.62   42.20
C-G     0.00    0.00    0.00    0.00    0.00    0.00   -1.02    0.29    3.44   -4.76    9.01   35.38
A-T     0.00    0.00    0.00    0.00    0.00    0.00    0.42    0.92    3.36   -4.39   -2.44   41.03
T-A     0.00    0.00    0.00    0.00    0.00    0.00    0.72   -0.48    2.90    6.33    0.43   29.21
C-G     0.00    0.00    0.00    0.00    0.00    0.00    0.35   -0.09    3.50    3.67    8.02   33.49
A-T     0.00    0.00    0.00    0.00    0.00    0.00   -0.32    0.46    4.15    3.90   15.74   35.40
A-T     0.00    0.00    0.00    0.00    0.00    0.00    0.54    0.74    3.07   -4.28    4.03   43.54
A-T     0.00    0.00    0.00    0.00    0.00    0.00   -0.90    0.52    3.04   -4.91   -6.22   35.61
A-T     0.00    0.00    0.00    0.00    0.00    0.00   -0.19   -0.91    3.54   -4.35    0.67   35.12
G-C     0.00    0.00    0.00    0.00    0.00    0.00   -0.32    0.93    3.66   -2.82   -4.25   40.02
G-C     0.00    0.00    0.00    0.00    0.00    0.00   -0.95    0.00    3.18   -6.50  -25.87   29.97
C-G     0.00    0.00    0.00    0.00    0.00    0.00    1.38   -0.12    4.53    0.35  -18.00   37.96
A-T     0.00    0.00    0.00    0.00    0.00    0.00   -0.15    0.77    3.23   15.00    8.36   42.29
T-A     0.00    0.00    0.00    0.00    0.00    0.00    0.40   -0.57    3.31   -2.81   15.48   22.21
G-C     0.00    0.00    0.00    0.00    0.00    0.00    0.02    1.37    4.09   -0.54    5.65   41.66
T-A     0.00    0.00    0.00    0.00    0.00    0.00   -0.73   -0.57    3.39   -1.68    4.58   27.62
T-A     0.00    0.00    0.00    0.00    0.00    0.00    0.36    0.23    3.01    3.94    0.91   32.71
C-G     0.00    0.00    0.00    0.00    0.00    0.00    0.85    0.73    3.26    4.10    6.83   36.90
A-T     0.00    0.00    0.00    0.00    0.00    0.00   -0.77    1.55    3.66   -2.50   -4.40   44.43
G-C     0.00    0.00    0.00    0.00    0.00    0.00    0.69    0.92    3.52    5.02    1.17   31.61
C-G     0.00    0.00    0.00    0.00    0.00    0.00   -0.51    0.55    3.27   -6.22   -1.35   40.42
T-A     0.00    0.00    0.00    0.00    0.00    0.00    0.04    0.78    3.28    4.06    1.04   35.83
G-C     0.00    0.00    0.00    0.00    0.00    0.00    0.94    1.05    3.15    0.29    4.21   34.54
A-T     0.00    0.00    0.00    0.00    0.00    0.00   -0.74    0.09    3.34   -6.54    5.68   34.58
A-T     0.00    0.00    0.00    0.00    0.00    0.00   -0.10   -0.21    3.20    1.98    1.54   34.38
T-A     0.00    0.00    0.00    0.00    0.00    0.00    0.22   -0.61    3.40   -0.76    5.36   29.84
T-A     0.00    0.00    0.00    0.00    0.00    0.00   -0.10   -0.24    3.22    3.47    6.16   34.20
C-G     0.00    0.00    0.00    0.00    0.00    0.00    0.01    0.25    3.28    1.66    5.95   30.14
A-T     0.00    0.00    0.00    0.00    0.00    0.00   -0.69    1.76    3.42   -1.34    1.59   41.81
G-C     0.00    0.00    0.00    0.00    0.00    0.00    0.92    0.62    3.32   -1.37   -0.81   35.38
C-G     0.00    0.00    0.00    0.00    0.00    0.00   -1.13    0.91    3.37   -3.01   -4.12   37.62
T-A     0.00    0.00    0.00    0.00    0.00    0.00    1.23    1.35    3.72    3.66   -3.30   43.03
G-C     0.00    0.00    0.00    0.00    0.00    0.00   -0.74    0.84    2.93   -2.83    5.86   33.65
A-T     0.00    0.00    0.00    0.00    0.00    0.00   -0.39    0.24    3.34   -1.76    2.71   33.84
A-T     0.00    0.00    0.00    0.00    0.00    0.00    0.39    0.25    3.33    2.27    6.37   34.38
C-G     0.00    0.00    0.00    0.00    0.00    0.00    0.26   -0.40    3.31   -0.01    2.38   30.99
A-T     0.00    0.00    0.00    0.00    0.00    0.00   -0.44    0.64    3.69    0.23   10.13   35.60
T-A     0.00    0.00    0.00    0.00    0.00    0.00    0.22   -0.48    3.12    1.12    0.56   27.72
G-C     0.00    0.00    0.00    0.00    0.00    0.00    0.88    0.34    3.43   -0.51   11.17   35.47
C-G     0.00    0.00    0.00    0.00    0.00    0.00   -1.56    0.34    3.32   -2.06  -11.52   37.07
C-G     0.00    0.00    0.00    0.00    0.00    0.00    0.57    1.41    4.01    1.78   -5.11   45.33
T-A     0.00    0.00    0.00    0.00    0.00    0.00   -0.26    1.36    3.34    1.82   -8.02   41.16
T-A     0.00    0.00    0.00    0.00    0.00    0.00    0.35    0.13    2.91   -3.36    3.68   31.53
T-A     0.00    0.00    0.00    0.00    0.00    0.00    0.35    0.05    3.28    1.63    6.79   31.87
T-A     0.00    0.00    0.00    0.00    0.00    0.00   -0.10    0.44    3.51    1.66   10.35   33.84
G-C     0.00    0.00    0.00    0.00    0.00    0.00    0.03   -1.00    3.86    5.03   17.51   24.17
A-T     0.00    0.00    0.00    0.00    0.00    0.00    0.11    0.03    2.93   -9.04    7.69   32.18
T-A     0.00    0.00    0.00    0.00    0.00    0.00   -0.25   -0.79    3.27   -2.48    5.00   25.33
G-C     0.00    0.00    0.00    0.00    0.00    0.00   -0.36    0.74    3.16    0.96    1.29   38.28
G-C     0.00    0.00    0.00    0.00    0.00    0.00    0.94    0.25    3.44    7.29    5.27   33.08
A-T     0.00    0.00    0.00    0.00    0.00    0.00   -1.14    1.16    3.21   -8.72   -2.72   42.52
G-C     0.00    0.00    0.00    0.00    0.00    0.00    1.16    0.26    3.10    0.41   -6.86   35.17
C-G     0.00    0.00    0.00    0.00    0.00    0.00   -0.52    0.24    3.44   -0.02   -4.64   35.63
A-T     0.00    0.00    0.00    0.00    0.00    0.00    1.14    0.61    3.43    4.12    0.72   37.47
G-C     0.00    0.00    0.00    0.00    0.00    0.00   -1.29   -0.11    3.71   -4.39    7.21   37.43
T-A     0.00    0.00    0.00    0.00    0.00    0.00   -0.91   -0.34    3.19   -0.28   11.36   30.43
T-A     0.00    0.00    0.00    0.00    0.00    0.00   -0.56   -0.21    3.24   -2.60   -0.03   32.23
T-A     0.00    0.00    0.00    0.00    0.00    0.00    0.76    0.05    3.25    1.06   10.52   34.03
C-G     0.00    0.00    0.00    0.00    0.00    0.00    1.26    0.84    2.83    9.29    4.17   35.33
C-G     0.00    0.00    0.00    0.00    0.00    0.00   -1.26    0.91    3.60   -9.97    9.20   29.88
A-T     0.00    0.00    0.00    0.00    0.00    0.00    0.38    2.18    3.20    8.09  -18.18   47.89
A-T     0.00    0.00    0.00    0.00    0.00    0.00    0.17   -0.36    3.14   -2.53    4.35   32.05
A-T     0.00    0.00    0.00    0.00    0.00    0.00   -0.60   -0.39    3.62    0.11    0.89   38.56
T-A     0.00    0.00    0.00    0.00    0.00    0.00   -0.32   -0.44    3.11    0.51   -8.39   31.62
A-T     0.00    0.00    0.00    0.00    0.00    0.00    0.32   -0.18    3.22  -11.99    2.05   38.91
C-G     0.00    0.00    0.00    0.00    0.00    0.00   -0.05   -0.85    3.07    3.03    1.68   22.79
A-T     0.00    0.00    0.00    0.00    0.00    0.00    0.21   -0.31    3.86    5.30   12.20   41.08
C-G     0.00    0.00    0.00    0.00    0.00    0.00    0.64   -0.48    3.39   -1.69   10.03   34.88
T-A     0.00    0.00    0.00    0.00    0.00    0.00   -0.48   -0.29    3.16    1.47    8.48   33.12
T-A     0.00    0.00    0.00    0.00    0.00    0.00   -0.01   -0.17    3.50   -5.55   -1.29   33.60
T-A     0.00    0.00    0.00    0.00    0.00    0.00   -0.70   -0.34    2.97    2.96    2.23   33.55
T-A     0.00    0.00    0.00    0.00    0.00    0.00   -0.42    0.32    3.54   -2.46   -7.22   41.18
G-C     0.00    0.00    0.00    0.00    0.00    0.00    0.06    2.57    3.27    1.74   -6.48   41.55
G-C     0.00    0.00    0.00    0.00    0.00    0.00   -0.49    0.34    2.68  -12.71   -1.01   26.77
T-A     0.00    0.00    0.00    0.00    0.00    0.00    0.63   -0.30    3.25    4.08    4.57   31.80
A-T     0.00    0.00    0.00    0.00    0.00    0.00   -0.71    0.29    3.64    3.20   13.98   35.39
G-C     0.00    0.00    0.00    0.00    0.00    0.00    0.29    0.06    3.30    0.47   11.91   29.55
A-T     0.00    0.00    0.00    0.00    0.00    0.00   -0.46   -0.96    3.08   -5.19   17.17   23.67
A-T     0.00    0.00    0.00    0.00    0.00    0.00    0.96   -0.58    3.05   -7.33    5.28   36.24
T-A     0.00    0.00    0.00    0.00    0.00    0.00   -0.50   -1.17    3.30    0.04   -8.13   29.48
C-G     0.00    0.00    0.00    0.00    0.00    0.00    0.39   -0.64    3.46    3.84   -2.87   40.72
T-A     0.00    0.00    0.00    0.00    0.00    0.00   -0.88   -0.37    3.42   -5.63    3.62   32.37
G-C     0.00    0.00    0.00    0.00    0.00    0.00   -0.31    2.40    2.95    1.97  -20.26   46.48
C-G     0.00    0.00    0.00    0.00    0.00    0.00    0.35    0.67    3.05    4.18    3.08   31.33
A-T     0.00    0.00    0.00    0.00    0.00    0.00    0.26    2.67    3.49    1.41   -6.67   45.50
G-C     0.00    0.00    0.00    0.00    0.00    0.00    0.34    0.88    2.85   -5.97    8.38   28.39
G-C     0.00    0.00    0.00    0.00    0.00    0.00   -0.46   -0.45    3.60   -0.20   19.12   31.69
T-A     0.00    0.00    0.00    0.00    0.00    0.00   -0.64   -0.65    3.32   -2.05    9.03   32.36
G-C     0.00    0.00    0.00    0.00    0.00    0.00    0.06   -0.14    3.44    1.82   12.31   32.95
G-C     0.00    0.00    0.00    0.00    0.00    0.00    0.66    0.25    3.12    0.04    7.60   28.26
A-T     0.00    0.00    0.00    0.00    0.00    0.00   -0.51   -0.43    3.15   -3.80    2.80   39.33
T-A     0.00    0.00    0.00    0.00    0.00    0.00   -0.12   -0.73    3.26   -0.71   -5.39   30.49
A-T     0.00    0.00    0.00    0.00    0.00    0.00   -0.17    0.13    3.75    1.98   -5.24   42.55
T-A     0.00    0.00    0.00    0.00    0.00    0.00   -0.51   -0.57    3.05   -5.66   -7.02   31.51
T-A     0.00    0.00    0.00    0.00    0.00    0.00    0.69    0.18    3.34    3.59    0.65   36.33
G-C     0.00    0.00    0.00    0.00    0.00    0.00   -0.18   -0.02    3.40    4.45    4.02   37.01
A-T     0.00    0.00    0.00    0.00    0.00    0.00   -0.14   -0.06    3.28   -3.08    9.33   29.31
T-A     0.00    0.00    0.00    0.00    0.00    0.00    0.76   -0.91    3.15   -1.01    2.69   35.82
