 146 base-pairs
   0  ***local base-pair & step parameters***
       Shear  Stretch  Stagger Buckle Prop-Tw Opening   Shift  Slide    Rise    Tilt    Roll   Twist
A-T     0.00    0.00    0.00    0.00    0.00    0.00    0.00    0.00    0.00    0.00    0.00    0.00
T-A     0.00    0.00    0.00    0.00    0.00    0.00   -1.12   -1.11    3.36   -3.15   -1.35   30.73
C-G     0.00    0.00    0.00    0.00    0.00    0.00    0.97   -0.31    2.96    5.79    3.11   36.40
A-T     0.00    0.00    0.00    0.00    0.00    0.00   -0.25    0.68    3.54   -3.56    4.39   35.26
A-T     0.00    0.00    0.00    0.00    0.00    0.00   -0.52    0.28    3.25   -3.52    0.75   38.70
T-A     0.00    0.00    0.00    0.00    0.00    0.00    0.50   -0.49    2.99    7.84   -1.47   33.58
A-T     0.00    0.00    0.00    0.00    0.00    0.00   -0.01    0.25    3.59   -4.81   -2.73   41.14
T-A     0.00    0.00    0.00    0.00    0.00    0.00   -0.15   -0.67    3.18    5.45   -1.76   34.62
C-G     0.00    0.00    0.00    0.00    0.00    0.00    1.05    0.42    3.34    0.65   -0.53   33.84
C-G     0.00    0.00    0.00    0.00    0.00    0.00   -0.31    0.15    3.11   -1.80    9.75   27.45
A-T     0.00    0.00    0.00    0.00    0.00    0.00   -1.14    0.57    3.42   -1.72    5.73   32.36
C-G     0.00    0.00    0.00    0.00    0.00    0.00    0.47   -1.15    3.32   -1.32    5.52   33.39
C-G     0.00    0.00    0.00    0.00    0.00    0.00    0.56   -0.44    3.41    1.48   11.98   30.17
T-A     0.00    0.00    0.00    0.00    0.00    0.00   -1.11   -0.08    3.58   -6.23    6.95   31.35
G-C     0.00    0.00    0.00    0.00    0.00    0.00    0.54    0.82    3.29    4.84   -7.11   39.51
C-G     0.00    0.00    0.00    0.00    0.00    0.00   -0.24   -0.13    3.54   -6.51    5.09   37.61
A-T     0.00    0.00    0.00    0.00    0.00    0.00    0.04    1.58    3.06    3.73  -21.29   41.19
G-C     0.00    0.00    0.00    0.00    0.00    0.00    0.49    0.15    3.53    3.54    2.20   36.49
A-T     0.00    0.00    0.00    0.00    0.00    0.00    0.01   -0.64    3.24    1.24   -5.32   36.76
T-A     0.00    0.00    0.00    0.00    0.00    0.00    0.26    0.52    2.98    2.73   -4.67   37.30
T-A     0.00    0.00    0.00    0.00    0.00    0.00    0.00   -1.01    3.37    3.24    4.65   30.21
C-G     0.00    0.00    0.00    0.00    0.00    0.00   -0.37   -0.02    2.68    3.45    9.94   27.63
T-A     0.00    0.00    0.00    0.00    0.00    0.00   -0.25   -0.22    3.77    0.68   11.61   28.94
A-T     0.00    0.00    0.00    0.00    0.00    0.00    1.92    0.82    3.65    1.57   21.75   33.83
C-G     0.00    0.00    0.00    0.00    0.00    0.00   -1.23   -0.31    2.92  -12.62    3.12   30.56
C-G     0.00    0.00    0.00    0.00    0.00    0.00    0.59   -0.51    2.72   13.72    7.21   29.09
A-T     0.00    0.00    0.00    0.00    0.00    0.00   -0.03    2.29    3.19   -4.43  -15.56   41.35
A-T     0.00    0.00    0.00    0.00    0.00    0.00    0.53    0.05    3.64    4.29    2.85   38.30
A-T     0.00    0.00    0.00    0.00    0.00    0.00    0.53   -0.52    3.34   -0.92   -8.42   39.89
A-T     0.00    0.00    0.00    0.00    0.00    0.00   -0.07   -0.57    3.31   -1.73    3.71   31.63
G-C     0.00    0.00    0.00    0.00    0.00    0.00    0.19   -0.49    3.56    1.26   -0.23   36.91
T-A     0.00    0.00    0.00    0.00    0.00    0.00   -0.40   -0.56    3.00    4.55   -1.26   28.22
G-C     0.00    0.00    0.00    0.00    0.00    0.00    1.22    0.42    3.81    3.01   14.05   34.73
T-A     0.00    0.00    0.00    0.00    0.00    0.00   -1.41   -0.21    2.82   -2.85   16.60   24.57
A-T     0.00    0.00    0.00    0.00    0.00    0.00    0.21   -0.29    3.75   -5.16    1.44   42.96
T-A     0.00    0.00    0.00    0.00    0.00    0.00    0.36   -0.82    3.38    1.08    2.27   31.81
T-A     0.00    0.00    0.00    0.00    0.00    0.00    0.21   -0.23    3.00    2.72   -8.10   39.21
T-A     0.00    0.00    0.00    0.00    0.00    0.00   -0.06   -0.46    3.55   -7.24    3.90   31.37
G-C     0.00    0.00    0.00    0.00    0.00    0.00   -0.87    2.03    3.18    1.12  -21.93   46.97
G-C     0.00    0.00    0.00    0.00    0.00    0.00    1.03    0.66    3.46    6.64    5.15   28.95
A-T     0.00    0.00    0.00    0.00    0.00    0.00   -1.32    0.58    3.08  -11.65    0.47   36.17
A-T     0.00    0.00    0.00    0.00    0.00    0.00    0.40   -0.57    3.28   -0.71    4.27   33.37
A-T     0.00    0.00    0.00    0.00    0.00    0.00   -0.16   -0.28    3.62   -1.59   14.91   31.38
C-G     0.00    0.00    0.00    0.00    0.00    0.00    0.27   -0.39    2.95    4.45   -1.97   33.29
T-A     0.00    0.00    0.00    0.00    0.00    0.00    1.21    0.04    3.30    1.88   12.96   33.67
G-C     0.00    0.00    0.00    0.00    0.00    0.00   -1.48    0.71    3.63   -5.59   11.04   37.39
C-G     0.00    0.00    0.00    0.00    0.00    0.00    0.53    1.39    3.56   -0.09  -11.48   47.30
T-A     0.00    0.00    0.00    0.00    0.00    0.00   -1.27    0.23    2.74   -0.47   -0.84   31.75
C-G     0.00    0.00    0.00    0.00    0.00    0.00    1.66    1.99    3.18    7.35  -10.64   43.25
C-G     0.00    0.00    0.00    0.00    0.00    0.00   -1.00    0.51    3.43   -5.30    5.79   36.14
A-T     0.00    0.00    0.00    0.00    0.00    0.00    0.43    0.94    3.36   -4.93   -4.61   41.21
T-A     0.00    0.00    0.00    0.00    0.00    0.00    0.70   -0.69    2.92    5.94    0.12   28.71
C-G     0.00    0.00    0.00    0.00    0.00    0.00    0.32   -0.49    3.53    3.54    9.59   32.42
A-T     0.00    0.00    0.00    0.00    0.00    0.00   -0.35   -0.03    4.17    4.07   18.43   34.09
A-T     0.00    0.00    0.00    0.00    0.00    0.00    0.52    0.30    3.09   -3.83    6.68   42.41
A-T     0.00    0.00    0.00    0.00    0.00    0.00   -0.90    0.24    3.06   -4.30   -4.73   35.03
A-T     0.00    0.00    0.00    0.00    0.00    0.00   -0.17   -0.94    3.55   -3.73    0.41   35.26
G-C     0.00    0.00    0.00    0.00    0.00    0.00   -0.28    1.15    3.66   -2.37   -6.08   40.84
G-C     0.00    0.00    0.00    0.00    0.00    0.00   -0.91    0.41    3.18   -6.32  -28.44   31.18
C-G     0.00    0.00    0.00    0.00    0.00    0.00    1.40    0.36    4.53    0.21  -20.13   39.17
A-T     0.00    0.00    0.00    0.00    0.00    0.00   -0.16    1.20    3.22   14.59    7.62   43.12
T-A     0.00    0.00    0.00    0.00    0.00    0.00    0.37   -0.30    3.29   -3.38   16.49   22.43
G-C     0.00    0.00    0.00    0.00    0.00    0.00   -0.03    1.41    4.06   -1.12    8.02   41.26
T-A     0.00    0.00    0.00    0.00    0.00    0.00   -0.77   -0.75    3.36   -2.12    7.30   26.80
T-A     0.00    0.00    0.00    0.00    0.00    0.00    0.34   -0.10    2.99    3.74    2.78   31.77
C-G     0.00    0.00    0.00    0.00    0.00    0.00    0.85    0.34    3.26    4.16    6.99   36.16
A-T     0.00    0.00    0.00    0.00    0.00    0.00   -0.73    1.20    3.68   -2.21   -6.12   44.08
G-C     0.00    0.00    0.00    0.00    0.00    0.00    0.74    0.68    3.56    5.45   -1.83   31.68
C-G     0.00    0.00    0.00    0.00    0.00    0.00   -0.46    0.47    3.32   -5.76   -4.43   40.78
T-A     0.00    0.00    0.00    0.00    0.00    0.00    0.06    0.84    3.33    4.45   -0.86   36.28
G-C     0.00    0.00    0.00    0.00    0.00    0.00    0.93    1.22    3.18    0.54    4.31   34.88
A-T     0.00    0.00    0.00    0.00    0.00    0.00   -0.77    0.32    3.34   -6.45    7.85   34.72
A-T     0.00    0.00    0.00    0.00    0.00    0.00   -0.15    0.04    3.18    1.90    5.00   34.36
T-A     0.00    0.00    0.00    0.00    0.00    0.00    0.18   -0.38    3.36   -0.98    8.80   29.78
T-A     0.00    0.00    0.00    0.00    0.00    0.00   -0.12   -0.06    3.16    3.16    8.24   34.24
C-G     0.00    0.00    0.00    0.00    0.00    0.00    0.01    0.36    3.23    1.31    5.84   30.35
A-T     0.00    0.00    0.00    0.00    0.00    0.00   -0.66    1.78    3.39   -1.69   -0.68   42.14
G-C     0.00    0.00    0.00    0.00    0.00    0.00    0.96    0.55    3.31   -1.65   -4.40   35.68
C-G     0.00    0.00    0.00    0.00    0.00    0.00   -1.10    0.73    3.40   -3.17   -7.67   37.71
T-A     0.00    0.00    0.00    0.00    0.00    0.00    1.25    1.09    3.77    3.66   -5.47   42.77
G-C     0.00    0.00    0.00    0.00    0.00    0.00   -0.75    0.53    2.99   -2.64    5.87   33.02
A-T     0.00    0.00    0.00    0.00    0.00    0.00   -0.42   -0.06    3.39   -1.40    4.84   33.00
A-T     0.00    0.00    0.00    0.00    0.00    0.00    0.35    0.05    3.35    2.73    9.75   33.60
C-G     0.00    0.00    0.00    0.00    0.00    0.00    0.23   -0.44    3.31    0.46    5.69   30.57
A-T     0.00    0.00    0.00    0.00    0.00    0.00   -0.45    0.79    3.67    0.59   12.11   35.75
T-A     0.00    0.00    0.00    0.00    0.00    0.00    0.23   -0.15    3.08    1.28    0.50   28.46
G-C     0.00    0.00    0.00    0.00    0.00    0.00    0.91    0.77    3.39   -0.63    9.21   36.61
C-G     0.00    0.00    0.00    0.00    0.00    0.00   -1.53    0.77    3.29   -2.44  -14.52   38.26
C-G     0.00    0.00    0.00    0.00    0.00    0.00    0.59    1.71    4.00    1.22   -7.88   46.18
T-A     0.00    0.00    0.00    0.00    0.00    0.00   -0.26    1.45    3.34    1.22   -9.46   41.38
T-A     0.00    0.00    0.00    0.00    0.00    0.00    0.33   -0.03    2.92   -3.84    4.09   31.01
T-A     0.00    0.00    0.00    0.00    0.00    0.00    0.31   -0.32    3.29    1.39    8.78   30.77
T-A     0.00    0.00    0.00    0.00    0.00    0.00   -0.13   -0.05    3.52    1.74   13.00   32.52
G-C     0.00    0.00    0.00    0.00    0.00    0.00    0.02   -1.47    3.87    5.41   19.64   23.04
A-T     0.00    0.00    0.00    0.00    0.00    0.00    0.12   -0.30    2.95   -8.47    8.38   31.60
T-A     0.00    0.00    0.00    0.00    0.00    0.00   -0.21   -0.88    3.29   -1.85    3.96   25.46
G-C     0.00    0.00    0.00    0.00    0.00    0.00   -0.32    0.89    3.18    1.47   -1.03   39.04
G-C     0.00    0.00    0.00    0.00    0.00    0.00    0.98    0.60    3.45    7.55    2.72   34.18
A-T     0.00    0.00    0.00    0.00    0.00    0.00   -1.12    1.60    3.21   -8.76   -4.36   43.60
G-C     0.00    0.00    0.00    0.00    0.00    0.00    1.14    0.68    3.09    0.10   -6.83   35.89
C-G     0.00    0.00    0.00    0.00    0.00    0.00   -0.56    0.53    3.41   -0.50   -2.85   35.81
A-T     0.00    0.00    0.00    0.00    0.00    0.00    1.09    0.72    3.39    3.58    3.58   37.15
G-C     0.00    0.00    0.00    0.00    0.00    0.00   -1.32   -0.19    3.67   -4.84    9.95   36.79
T-A     0.00    0.00    0.00    0.00    0.00    0.00   -0.92   -0.58    3.16   -0.55   12.81   29.74
T-A     0.00    0.00    0.00    0.00    0.00    0.00   -0.55   -0.52    3.23   -2.66   -0.56   31.72
T-A     0.00    0.00    0.00    0.00    0.00    0.00    0.80   -0.26    3.26    1.20    8.12   33.82
C-G     0.00    0.00    0.00    0.00    0.00    0.00    1.31    0.59    2.86    9.59    0.78   35.38
C-G     0.00    0.00    0.00    0.00    0.00    0.00   -1.22    0.76    3.66   -9.60    6.14   30.07
A-T     0.00    0.00    0.00    0.00    0.00    0.00    0.40    2.14    3.25    8.46  -19.69   48.05
A-T     0.00    0.00    0.00    0.00    0.00    0.00    0.15   -0.30    3.18   -2.21    5.05   32.08
A-T     0.00    0.00    0.00    0.00    0.00    0.00   -0.64   -0.26    3.63    0.32    3.58   38.46
T-A     0.00    0.00    0.00    0.00    0.00    0.00   -0.36   -0.25    3.09    0.58   -4.69   31.50
A-T     0.00    0.00    0.00    0.00    0.00    0.00    0.28    0.06    3.17  -12.06    5.36   38.92
C-G     0.00    0.00    0.00    0.00    0.00    0.00   -0.07   -0.60    3.01    2.82    3.33   23.05
A-T     0.00    0.00    0.00    0.00    0.00    0.00    0.22   -0.09    3.80    4.97   11.57   41.57
C-G     0.00    0.00    0.00    0.00    0.00    0.00    0.68   -0.33    3.35   -2.09    7.38   35.49
T-A     0.00    0.00    0.00    0.00    0.00    0.00   -0.44   -0.27    3.16    1.07    4.83   33.60
T-A     0.00    0.00    0.00    0.00    0.00    0.00    0.02   -0.30    3.52   -5.85   -4.53   33.72
T-A     0.00    0.00    0.00    0.00    0.00    0.00   -0.69   -0.60    3.01    2.82    0.60   33.18
T-A     0.00    0.00    0.00    0.00    0.00    0.00   -0.43   -0.04    3.59   -2.37   -6.67   40.35
G-C     0.00    0.00    0.00    0.00    0.00    0.00    0.03    2.19    3.31    2.06   -4.05   40.49
G-C     0.00    0.00    0.00    0.00    0.00    0.00   -0.52    0.04    2.70  -12.22    2.28   25.82
T-A     0.00    0.00    0.00    0.00    0.00    0.00    0.61   -0.43    3.25    4.64    7.40   31.30
A-T     0.00    0.00    0.00    0.00    0.00    0.00   -0.71    0.38    3.63    3.68   15.27   35.55
G-C     0.00    0.00    0.00    0.00    0.00    0.00    0.32    0.38    3.28    0.75   11.23   30.37
A-T     0.00    0.00    0.00    0.00    0.00    0.00   -0.43   -0.51    3.05   -5.21   14.91   24.91
A-T     0.00    0.00    0.00    0.00    0.00    0.00    0.99   -0.10    3.02   -7.65    2.46   37.51
T-A     0.00    0.00    0.00    0.00    0.00    0.00   -0.49   -0.80    3.28   -0.51  -10.31   30.38
C-G     0.00    0.00    0.00    0.00    0.00    0.00    0.37   -0.48    3.45    3.20   -3.52   40.95
T-A     0.00    0.00    0.00    0.00    0.00    0.00   -0.91   -0.47    3.41   -6.18    4.74   31.86
G-C     0.00    0.00    0.00    0.00    0.00    0.00   -0.35    2.08    2.95    1.64  -17.92   45.42
C-G     0.00    0.00    0.00    0.00    0.00    0.00    0.32    0.21    3.06    4.16    5.58   30.07
A-T     0.00    0.00    0.00    0.00    0.00    0.00    0.26    2.19    3.50    1.70   -5.14   44.44
G-C     0.00    0.00    0.00    0.00    0.00    0.00    0.36    0.52    2.87   -5.46    8.24   27.85
G-C     0.00    0.00    0.00    0.00    0.00    0.00   -0.42   -0.61    3.63    0.39   17.34   31.79
T-A     0.00    0.00    0.00    0.00    0.00    0.00   -0.60   -0.58    3.35   -1.53    6.34   33.00
G-C     0.00    0.00    0.00    0.00    0.00    0.00    0.09    0.12    3.47    2.15    9.87   33.88
G-C     0.00    0.00    0.00    0.00    0.00    0.00    0.67    0.63    3.13    0.11    6.50   29.14
A-T     0.00    0.00    0.00    0.00    0.00    0.00   -0.54   -0.04    3.15   -3.99    3.61   39.89
T-A     0.00    0.00    0.00    0.00    0.00    0.00   -0.17   -0.43    3.24   -1.08   -2.91   30.62
A-T     0.00    0.00    0.00    0.00    0.00    0.00   -0.22    0.29    3.70    1.52   -2.04   42.32
T-A     0.00    0.00    0.00    0.00    0.00    0.00   -0.55   -0.56    3.00   -6.09   -4.38   31.08
T-A     0.00    0.00    0.00    0.00    0.00    0.00    0.68    0.06    3.30    3.26    1.61   35.92
G-C     0.00    0.00    0.00    0.00    0.00    0.00   -0.16   -0.23    3.38    4.28    2.83   36.76
A-T     0.00    0.00    0.00    0.00    0.00    0.00   -0.10   -0.31    3.28   -3.08    6.38   29.26
T-A     0.00    0.00    0.00    0.00    0.00    0.00    0.81   -1.16    3.19   -0.86   -0.94   35.88
