 146 base-pairs
   0  ***local base-pair & step parameters***
       Shear  Stretch  Stagger Buckle Prop-Tw Opening   Shift  Slide    Rise    Tilt    Roll   Twist
A-T     0.00    0.00    0.00    0.00    0.00    0.00    0.00    0.00    0.00    0.00    0.00    0.00
T-A     0.00    0.00    0.00    0.00    0.00    0.00   -1.10   -0.83    3.30   -3.60    0.46   30.40
C-G     0.00    0.00    0.00    0.00    0.00    0.00    0.98   -0.15    2.90    4.96    4.14   36.07
A-T     0.00    0.00    0.00    0.00    0.00    0.00   -0.24    0.68    3.50   -4.60    4.45   34.98
A-T     0.00    0.00    0.00    0.00    0.00    0.00   -0.52    0.12    3.24   -4.55   -0.16   38.52
T-A     0.00    0.00    0.00    0.00    0.00    0.00    0.49   -0.78    3.00    7.01   -3.16   33.53
A-T     0.00    0.00    0.00    0.00    0.00    0.00   -0.02   -0.11    3.63   -5.26   -4.87   41.26
T-A     0.00    0.00    0.00    0.00    0.00    0.00   -0.17   -1.01    3.23    5.45   -3.93   34.90
C-G     0.00    0.00    0.00    0.00    0.00    0.00    1.03    0.17    3.40    1.10   -2.32   34.27
C-G     0.00    0.00    0.00    0.00    0.00    0.00   -0.32    0.05    3.16   -1.01    8.68   27.95
A-T     0.00    0.00    0.00    0.00    0.00    0.00   -1.15    0.64    3.45   -0.74    5.58   32.85
C-G     0.00    0.00    0.00    0.00    0.00    0.00    0.47   -0.91    3.33   -0.36    6.29   33.79
C-G     0.00    0.00    0.00    0.00    0.00    0.00    0.57   -0.09    3.39    2.24   13.51   30.38
T-A     0.00    0.00    0.00    0.00    0.00    0.00   -1.10    0.30    3.53   -5.83    8.94   31.32
G-C     0.00    0.00    0.00    0.00    0.00    0.00    0.56    1.16    3.23    4.82   -5.05   39.22
C-G     0.00    0.00    0.00    0.00    0.00    0.00   -0.22    0.08    3.48   -6.93    6.83   37.09
A-T     0.00    0.00    0.00    0.00    0.00    0.00    0.06    1.62    3.01    3.00  -20.20   40.52
G-C     0.00    0.00    0.00    0.00    0.00    0.00    0.51    0.01    3.50    2.65    2.45   35.79
A-T     0.00    0.00    0.00    0.00    0.00    0.00    0.02   -0.94    3.24    0.38   -5.93   36.17
T-A     0.00    0.00    0.00    0.00    0.00    0.00    0.25    0.13    3.01    2.06   -6.01   36.94
T-A     0.00    0.00    0.00    0.00    0.00    0.00   -0.01   -1.41    3.42    2.89    2.85   30.17
C-G     0.00    0.00    0.00    0.00    0.00    0.00   -0.39   -0.33    2.74    3.48    8.03   27.94
T-A     0.00    0.00    0.00    0.00    0.00    0.00   -0.27   -0.37    3.84    1.06    9.95   29.57
A-T     0.00    0.00    0.00    0.00    0.00    0.00    1.89    0.85    3.70    2.23   20.64   34.67
C-G     0.00    0.00    0.00    0.00    0.00    0.00   -1.25   -0.10    2.95  -11.83    2.75   31.46
C-G     0.00    0.00    0.00    0.00    0.00    0.00    0.58   -0.16    2.72   14.48    7.63   29.86
A-T     0.00    0.00    0.00    0.00    0.00    0.00   -0.04    2.71    3.17   -3.86  -14.45   41.84
A-T     0.00    0.00    0.00    0.00    0.00    0.00    0.53    0.43    3.60    4.58    4.43   38.39
A-T     0.00    0.00    0.00    0.00    0.00    0.00    0.54   -0.25    3.28   -0.95   -6.68   39.54
A-T     0.00    0.00    0.00    0.00    0.00    0.00   -0.05   -0.47    3.25   -2.07    5.29   30.89
G-C     0.00    0.00    0.00    0.00    0.00    0.00    0.22   -0.58    3.52    0.70    0.89   35.91
T-A     0.00    0.00    0.00    0.00    0.00    0.00   -0.38   -0.83    2.98    3.89   -0.77   27.15
G-C     0.00    0.00    0.00    0.00    0.00    0.00    1.23    0.03    3.81    2.38   13.83   33.80
T-A     0.00    0.00    0.00    0.00    0.00    0.00   -1.40   -0.64    2.85   -3.33   15.73   23.98
A-T     0.00    0.00    0.00    0.00    0.00    0.00    0.21   -0.66    3.80   -5.41    0.10   42.83
T-A     0.00    0.00    0.00    0.00    0.00    0.00    0.35   -1.05    3.44    1.10    0.72   32.20
T-A     0.00    0.00    0.00    0.00    0.00    0.00    0.18   -0.27    3.05    2.98   -9.57   40.05
T-A     0.00    0.00    0.00    0.00    0.00    0.00   -0.09   -0.30    3.58   -6.80    2.76   32.52
G-C     0.00    0.00    0.00    0.00    0.00    0.00   -0.89    2.36    3.20    1.64  -22.55   48.19
G-C     0.00    0.00    0.00    0.00    0.00    0.00    1.01    1.08    3.45    7.14    5.16   30.01
A-T     0.00    0.00    0.00    0.00    0.00    0.00   -1.33    1.01    3.05  -11.27    1.07   36.84
A-T     0.00    0.00    0.00    0.00    0.00    0.00    0.40   -0.23    3.23   -0.50    5.34   33.52
A-T     0.00    0.00    0.00    0.00    0.00    0.00   -0.15   -0.10    3.57   -1.58   16.25   30.95
C-G     0.00    0.00    0.00    0.00    0.00    0.00    0.30   -0.41    2.91    4.28   -0.61   32.35
T-A     0.00    0.00    0.00    0.00    0.00    0.00    1.24   -0.18    3.27    1.58   14.11   32.40
G-C     0.00    0.00    0.00    0.00    0.00    0.00   -1.45    0.35    3.62   -5.96   11.79   36.04
C-G     0.00    0.00    0.00    0.00    0.00    0.00    0.56    0.96    3.58   -0.44  -11.25   46.14
T-A     0.00    0.00    0.00    0.00    0.00    0.00   -1.25   -0.18    2.78   -0.75   -1.15   31.02
C-G     0.00    0.00    0.00    0.00    0.00    0.00    1.66    1.70    3.23    7.18  -11.42   43.10
C-G     0.00    0.00    0.00    0.00    0.00    0.00   -1.01    0.39    3.48   -5.35    4.68   36.62
A-T     0.00    0.00    0.00    0.00    0.00    0.00    0.40    1.02    3.40   -4.86   -5.85   42.23
T-A     0.00    0.00    0.00    0.00    0.00    0.00    0.67   -0.41    2.95    6.09   -1.04   30.07
C-G     0.00    0.00    0.00    0.00    0.00    0.00    0.28   -0.09    3.53    3.75    8.69   33.86
A-T     0.00    0.00    0.00    0.00    0.00    0.00   -0.38    0.41    4.16    4.29   17.95   35.33
A-T     0.00    0.00    0.00    0.00    0.00    0.00    0.50    0.68    3.06   -3.64    6.69   43.18
A-T     0.00    0.00    0.00    0.00    0.00    0.00   -0.91    0.49    3.02   -4.16   -4.24   35.17
A-T     0.00    0.00    0.00    0.00    0.00    0.00   -0.16   -0.89    3.51   -3.64    1.29   34.74
G-C     0.00    0.00    0.00    0.00    0.00    0.00   -0.26    1.00    3.63   -2.33   -4.96   39.75
G-C     0.00    0.00    0.00    0.00    0.00    0.00   -0.88    0.09    3.16   -6.33  -27.25   29.74
C-G     0.00    0.00    0.00    0.00    0.00    0.00    1.44   -0.05    4.53    0.17  -19.09   37.66
A-T     0.00    0.00    0.00    0.00    0.00    0.00   -0.13    0.78    3.23   14.51    8.35   41.85
T-A     0.00    0.00    0.00    0.00    0.00    0.00    0.39   -0.64    3.32   -3.49   16.79   21.65
G-C     0.00    0.00    0.00    0.00    0.00    0.00   -0.02    1.23    4.09   -1.25    7.82   41.13
T-A     0.00    0.00    0.00    0.00    0.00    0.00   -0.78   -0.74    3.39   -2.28    6.64   27.35
T-A     0.00    0.00    0.00    0.00    0.00    0.00    0.32    0.10    3.01    3.58    1.77   32.90
C-G     0.00    0.00    0.00    0.00    0.00    0.00    0.82    0.68    3.26    4.00    5.79   37.64
A-T     0.00    0.00    0.00    0.00    0.00    0.00   -0.77    1.62    3.67   -2.33   -7.32   45.62
G-C     0.00    0.00    0.00    0.00    0.00    0.00    0.71    1.08    3.54    5.39   -2.81   32.96
C-G     0.00    0.00    0.00    0.00    0.00    0.00   -0.48    0.75    3.29   -5.73   -5.02   41.55
T-A     0.00    0.00    0.00    0.00    0.00    0.00    0.06    0.96    3.30    4.58   -0.96   36.38
G-C     0.00    0.00    0.00    0.00    0.00    0.00    0.94    1.15    3.16    0.77    4.74   34.30
A-T     0.00    0.00    0.00    0.00    0.00    0.00   -0.75    0.08    3.33   -6.16    8.75   33.57
A-T     0.00    0.00    0.00    0.00    0.00    0.00   -0.11   -0.32    3.18    2.21    6.22   32.87
T-A     0.00    0.00    0.00    0.00    0.00    0.00    0.22   -0.78    3.37   -0.70   10.14   28.25
T-A     0.00    0.00    0.00    0.00    0.00    0.00   -0.08   -0.41    3.18    3.34    9.47   32.97
C-G     0.00    0.00    0.00    0.00    0.00    0.00    0.04    0.14    3.25    1.34    6.73   29.60
A-T     0.00    0.00    0.00    0.00    0.00    0.00   -0.65    1.73    3.41   -1.83   -0.30   42.06
G-C     0.00    0.00    0.00    0.00    0.00    0.00    0.95    0.68    3.33   -1.96   -4.61   36.28
C-G     0.00    0.00    0.00    0.00    0.00    0.00   -1.12    1.01    3.41   -3.60   -8.45   38.86
T-A     0.00    0.00    0.00    0.00    0.00    0.00    1.21    1.45    3.76    3.19   -6.71   44.23
G-C     0.00    0.00    0.00    0.00    0.00    0.00   -0.79    0.91    2.98   -3.07    4.39   34.51
A-T     0.00    0.00    0.00    0.00    0.00    0.00   -0.46    0.24    3.37   -1.68    3.38   34.21
A-T     0.00    0.00    0.00    0.00    0.00    0.00    0.33    0.20    3.34    2.66    8.58   34.31
C-G     0.00    0.00    0.00    0.00    0.00    0.00    0.22   -0.46    3.30    0.63    5.04   30.63
A-T     0.00    0.00    0.00    0.00    0.00    0.00   -0.45    0.61    3.67    0.98   12.11   35.16
T-A     0.00    0.00    0.00    0.00    0.00    0.00    0.25   -0.46    3.09    1.83    1.18   27.34
G-C     0.00    0.00    0.00    0.00    0.00    0.00    0.94    0.41    3.40   -0.02   10.46   35.20
C-G     0.00    0.00    0.00    0.00    0.00    0.00   -1.49    0.43    3.30   -1.89  -12.90   36.84
C-G     0.00    0.00    0.00    0.00    0.00    0.00    0.63    1.48    4.01    1.60   -6.20   45.03
T-A     0.00    0.00    0.00    0.00    0.00    0.00   -0.24    1.37    3.34    1.33   -8.03   40.72
T-A     0.00    0.00    0.00    0.00    0.00    0.00    0.34    0.06    2.92   -4.04    4.99   30.97
T-A     0.00    0.00    0.00    0.00    0.00    0.00    0.31   -0.09    3.28    0.92    8.96   31.34
T-A     0.00    0.00    0.00    0.00    0.00    0.00   -0.15    0.27    3.51    1.06   12.41   33.57
G-C     0.00    0.00    0.00    0.00    0.00    0.00   -0.01   -1.13    3.86    4.67   18.37   24.36
A-T     0.00    0.00    0.00    0.00    0.00    0.00    0.08   -0.02    2.93   -9.14    6.65   32.92
T-A     0.00    0.00    0.00    0.00    0.00    0.00   -0.25   -0.72    3.28   -2.31    2.08   26.52
G-C     0.00    0.00    0.00    0.00    0.00    0.00   -0.34    0.90    3.18    1.33   -2.69   39.63
G-C     0.00    0.00    0.00    0.00    0.00    0.00    0.97    0.45    3.46    7.78    1.60   34.21
A-T     0.00    0.00    0.00    0.00    0.00    0.00   -1.12    1.34    3.23   -8.20   -4.72   43.07
G-C     0.00    0.00    0.00    0.00    0.00    0.00    1.16    0.36    3.11    0.89   -6.33   34.93
C-G     0.00    0.00    0.00    0.00    0.00    0.00   -0.53    0.23    3.43    0.36   -1.57   34.62
A-T     0.00    0.00    0.00    0.00    0.00    0.00    1.13    0.50    3.41    4.35    5.40   35.96
G-C     0.00    0.00    0.00    0.00    0.00    0.00   -1.29   -0.28    3.68   -4.33   11.99   35.84
T-A     0.00    0.00    0.00    0.00    0.00    0.00   -0.89   -0.51    3.15   -0.41   14.67   29.20
T-A     0.00    0.00    0.00    0.00    0.00    0.00   -0.53   -0.32    3.21   -2.92    0.75   31.69
T-A     0.00    0.00    0.00    0.00    0.00    0.00    0.80    0.02    3.24    0.57    8.63   34.28
C-G     0.00    0.00    0.00    0.00    0.00    0.00    1.29    0.90    2.84    8.70    0.37   36.23
C-G     0.00    0.00    0.00    0.00    0.00    0.00   -1.25    1.01    3.64  -10.56    4.87   31.12
A-T     0.00    0.00    0.00    0.00    0.00    0.00    0.36    2.28    3.24    7.62  -21.59   49.09
A-T     0.00    0.00    0.00    0.00    0.00    0.00    0.12   -0.29    3.19   -2.77    2.88   32.91
A-T     0.00    0.00    0.00    0.00    0.00    0.00   -0.67   -0.39    3.65    0.19    1.56   38.93
T-A     0.00    0.00    0.00    0.00    0.00    0.00   -0.38   -0.49    3.12    0.90   -6.18   31.55
A-T     0.00    0.00    0.00    0.00    0.00    0.00    0.28   -0.24    3.21  -11.35    4.71   38.55
C-G     0.00    0.00    0.00    0.00    0.00    0.00   -0.06   -0.88    3.05    3.78    3.66   22.35
A-T     0.00    0.00    0.00    0.00    0.00    0.00    0.24   -0.29    3.83    6.01   12.82   40.70
C-G     0.00    0.00    0.00    0.00    0.00    0.00    0.70   -0.41    3.36   -1.20    9.32   34.61
T-A     0.00    0.00    0.00    0.00    0.00    0.00   -0.41   -0.20    3.14    1.64    7.10   32.89
T-A     0.00    0.00    0.00    0.00    0.00    0.00    0.05   -0.10    3.50   -5.73   -2.38   33.30
T-A     0.00    0.00    0.00    0.00    0.00    0.00   -0.68   -0.33    2.97    2.47    2.22   33.11
T-A     0.00    0.00    0.00    0.00    0.00    0.00   -0.43    0.25    3.55   -3.14   -5.91   40.62
G-C     0.00    0.00    0.00    0.00    0.00    0.00    0.02    2.43    3.27    1.03   -4.31   41.02
G-C     0.00    0.00    0.00    0.00    0.00    0.00   -0.54    0.17    2.68  -13.31    1.05   26.50
T-A     0.00    0.00    0.00    0.00    0.00    0.00    0.59   -0.43    3.25    3.72    5.43   31.99
A-T     0.00    0.00    0.00    0.00    0.00    0.00   -0.74    0.24    3.64    3.10   12.94   36.13
G-C     0.00    0.00    0.00    0.00    0.00    0.00    0.29    0.13    3.31    0.64    8.99   30.74
A-T     0.00    0.00    0.00    0.00    0.00    0.00   -0.44   -0.80    3.10   -4.82   13.19   25.02
A-T     0.00    0.00    0.00    0.00    0.00    0.00    0.99   -0.38    3.07   -6.84    1.61   37.37
T-A     0.00    0.00    0.00    0.00    0.00    0.00   -0.48   -0.99    3.32    0.56  -10.13   30.03
C-G     0.00    0.00    0.00    0.00    0.00    0.00    0.39   -0.54    3.47    4.32   -2.34   40.48
T-A     0.00    0.00    0.00    0.00    0.00    0.00   -0.89   -0.38    3.41   -5.25    6.69   31.36
G-C     0.00    0.00    0.00    0.00    0.00    0.00   -0.32    2.29    2.93    2.20  -15.58   44.97
C-G     0.00    0.00    0.00    0.00    0.00    0.00    0.35    0.50    3.02    4.24    7.86   29.74
A-T     0.00    0.00    0.00    0.00    0.00    0.00    0.28    2.50    3.45    1.28   -3.36   44.27
G-C     0.00    0.00    0.00    0.00    0.00    0.00    0.37    0.77    2.82   -6.29    9.16   27.85
G-C     0.00    0.00    0.00    0.00    0.00    0.00   -0.42   -0.48    3.59   -0.69   17.23   31.94
T-A     0.00    0.00    0.00    0.00    0.00    0.00   -0.61   -0.59    3.33   -2.64    5.23   33.26
G-C     0.00    0.00    0.00    0.00    0.00    0.00    0.07   -0.04    3.48    1.23    7.98   34.19
G-C     0.00    0.00    0.00    0.00    0.00    0.00    0.64    0.35    3.16   -0.43    4.19   29.46
A-T     0.00    0.00    0.00    0.00    0.00    0.00   -0.56   -0.36    3.20   -4.04    1.33   40.19
T-A     0.00    0.00    0.00    0.00    0.00    0.00   -0.19   -0.73    3.29   -0.63   -4.72   30.86
A-T     0.00    0.00    0.00    0.00    0.00    0.00   -0.23    0.08    3.76    2.37   -3.03   42.48
T-A     0.00    0.00    0.00    0.00    0.00    0.00   -0.55   -0.63    3.04   -5.02   -4.36   31.15
T-A     0.00    0.00    0.00    0.00    0.00    0.00    0.68    0.15    3.32    4.34    2.63   35.89
G-C     0.00    0.00    0.00    0.00    0.00    0.00   -0.15    0.00    3.37    5.16    4.64   36.63
A-T     0.00    0.00    0.00    0.00    0.00    0.00   -0.08    0.01    3.25   -2.59    8.62   29.04
T-A     0.00    0.00    0.00    0.00    0.00    0.00    0.83   -0.82    3.13   -0.84    1.31   35.59
