 146 base-pairs
   0  ***local base-pair & step parameters***
       Shear  Stretch  Stagger Buckle Prop-Tw Opening   Shift  Slide    Rise    Tilt    Roll   Twist
A-T     0.00    0.00    0.00    0.00    0.00    0.00    0.00    0.00    0.00    0.00    0.00    0.00
T-A     0.00    0.00    0.00    0.00    0.00    0.00   -1.13   -0.71    3.31   -3.50   -0.76   31.17
C-G     0.00    0.00    0.00    0.00    0.00    0.00    0.97   -0.10    2.93    5.24    3.21   36.28
A-T     0.00    0.00    0.00    0.00    0.00    0.00   -0.23    0.65    3.53   -4.15    3.94   34.74
A-T     0.00    0.00    0.00    0.00    0.00    0.00   -0.51    0.05    3.26   -3.99   -0.10   38.08
T-A     0.00    0.00    0.00    0.00    0.00    0.00    0.50   -0.83    3.00    7.60   -2.43   33.11
A-T     0.00    0.00    0.00    0.00    0.00    0.00   -0.01   -0.11    3.60   -4.75   -3.48   40.93
T-A     0.00    0.00    0.00    0.00    0.00    0.00   -0.16   -0.95    3.19    5.78   -2.07   34.59
C-G     0.00    0.00    0.00    0.00    0.00    0.00    1.04    0.25    3.36    1.14   -0.36   33.84
C-G     0.00    0.00    0.00    0.00    0.00    0.00   -0.30    0.09    3.13   -1.28   10.28   27.33
A-T     0.00    0.00    0.00    0.00    0.00    0.00   -1.13    0.60    3.44   -1.30    6.38   32.11
C-G     0.00    0.00    0.00    0.00    0.00    0.00    0.49   -1.04    3.35   -1.07    6.07   33.16
C-G     0.00    0.00    0.00    0.00    0.00    0.00    0.58   -0.26    3.42    1.53   12.31   30.17
T-A     0.00    0.00    0.00    0.00    0.00    0.00   -1.11    0.16    3.57   -6.37    7.06   31.75
G-C     0.00    0.00    0.00    0.00    0.00    0.00    0.52    1.11    3.25    4.56   -7.12   40.29
C-G     0.00    0.00    0.00    0.00    0.00    0.00   -0.27    0.16    3.49   -6.87    5.05   38.53
A-T     0.00    0.00    0.00    0.00    0.00    0.00    0.01    1.79    3.01    3.34  -21.34   41.90
G-C     0.00    0.00    0.00    0.00    0.00    0.00    0.48    0.21    3.49    3.17    2.10   36.65
A-T     0.00    0.00    0.00    0.00    0.00    0.00    0.01   -0.79    3.23    0.97   -5.55   36.24
T-A     0.00    0.00    0.00    0.00    0.00    0.00    0.27    0.17    3.01    2.62   -5.10   36.24
T-A     0.00    0.00    0.00    0.00    0.00    0.00    0.03   -1.47    3.42    3.33    4.09   28.99
C-G     0.00    0.00    0.00    0.00    0.00    0.00   -0.35   -0.46    2.74    3.76    9.41   26.69
T-A     0.00    0.00    0.00    0.00    0.00    0.00   -0.24   -0.51    3.82    1.15   11.33   28.62
A-T     0.00    0.00    0.00    0.00    0.00    0.00    1.91    0.78    3.67    2.11   21.89   34.21
C-G     0.00    0.00    0.00    0.00    0.00    0.00   -1.25   -0.09    2.91  -12.15    3.71   31.44
C-G     0.00    0.00    0.00    0.00    0.00    0.00    0.57   -0.10    2.69   13.99    8.10   30.09
A-T     0.00    0.00    0.00    0.00    0.00    0.00   -0.05    2.76    3.16   -4.46  -14.65   42.12
A-T     0.00    0.00    0.00    0.00    0.00    0.00    0.53    0.44    3.61    3.97    3.46   38.62
A-T     0.00    0.00    0.00    0.00    0.00    0.00    0.54   -0.30    3.32   -1.44   -8.33   39.77
A-T     0.00    0.00    0.00    0.00    0.00    0.00   -0.06   -0.56    3.30   -2.32    3.26   31.26
G-C     0.00    0.00    0.00    0.00    0.00    0.00    0.20   -0.65    3.56    0.76   -1.05   36.54
T-A     0.00    0.00    0.00    0.00    0.00    0.00   -0.40   -0.82    3.00    4.27   -2.15   28.00
G-C     0.00    0.00    0.00    0.00    0.00    0.00    1.20    0.13    3.81    3.01   13.38   34.66
T-A     0.00    0.00    0.00    0.00    0.00    0.00   -1.42   -0.47    2.83   -2.60   16.33   24.52
A-T     0.00    0.00    0.00    0.00    0.00    0.00    0.21   -0.49    3.77   -4.75    1.57   42.76
T-A     0.00    0.00    0.00    0.00    0.00    0.00    0.37   -0.96    3.41    1.54    2.67   31.41
T-A     0.00    0.00    0.00    0.00    0.00    0.00    0.22   -0.30    3.04    3.14   -7.63   38.71
T-A     0.00    0.00    0.00    0.00    0.00    0.00   -0.04   -0.44    3.58   -6.94    4.29   31.02
G-C     0.00    0.00    0.00    0.00    0.00    0.00   -0.86    2.16    3.20    1.26  -21.68   47.01
G-C     0.00    0.00    0.00    0.00    0.00    0.00    1.02    0.91    3.45    6.62    5.32   29.51
A-T     0.00    0.00    0.00    0.00    0.00    0.00   -1.34    0.92    3.05  -11.83    0.62   37.14
A-T     0.00    0.00    0.00    0.00    0.00    0.00    0.37   -0.21    3.22   -1.02    4.44   34.43
A-T     0.00    0.00    0.00    0.00    0.00    0.00   -0.19    0.00    3.57   -1.99   15.05   32.12
C-G     0.00    0.00    0.00    0.00    0.00    0.00    0.26   -0.29    2.92    4.02   -1.98   33.39
T-A     0.00    0.00    0.00    0.00    0.00    0.00    1.22   -0.10    3.29    1.51   12.68   33.06
G-C     0.00    0.00    0.00    0.00    0.00    0.00   -1.46    0.36    3.65   -5.81   10.48   36.29
C-G     0.00    0.00    0.00    0.00    0.00    0.00    0.56    0.91    3.61   -0.08  -12.21   46.11
T-A     0.00    0.00    0.00    0.00    0.00    0.00   -1.25   -0.23    2.80   -0.20   -1.50   30.90
C-G     0.00    0.00    0.00    0.00    0.00    0.00    1.67    1.68    3.22    7.83  -10.98   43.01
C-G     0.00    0.00    0.00    0.00    0.00    0.00   -1.00    0.45    3.45   -4.73    5.94   36.53
A-T     0.00    0.00    0.00    0.00    0.00    0.00    0.41    1.12    3.36   -4.41   -3.96   41.99
T-A     0.00    0.00    0.00    0.00    0.00    0.00    0.69   -0.32    2.90    6.26    1.07   29.52
C-G     0.00    0.00    0.00    0.00    0.00    0.00    0.31   -0.06    3.50    3.57   10.51   32.99
A-T     0.00    0.00    0.00    0.00    0.00    0.00   -0.35    0.34    4.15    3.80   19.03   34.30
A-T     0.00    0.00    0.00    0.00    0.00    0.00    0.53    0.52    3.07   -4.32    6.76   42.33
A-T     0.00    0.00    0.00    0.00    0.00    0.00   -0.90    0.30    3.04   -4.87   -5.16   34.86
A-T     0.00    0.00    0.00    0.00    0.00    0.00   -0.17   -1.02    3.53   -4.23   -0.33   35.17
G-C     0.00    0.00    0.00    0.00    0.00    0.00   -0.29    0.98    3.65   -2.68   -6.86   40.87
G-C     0.00    0.00    0.00    0.00    0.00    0.00   -0.93    0.19    3.17   -6.39  -29.00   31.24
C-G     0.00    0.00    0.00    0.00    0.00    0.00    1.39    0.12    4.53    0.37  -20.37   39.06
A-T     0.00    0.00    0.00    0.00    0.00    0.00   -0.16    0.97    3.24   14.91    7.68   42.72
T-A     0.00    0.00    0.00    0.00    0.00    0.00    0.39   -0.52    3.33   -2.98   16.72   21.77
G-C     0.00    0.00    0.00    0.00    0.00    0.00    0.00    1.25    4.10   -0.71    8.28   40.55
T-A     0.00    0.00    0.00    0.00    0.00    0.00   -0.75   -0.81    3.40   -1.78    7.52   26.36
T-A     0.00    0.00    0.00    0.00    0.00    0.00    0.35   -0.01    3.01    3.98    2.98   31.87
C-G     0.00    0.00    0.00    0.00    0.00    0.00    0.85    0.59    3.24    4.25    7.23   36.86
A-T     0.00    0.00    0.00    0.00    0.00    0.00   -0.75    1.59    3.64   -2.29   -5.79   45.19
G-C     0.00    0.00    0.00    0.00    0.00    0.00    0.71    1.11    3.50    5.19   -1.44   32.81
C-G     0.00    0.00    0.00    0.00    0.00    0.00   -0.48    0.81    3.26   -6.17   -4.13   41.50
T-A     0.00    0.00    0.00    0.00    0.00    0.00    0.06    0.98    3.29    3.96   -0.81   36.31
G-C     0.00    0.00    0.00    0.00    0.00    0.00    0.94    1.11    3.18    0.08    3.99   34.23
A-T     0.00    0.00    0.00    0.00    0.00    0.00   -0.75   -0.02    3.37   -6.76    7.17   33.64
A-T     0.00    0.00    0.00    0.00    0.00    0.00   -0.12   -0.44    3.22    1.84    4.14   33.27
T-A     0.00    0.00    0.00    0.00    0.00    0.00    0.19   -0.85    3.40   -0.75    8.05   29.06
T-A     0.00    0.00    0.00    0.00    0.00    0.00   -0.12   -0.38    3.20    3.63    7.88   34.08
C-G     0.00    0.00    0.00    0.00    0.00    0.00    0.00    0.27    3.24    1.90    6.02   30.70
A-T     0.00    0.00    0.00    0.00    0.00    0.00   -0.68    1.92    3.39   -1.14    0.00   42.75
G-C     0.00    0.00    0.00    0.00    0.00    0.00    0.95    0.85    3.30   -1.29   -3.45   36.26
C-G     0.00    0.00    0.00    0.00    0.00    0.00   -1.09    1.09    3.39   -3.09   -6.78   38.06
T-A     0.00    0.00    0.00    0.00    0.00    0.00    1.26    1.41    3.75    3.45   -4.93   42.87
G-C     0.00    0.00    0.00    0.00    0.00    0.00   -0.74    0.76    2.97   -3.07    5.93   33.02
A-T     0.00    0.00    0.00    0.00    0.00    0.00   -0.42    0.05    3.37   -1.92    4.47   33.05
A-T     0.00    0.00    0.00    0.00    0.00    0.00    0.35    0.06    3.33    2.25    9.14   33.80
C-G     0.00    0.00    0.00    0.00    0.00    0.00    0.22   -0.52    3.28    0.13    5.07   30.84
A-T     0.00    0.00    0.00    0.00    0.00    0.00   -0.47    0.65    3.65    0.45   11.66   35.89
T-A     0.00    0.00    0.00    0.00    0.00    0.00    0.23   -0.36    3.08    1.33    0.29   28.26
G-C     0.00    0.00    0.00    0.00    0.00    0.00    0.92    0.50    3.41   -0.41    9.17   36.01
C-G     0.00    0.00    0.00    0.00    0.00    0.00   -1.51    0.47    3.34   -2.11  -14.48   37.37
C-G     0.00    0.00    0.00    0.00    0.00    0.00    0.62    1.45    4.05    1.61   -7.83   45.32
T-A     0.00    0.00    0.00    0.00    0.00    0.00   -0.24    1.31    3.38    1.60   -9.40   40.91
T-A     0.00    0.00    0.00    0.00    0.00    0.00    0.33    0.02    2.94   -3.52    4.24   31.19
T-A     0.00    0.00    0.00    0.00    0.00    0.00    0.30   -0.07    3.28    1.60    9.11   31.59
T-A     0.00    0.00    0.00    0.00    0.00    0.00   -0.16    0.37    3.48    1.75   13.50   33.71
G-C     0.00    0.00    0.00    0.00    0.00    0.00   -0.01   -1.00    3.82    5.21   20.22   24.17
A-T     0.00    0.00    0.00    0.00    0.00    0.00    0.10    0.08    2.89   -8.86    8.81   32.26
T-A     0.00    0.00    0.00    0.00    0.00    0.00   -0.22   -0.71    3.26   -2.38    4.04   25.42
G-C     0.00    0.00    0.00    0.00    0.00    0.00   -0.30    0.80    3.17    0.94   -1.40   38.37
G-C     0.00    0.00    0.00    0.00    0.00    0.00    1.00    0.27    3.47    7.17    1.95   33.19
A-T     0.00    0.00    0.00    0.00    0.00    0.00   -1.11    1.14    3.25   -8.88   -5.31   42.67
G-C     0.00    0.00    0.00    0.00    0.00    0.00    1.15    0.23    3.13    0.28   -7.62   35.33
C-G     0.00    0.00    0.00    0.00    0.00    0.00   -0.56    0.22    3.44   -0.07   -3.21   35.73
A-T     0.00    0.00    0.00    0.00    0.00    0.00    1.08    0.60    3.41    4.16    3.77   37.42
G-C     0.00    0.00    0.00    0.00    0.00    0.00   -1.33   -0.11    3.68   -4.28   10.62   37.19
T-A     0.00    0.00    0.00    0.00    0.00    0.00   -0.92   -0.35    3.16   -0.16   13.71   30.04
T-A     0.00    0.00    0.00    0.00    0.00    0.00   -0.54   -0.23    3.23   -2.52    0.25   31.85
T-A     0.00    0.00    0.00    0.00    0.00    0.00    0.81    0.02    3.26    1.07    8.61   33.86
C-G     0.00    0.00    0.00    0.00    0.00    0.00    1.32    0.83    2.85    9.24    0.84   35.49
C-G     0.00    0.00    0.00    0.00    0.00    0.00   -1.22    0.93    3.63  -10.05    5.85   30.37
A-T     0.00    0.00    0.00    0.00    0.00    0.00    0.38    2.24    3.22    8.01  -20.15   48.53
A-T     0.00    0.00    0.00    0.00    0.00    0.00    0.13   -0.28    3.14   -2.58    4.61   32.54
A-T     0.00    0.00    0.00    0.00    0.00    0.00   -0.66   -0.33    3.61    0.11    3.26   38.64
T-A     0.00    0.00    0.00    0.00    0.00    0.00   -0.37   -0.44    3.08    0.53   -4.90   31.20
A-T     0.00    0.00    0.00    0.00    0.00    0.00    0.29   -0.25    3.20  -11.95    5.20   38.13
C-G     0.00    0.00    0.00    0.00    0.00    0.00   -0.05   -0.97    3.06    3.07    3.17   21.99
A-T     0.00    0.00    0.00    0.00    0.00    0.00    0.25   -0.42    3.86    5.34   11.40   40.63
C-G     0.00    0.00    0.00    0.00    0.00    0.00    0.69   -0.54    3.40   -1.67    7.30   35.04
T-A     0.00    0.00    0.00    0.00    0.00    0.00   -0.44   -0.25    3.18    1.48    4.96   33.86
T-A     0.00    0.00    0.00    0.00    0.00    0.00    0.01   -0.05    3.51   -5.55   -4.11   34.61
T-A     0.00    0.00    0.00    0.00    0.00    0.00   -0.72   -0.17    2.97    2.93    1.27   34.38
T-A     0.00    0.00    0.00    0.00    0.00    0.00   -0.45    0.45    3.54   -2.51   -5.94   41.42
G-C     0.00    0.00    0.00    0.00    0.00    0.00    0.02    2.59    3.26    1.68   -3.52   41.05
G-C     0.00    0.00    0.00    0.00    0.00    0.00   -0.52    0.23    2.67  -12.76    2.38   25.73
T-A     0.00    0.00    0.00    0.00    0.00    0.00    0.63   -0.49    3.25    4.07    6.98   30.68
A-T     0.00    0.00    0.00    0.00    0.00    0.00   -0.69    0.10    3.64    3.24   14.43   34.72
G-C     0.00    0.00    0.00    0.00    0.00    0.00    0.33   -0.03    3.30    0.56   10.25   29.65
A-T     0.00    0.00    0.00    0.00    0.00    0.00   -0.43   -0.92    3.08   -5.08   14.11   24.53
A-T     0.00    0.00    0.00    0.00    0.00    0.00    0.98   -0.40    3.05   -7.26    2.11   37.47
T-A     0.00    0.00    0.00    0.00    0.00    0.00   -0.50   -0.95    3.30    0.04  -10.12   30.53
C-G     0.00    0.00    0.00    0.00    0.00    0.00    0.37   -0.47    3.46    3.75   -2.90   41.10
T-A     0.00    0.00    0.00    0.00    0.00    0.00   -0.91   -0.33    3.43   -5.77    5.53   31.88
G-C     0.00    0.00    0.00    0.00    0.00    0.00   -0.34    2.28    2.96    1.83  -17.23   45.35
C-G     0.00    0.00    0.00    0.00    0.00    0.00    0.34    0.44    3.06    4.11    5.99   30.07
A-T     0.00    0.00    0.00    0.00    0.00    0.00    0.26    2.43    3.49    1.45   -5.06   44.69
G-C     0.00    0.00    0.00    0.00    0.00    0.00    0.35    0.75    2.84   -5.83    8.08   28.40
G-C     0.00    0.00    0.00    0.00    0.00    0.00   -0.44   -0.41    3.58   -0.02   17.08   32.51
T-A     0.00    0.00    0.00    0.00    0.00    0.00   -0.62   -0.46    3.30   -1.91    6.09   33.61
G-C     0.00    0.00    0.00    0.00    0.00    0.00    0.08    0.12    3.44    1.85    9.67   34.06
G-C     0.00    0.00    0.00    0.00    0.00    0.00    0.67    0.45    3.13   -0.06    6.29   28.72
A-T     0.00    0.00    0.00    0.00    0.00    0.00   -0.52   -0.37    3.17   -3.99    3.33   38.95
T-A     0.00    0.00    0.00    0.00    0.00    0.00   -0.14   -0.85    3.29   -0.91   -3.28   29.45
A-T     0.00    0.00    0.00    0.00    0.00    0.00   -0.19   -0.11    3.76    1.86   -2.40   41.34
T-A     0.00    0.00    0.00    0.00    0.00    0.00   -0.53   -0.82    3.05   -5.64   -4.58   30.68
T-A     0.00    0.00    0.00    0.00    0.00    0.00    0.67    0.04    3.32    3.74    1.74   36.25
G-C     0.00    0.00    0.00    0.00    0.00    0.00   -0.18    0.01    3.37    4.68    3.34   37.67
A-T     0.00    0.00    0.00    0.00    0.00    0.00   -0.12    0.12    3.25   -2.89    7.18   30.40
T-A     0.00    0.00    0.00    0.00    0.00    0.00    0.79   -0.67    3.14   -0.94   -0.09   36.82
