 146 base-pairs
   0  ***local base-pair & step parameters***
       Shear  Stretch  Stagger Buckle Prop-Tw Opening   Shift  Slide    Rise    Tilt    Roll   Twist
A-T     0.00    0.00    0.00    0.00    0.00    0.00    0.00    0.00    0.00    0.00    0.00    0.00
T-A     0.00    0.00    0.00    0.00    0.00    0.00   -1.17   -0.75    3.33   -3.86   -0.40   30.58
C-G     0.00    0.00    0.00    0.00    0.00    0.00    0.93   -0.08    2.93    4.97    3.65   36.02
A-T     0.00    0.00    0.00    0.00    0.00    0.00   -0.26    0.73    3.53   -4.33    4.44   34.67
A-T     0.00    0.00    0.00    0.00    0.00    0.00   -0.51    0.14    3.26   -4.09    0.33   38.00
T-A     0.00    0.00    0.00    0.00    0.00    0.00    0.52   -0.80    3.01    7.58   -2.26   32.87
A-T     0.00    0.00    0.00    0.00    0.00    0.00    0.04   -0.16    3.62   -4.70   -3.73   40.57
T-A     0.00    0.00    0.00    0.00    0.00    0.00   -0.09   -1.09    3.22    5.92   -2.79   34.32
C-G     0.00    0.00    0.00    0.00    0.00    0.00    1.11    0.07    3.38    1.39   -1.40   33.91
C-G     0.00    0.00    0.00    0.00    0.00    0.00   -0.26   -0.05    3.13   -0.94    9.18   27.90
A-T     0.00    0.00    0.00    0.00    0.00    0.00   -1.11    0.57    3.43   -0.89    5.54   33.14
C-G     0.00    0.00    0.00    0.00    0.00    0.00    0.48   -0.96    3.31   -0.69    5.70   34.39
C-G     0.00    0.00    0.00    0.00    0.00    0.00    0.55   -0.10    3.38    1.80   12.47   31.21
T-A     0.00    0.00    0.00    0.00    0.00    0.00   -1.14    0.34    3.53   -6.29    7.64   32.23
G-C     0.00    0.00    0.00    0.00    0.00    0.00    0.49    1.23    3.24    4.42   -6.37   40.06
C-G     0.00    0.00    0.00    0.00    0.00    0.00   -0.29    0.18    3.49   -7.19    5.75   37.70
A-T     0.00    0.00    0.00    0.00    0.00    0.00   -0.02    1.73    3.03    2.91  -20.81   40.78
G-C     0.00    0.00    0.00    0.00    0.00    0.00    0.45    0.11    3.52    2.74    2.44   35.63
A-T     0.00    0.00    0.00    0.00    0.00    0.00   -0.02   -0.86    3.25    0.62   -5.31   35.60
T-A     0.00    0.00    0.00    0.00    0.00    0.00    0.25    0.16    3.02    2.40   -4.86   36.03
T-A     0.00    0.00    0.00    0.00    0.00    0.00    0.02   -1.42    3.42    3.25    4.33   29.07
C-G     0.00    0.00    0.00    0.00    0.00    0.00   -0.34   -0.39    2.74    3.78    9.58   26.84
T-A     0.00    0.00    0.00    0.00    0.00    0.00   -0.20   -0.47    3.82    1.26   11.27   28.66
A-T     0.00    0.00    0.00    0.00    0.00    0.00    1.96    0.73    3.69    2.28   21.48   34.12
C-G     0.00    0.00    0.00    0.00    0.00    0.00   -1.18   -0.22    2.93  -11.93    2.93   31.38
C-G     0.00    0.00    0.00    0.00    0.00    0.00    0.63   -0.26    2.70   14.27    7.08   30.28
A-T     0.00    0.00    0.00    0.00    0.00    0.00   -0.01    2.64    3.16   -4.13  -15.64   42.71
A-T     0.00    0.00    0.00    0.00    0.00    0.00    0.53    0.42    3.59    4.31    2.80   39.58
A-T     0.00    0.00    0.00    0.00    0.00    0.00    0.52   -0.21    3.28   -1.16   -8.47   40.85
A-T     0.00    0.00    0.00    0.00    0.00    0.00   -0.10   -0.38    3.26   -2.18    3.66   32.09
G-C     0.00    0.00    0.00    0.00    0.00    0.00    0.15   -0.47    3.53    0.72   -0.25   36.79
T-A     0.00    0.00    0.00    0.00    0.00    0.00   -0.44   -0.70    2.99    4.03   -1.22   27.55
G-C     0.00    0.00    0.00    0.00    0.00    0.00    1.17    0.15    3.82    2.61   14.19   33.64
T-A     0.00    0.00    0.00    0.00    0.00    0.00   -1.44   -0.55    2.86   -3.07   16.86   23.26
A-T     0.00    0.00    0.00    0.00    0.00    0.00    0.19   -0.61    3.80   -5.17    1.81   41.68
T-A     0.00    0.00    0.00    0.00    0.00    0.00    0.36   -1.06    3.44    1.25    2.72   30.79
T-A     0.00    0.00    0.00    0.00    0.00    0.00    0.21   -0.33    3.05    3.01   -7.64   38.62
T-A     0.00    0.00    0.00    0.00    0.00    0.00   -0.04   -0.41    3.58   -6.90    4.27   31.31
G-C     0.00    0.00    0.00    0.00    0.00    0.00   -0.83    2.23    3.19    1.42  -21.74   47.43
G-C     0.00    0.00    0.00    0.00    0.00    0.00    1.06    0.95    3.45    6.84    5.09   29.83
A-T     0.00    0.00    0.00    0.00    0.00    0.00   -1.28    0.89    3.05  -11.58    0.13   37.28
A-T     0.00    0.00    0.00    0.00    0.00    0.00    0.43   -0.31    3.23   -0.75    3.68   34.52
A-T     0.00    0.00    0.00    0.00    0.00    0.00   -0.14   -0.13    3.58   -1.72   14.14   32.34
C-G     0.00    0.00    0.00    0.00    0.00    0.00    0.29   -0.38    2.91    4.30   -2.79   33.91
T-A     0.00    0.00    0.00    0.00    0.00    0.00    1.21   -0.10    3.27    1.75   12.24   33.86
G-C     0.00    0.00    0.00    0.00    0.00    0.00   -1.50    0.46    3.62   -5.65   10.57   37.15
C-G     0.00    0.00    0.00    0.00    0.00    0.00    0.51    1.09    3.58   -0.05  -11.58   46.70
T-A     0.00    0.00    0.00    0.00    0.00    0.00   -1.30   -0.05    2.77   -0.36   -0.52   30.93
C-G     0.00    0.00    0.00    0.00    0.00    0.00    1.62    1.80    3.22    7.50   -9.94   42.37
C-G     0.00    0.00    0.00    0.00    0.00    0.00   -1.03    0.45    3.46   -5.17    6.77   35.37
A-T     0.00    0.00    0.00    0.00    0.00    0.00    0.40    1.03    3.39   -4.88   -3.50   40.67
T-A     0.00    0.00    0.00    0.00    0.00    0.00    0.68   -0.46    2.94    5.88    1.14   28.46
C-G     0.00    0.00    0.00    0.00    0.00    0.00    0.31   -0.19    3.53    3.36   10.33   32.47
A-T     0.00    0.00    0.00    0.00    0.00    0.00   -0.34    0.29    4.16    3.79   18.74   34.39
A-T     0.00    0.00    0.00    0.00    0.00    0.00    0.54    0.55    3.06   -4.15    6.48   42.87
A-T     0.00    0.00    0.00    0.00    0.00    0.00   -0.87    0.37    3.03   -4.59   -5.42   35.54
A-T     0.00    0.00    0.00    0.00    0.00    0.00   -0.12   -0.97    3.52   -3.91   -0.66   35.73
G-C     0.00    0.00    0.00    0.00    0.00    0.00   -0.24    0.96    3.65   -2.37   -7.35   41.20
G-C     0.00    0.00    0.00    0.00    0.00    0.00   -0.88    0.11    3.18   -6.12  -29.66   31.39
C-G     0.00    0.00    0.00    0.00    0.00    0.00    1.43    0.01    4.53    0.60  -21.10   39.24
A-T     0.00    0.00    0.00    0.00    0.00    0.00   -0.15    0.89    3.23   15.09    7.10   43.09
T-A     0.00    0.00    0.00    0.00    0.00    0.00    0.36   -0.52    3.31   -2.85   16.52   22.34
G-C     0.00    0.00    0.00    0.00    0.00    0.00   -0.05    1.35    4.08   -0.68    8.59   41.16
T-A     0.00    0.00    0.00    0.00    0.00    0.00   -0.81   -0.64    3.37   -1.87    8.32   26.71
T-A     0.00    0.00    0.00    0.00    0.00    0.00    0.29    0.16    2.99    3.73    4.07   31.70
C-G     0.00    0.00    0.00    0.00    0.00    0.00    0.81    0.70    3.24    3.87    8.30   36.09
A-T     0.00    0.00    0.00    0.00    0.00    0.00   -0.77    1.58    3.66   -2.74   -5.03   43.98
G-C     0.00    0.00    0.00    0.00    0.00    0.00    0.71    1.00    3.53    4.77   -1.14   31.52
C-G     0.00    0.00    0.00    0.00    0.00    0.00   -0.47    0.65    3.30   -6.46   -4.27   40.54
T-A     0.00    0.00    0.00    0.00    0.00    0.00    0.08    0.84    3.32    3.87   -1.26   35.97
G-C     0.00    0.00    0.00    0.00    0.00    0.00    0.96    1.04    3.18    0.20    3.45   34.55
A-T     0.00    0.00    0.00    0.00    0.00    0.00   -0.73    0.00    3.36   -6.47    6.69   34.43
A-T     0.00    0.00    0.00    0.00    0.00    0.00   -0.09   -0.36    3.20    2.22    3.76   34.20
T-A     0.00    0.00    0.00    0.00    0.00    0.00    0.23   -0.78    3.39   -0.37    7.70   29.81
T-A     0.00    0.00    0.00    0.00    0.00    0.00   -0.08   -0.37    3.19    3.95    7.48   34.50
C-G     0.00    0.00    0.00    0.00    0.00    0.00    0.04    0.22    3.25    2.12    5.54   30.84
A-T     0.00    0.00    0.00    0.00    0.00    0.00   -0.66    1.83    3.39   -1.00   -0.49   42.80
G-C     0.00    0.00    0.00    0.00    0.00    0.00    0.94    0.78    3.30   -1.23   -3.78   36.41
C-G     0.00    0.00    0.00    0.00    0.00    0.00   -1.13    1.10    3.38   -3.10   -6.75   38.37
T-A     0.00    0.00    0.00    0.00    0.00    0.00    1.20    1.51    3.73    3.36   -4.43   43.21
G-C     0.00    0.00    0.00    0.00    0.00    0.00   -0.81    0.93    2.95   -3.26    6.84   33.15
A-T     0.00    0.00    0.00    0.00    0.00    0.00   -0.47    0.22    3.35   -2.22    5.57   32.74
A-T     0.00    0.00    0.00    0.00    0.00    0.00    0.32    0.15    3.33    1.87   10.14   32.97
C-G     0.00    0.00    0.00    0.00    0.00    0.00    0.21   -0.54    3.30   -0.28    5.69   29.66
A-T     0.00    0.00    0.00    0.00    0.00    0.00   -0.45    0.52    3.69    0.11   11.76   34.71
T-A     0.00    0.00    0.00    0.00    0.00    0.00    0.26   -0.54    3.12    1.15   -0.10   27.47
G-C     0.00    0.00    0.00    0.00    0.00    0.00    0.95    0.35    3.44   -0.39    8.48   35.88
C-G     0.00    0.00    0.00    0.00    0.00    0.00   -1.48    0.40    3.34   -1.88  -15.23   37.93
C-G     0.00    0.00    0.00    0.00    0.00    0.00    0.65    1.47    4.03    1.99   -8.45   46.34
T-A     0.00    0.00    0.00    0.00    0.00    0.00   -0.22    1.40    3.36    2.04   -9.82   42.02
T-A     0.00    0.00    0.00    0.00    0.00    0.00    0.36    0.11    2.92   -3.12    3.97   32.04
T-A     0.00    0.00    0.00    0.00    0.00    0.00    0.33   -0.02    3.27    1.88    8.87   32.02
T-A     0.00    0.00    0.00    0.00    0.00    0.00   -0.14    0.34    3.48    1.90   13.26   33.75
G-C     0.00    0.00    0.00    0.00    0.00    0.00    0.00   -1.07    3.82    5.24   19.99   24.02
A-T     0.00    0.00    0.00    0.00    0.00    0.00    0.08    0.02    2.89   -8.94    8.74   32.15
T-A     0.00    0.00    0.00    0.00    0.00    0.00   -0.26   -0.71    3.25   -2.52    4.27   25.45
G-C     0.00    0.00    0.00    0.00    0.00    0.00   -0.37    0.89    3.16    0.75   -0.79   38.47
G-C     0.00    0.00    0.00    0.00    0.00    0.00    0.94    0.42    3.45    6.92    2.87   33.15
A-T     0.00    0.00    0.00    0.00    0.00    0.00   -1.16    1.29    3.24   -9.19   -4.27   42.29
G-C     0.00    0.00    0.00    0.00    0.00    0.00    1.13    0.30    3.13   -0.07   -6.76   34.54
C-G     0.00    0.00    0.00    0.00    0.00    0.00   -0.55    0.18    3.47   -0.39   -2.79   34.67
A-T     0.00    0.00    0.00    0.00    0.00    0.00    1.11    0.46    3.45    3.94    3.63   36.42
G-C     0.00    0.00    0.00    0.00    0.00    0.00   -1.29   -0.30    3.72   -4.34    9.99   36.61
T-A     0.00    0.00    0.00    0.00    0.00    0.00   -0.88   -0.51    3.18   -0.01   12.80   30.14
T-A     0.00    0.00    0.00    0.00    0.00    0.00   -0.50   -0.31    3.22   -2.19   -0.65   32.62
T-A     0.00    0.00    0.00    0.00    0.00    0.00    0.83    0.05    3.24    1.52    7.93   35.05
C-G     0.00    0.00    0.00    0.00    0.00    0.00    1.34    0.93    2.82    9.70    0.46   36.71
C-G     0.00    0.00    0.00    0.00    0.00    0.00   -1.21    1.04    3.61   -9.68    5.72   31.25
A-T     0.00    0.00    0.00    0.00    0.00    0.00    0.40    2.31    3.20    8.22  -20.15   48.88
A-T     0.00    0.00    0.00    0.00    0.00    0.00    0.14   -0.28    3.14   -2.54    4.63   32.41
A-T     0.00    0.00    0.00    0.00    0.00    0.00   -0.67   -0.39    3.61    0.00    3.30   38.25
T-A     0.00    0.00    0.00    0.00    0.00    0.00   -0.40   -0.50    3.09    0.33   -4.77   30.82
A-T     0.00    0.00    0.00    0.00    0.00    0.00    0.24   -0.25    3.19  -12.20    5.55   37.90
C-G     0.00    0.00    0.00    0.00    0.00    0.00   -0.10   -0.90    3.05    2.80    3.80   21.89
A-T     0.00    0.00    0.00    0.00    0.00    0.00    0.19   -0.30    3.85    5.07   12.26   40.49
C-G     0.00    0.00    0.00    0.00    0.00    0.00    0.66   -0.41    3.39   -1.94    8.19   34.67
T-A     0.00    0.00    0.00    0.00    0.00    0.00   -0.45   -0.20    3.19    1.22    5.62   33.18
T-A     0.00    0.00    0.00    0.00    0.00    0.00    0.03   -0.10    3.54   -5.76   -3.92   33.75
T-A     0.00    0.00    0.00    0.00    0.00    0.00   -0.67   -0.32    3.01    2.83    0.90   33.61
T-A     0.00    0.00    0.00    0.00    0.00    0.00   -0.40    0.26    3.57   -2.45   -6.77   41.08
G-C     0.00    0.00    0.00    0.00    0.00    0.00    0.07    2.43    3.28    1.92   -4.57   41.36
G-C     0.00    0.00    0.00    0.00    0.00    0.00   -0.48    0.17    2.67  -12.37    1.42   26.67
T-A     0.00    0.00    0.00    0.00    0.00    0.00    0.65   -0.44    3.22    4.54    6.33   31.97
A-T     0.00    0.00    0.00    0.00    0.00    0.00   -0.69    0.22    3.61    3.68   14.18   35.96
G-C     0.00    0.00    0.00    0.00    0.00    0.00    0.33    0.11    3.27    0.87   10.33   30.47
A-T     0.00    0.00    0.00    0.00    0.00    0.00   -0.43   -0.82    3.06   -4.97   14.37   24.73
A-T     0.00    0.00    0.00    0.00    0.00    0.00    0.97   -0.39    3.04   -7.34    2.40   37.12
T-A     0.00    0.00    0.00    0.00    0.00    0.00   -0.52   -1.00    3.31   -0.20   -9.86   29.88
C-G     0.00    0.00    0.00    0.00    0.00    0.00    0.33   -0.53    3.47    3.44   -2.62   40.45
T-A     0.00    0.00    0.00    0.00    0.00    0.00   -0.96   -0.35    3.43   -6.09    5.93   31.44
G-C     0.00    0.00    0.00    0.00    0.00    0.00   -0.39    2.32    2.96    1.54  -16.65   45.13
C-G     0.00    0.00    0.00    0.00    0.00    0.00    0.29    0.54    3.05    3.86    6.70   29.93
A-T     0.00    0.00    0.00    0.00    0.00    0.00    0.24    2.54    3.49    1.25   -4.37   44.43
G-C     0.00    0.00    0.00    0.00    0.00    0.00    0.36    0.79    2.85   -5.98    8.49   27.92
G-C     0.00    0.00    0.00    0.00    0.00    0.00   -0.40   -0.47    3.61   -0.10   17.03   31.89
T-A     0.00    0.00    0.00    0.00    0.00    0.00   -0.56   -0.60    3.33   -1.88    5.52   33.10
G-C     0.00    0.00    0.00    0.00    0.00    0.00    0.14   -0.07    3.47    2.02    8.70   33.95
G-C     0.00    0.00    0.00    0.00    0.00    0.00    0.72    0.30    3.14    0.26    5.18   29.20
A-T     0.00    0.00    0.00    0.00    0.00    0.00   -0.49   -0.43    3.16   -3.57    2.38   39.97
T-A     0.00    0.00    0.00    0.00    0.00    0.00   -0.13   -0.79    3.26   -0.46   -3.82   30.75
A-T     0.00    0.00    0.00    0.00    0.00    0.00   -0.20    0.03    3.72    2.23   -2.47   42.52
T-A     0.00    0.00    0.00    0.00    0.00    0.00   -0.55   -0.66    3.01   -5.44   -4.26   31.36
T-A     0.00    0.00    0.00    0.00    0.00    0.00    0.65    0.15    3.30    3.73    2.26   36.25
G-C     0.00    0.00    0.00    0.00    0.00    0.00   -0.20    0.03    3.37    4.47    3.87   37.08
A-T     0.00    0.00    0.00    0.00    0.00    0.00   -0.15    0.07    3.26   -3.24    7.61   29.50
T-A     0.00    0.00    0.00    0.00    0.00    0.00    0.75   -0.74    3.16   -1.33    0.26   35.95
