 146 base-pairs
   0  ***local base-pair & step parameters***
       Shear  Stretch  Stagger Buckle Prop-Tw Opening   Shift  Slide    Rise    Tilt    Roll   Twist
A-T     0.00    0.00    0.00    0.00    0.00    0.00    0.00    0.00    0.00    0.00    0.00    0.00
T-A     0.00    0.00    0.00    0.00    0.00    0.00   -1.11   -0.77    3.30   -2.74   -2.51   31.54
C-G     0.00    0.00    0.00    0.00    0.00    0.00    0.97   -0.02    2.90    6.01    2.12   36.99
A-T     0.00    0.00    0.00    0.00    0.00    0.00   -0.26    0.83    3.50   -3.63    3.88   35.47
A-T     0.00    0.00    0.00    0.00    0.00    0.00   -0.54    0.27    3.24   -3.90    0.85   38.49
T-A     0.00    0.00    0.00    0.00    0.00    0.00    0.47   -0.68    3.00    7.22   -0.83   32.98
A-T     0.00    0.00    0.00    0.00    0.00    0.00   -0.03   -0.08    3.63   -5.49   -1.80   40.30
T-A     0.00    0.00    0.00    0.00    0.00    0.00   -0.16   -1.06    3.23    4.92   -0.88   33.74
C-G     0.00    0.00    0.00    0.00    0.00    0.00    1.06    0.05    3.40    0.46    0.00   33.15
C-G     0.00    0.00    0.00    0.00    0.00    0.00   -0.28   -0.11    3.15   -1.57    9.75   27.12
A-T     0.00    0.00    0.00    0.00    0.00    0.00   -1.11    0.49    3.44   -1.09    5.22   32.46
C-G     0.00    0.00    0.00    0.00    0.00    0.00    0.50   -1.02    3.32   -0.45    4.68   33.91
C-G     0.00    0.00    0.00    0.00    0.00    0.00    0.59   -0.14    3.38    2.36   11.12   30.96
T-A     0.00    0.00    0.00    0.00    0.00    0.00   -1.11    0.33    3.53   -5.61    6.39   32.22
G-C     0.00    0.00    0.00    0.00    0.00    0.00    0.52    1.25    3.24    5.00   -7.15   40.25
C-G     0.00    0.00    0.00    0.00    0.00    0.00   -0.27    0.21    3.50   -6.88    5.60   38.04
A-T     0.00    0.00    0.00    0.00    0.00    0.00    0.00    1.75    3.04    2.91  -20.38   41.21
G-C     0.00    0.00    0.00    0.00    0.00    0.00    0.46    0.10    3.53    2.46    3.20   36.10
A-T     0.00    0.00    0.00    0.00    0.00    0.00   -0.01   -0.89    3.26    0.22   -4.57   36.07
T-A     0.00    0.00    0.00    0.00    0.00    0.00    0.26    0.11    3.02    2.05   -4.46   36.48
T-A     0.00    0.00    0.00    0.00    0.00    0.00    0.02   -1.47    3.41    3.11    4.21   29.47
C-G     0.00    0.00    0.00    0.00    0.00    0.00   -0.33   -0.41    2.72    3.93    8.95   27.14
T-A     0.00    0.00    0.00    0.00    0.00    0.00   -0.21   -0.46    3.80    1.65   10.36   28.81
A-T     0.00    0.00    0.00    0.00    0.00    0.00    1.95    0.79    3.66    2.77   20.63   34.08
C-G     0.00    0.00    0.00    0.00    0.00    0.00   -1.22   -0.13    2.91  -11.51    2.51   31.10
C-G     0.00    0.00    0.00    0.00    0.00    0.00    0.59   -0.15    2.70   14.42    7.34   29.78
A-T     0.00    0.00    0.00    0.00    0.00    0.00   -0.06    2.74    3.17   -4.34  -14.68   42.03
A-T     0.00    0.00    0.00    0.00    0.00    0.00    0.49    0.47    3.62    3.74    4.26   38.81
A-T     0.00    0.00    0.00    0.00    0.00    0.00    0.49   -0.22    3.32   -1.96   -6.89   40.12
A-T     0.00    0.00    0.00    0.00    0.00    0.00   -0.10   -0.46    3.30   -2.99    4.89   31.55
G-C     0.00    0.00    0.00    0.00    0.00    0.00    0.18   -0.59    3.56    0.14    0.22   36.56
T-A     0.00    0.00    0.00    0.00    0.00    0.00   -0.39   -0.85    3.01    3.87   -1.71   27.70
G-C     0.00    0.00    0.00    0.00    0.00    0.00    1.25    0.02    3.82    2.96   12.78   34.16
T-A     0.00    0.00    0.00    0.00    0.00    0.00   -1.37   -0.64    2.84   -2.27   14.86   24.09
A-T     0.00    0.00    0.00    0.00    0.00    0.00    0.25   -0.63    3.77   -4.11   -0.28   42.65
T-A     0.00    0.00    0.00    0.00    0.00    0.00    0.39   -1.00    3.40    2.30    1.09   31.73
T-A     0.00    0.00    0.00    0.00    0.00    0.00    0.21   -0.22    3.01    3.78   -8.37   39.34
T-A     0.00    0.00    0.00    0.00    0.00    0.00   -0.08   -0.26    3.55   -6.63    4.64   31.68
G-C     0.00    0.00    0.00    0.00    0.00    0.00   -0.90    2.36    3.19    1.13  -20.36   47.38
G-C     0.00    0.00    0.00    0.00    0.00    0.00    0.99    1.05    3.46    6.06    7.12   29.38
A-T     0.00    0.00    0.00    0.00    0.00    0.00   -1.35    0.93    3.07  -12.64    2.27   36.52
A-T     0.00    0.00    0.00    0.00    0.00    0.00    0.38   -0.34    3.26   -1.82    5.39   33.61
A-T     0.00    0.00    0.00    0.00    0.00    0.00   -0.16   -0.20    3.60   -2.51   15.00   31.46
C-G     0.00    0.00    0.00    0.00    0.00    0.00    0.29   -0.49    2.93    3.96   -2.94   33.21
T-A     0.00    0.00    0.00    0.00    0.00    0.00    1.24   -0.20    3.28    1.93   11.19   33.45
G-C     0.00    0.00    0.00    0.00    0.00    0.00   -1.45    0.39    3.62   -5.05    8.97   37.07
C-G     0.00    0.00    0.00    0.00    0.00    0.00    0.56    1.06    3.57    0.78  -13.26   46.93
T-A     0.00    0.00    0.00    0.00    0.00    0.00   -1.26   -0.04    2.76    0.46   -1.82   31.39
C-G     0.00    0.00    0.00    0.00    0.00    0.00    1.65    1.84    3.21    8.08  -10.54   42.95
C-G     0.00    0.00    0.00    0.00    0.00    0.00   -1.02    0.50    3.46   -4.96    6.93   35.98
A-T     0.00    0.00    0.00    0.00    0.00    0.00    0.40    1.07    3.39   -5.03   -2.75   41.22
T-A     0.00    0.00    0.00    0.00    0.00    0.00    0.67   -0.45    2.94    5.45    2.16   28.90
C-G     0.00    0.00    0.00    0.00    0.00    0.00    0.30   -0.20    3.53    2.85   11.23   32.77
A-T     0.00    0.00    0.00    0.00    0.00    0.00   -0.35    0.26    4.15    3.38   19.22   34.55
A-T     0.00    0.00    0.00    0.00    0.00    0.00    0.53    0.52    3.05   -4.32    6.41   42.88
A-T     0.00    0.00    0.00    0.00    0.00    0.00   -0.88    0.36    3.01   -4.47   -5.97   35.42
A-T     0.00    0.00    0.00    0.00    0.00    0.00   -0.14   -0.95    3.50   -3.57   -1.42   35.47
G-C     0.00    0.00    0.00    0.00    0.00    0.00   -0.26    1.02    3.63   -1.97   -7.97   40.80
G-C     0.00    0.00    0.00    0.00    0.00    0.00   -0.91    0.19    3.17   -5.84  -29.84   30.88
C-G     0.00    0.00    0.00    0.00    0.00    0.00    1.40    0.09    4.54    0.61  -20.67   38.66
A-T     0.00    0.00    0.00    0.00    0.00    0.00   -0.18    0.93    3.25   14.79    8.06   42.50
T-A     0.00    0.00    0.00    0.00    0.00    0.00    0.35   -0.52    3.34   -3.41   17.76   21.84
G-C     0.00    0.00    0.00    0.00    0.00    0.00   -0.05    1.30    4.11   -1.34    9.70   40.85
T-A     0.00    0.00    0.00    0.00    0.00    0.00   -0.78   -0.74    3.40   -2.42    8.90   26.68
T-A     0.00    0.00    0.00    0.00    0.00    0.00    0.34    0.03    3.01    3.50    3.85   31.99
C-G     0.00    0.00    0.00    0.00    0.00    0.00    0.87    0.57    3.24    4.07    7.24   36.68
A-T     0.00    0.00    0.00    0.00    0.00    0.00   -0.71    1.50    3.64   -2.11   -6.72   44.80
G-C     0.00    0.00    0.00    0.00    0.00    0.00    0.76    0.98    3.50    5.69   -3.04   32.42
C-G     0.00    0.00    0.00    0.00    0.00    0.00   -0.45    0.70    3.26   -5.48   -5.87   41.37
T-A     0.00    0.00    0.00    0.00    0.00    0.00    0.07    0.95    3.28    4.64   -2.09   36.55
G-C     0.00    0.00    0.00    0.00    0.00    0.00    0.92    1.19    3.16    0.54    3.65   34.76
A-T     0.00    0.00    0.00    0.00    0.00    0.00   -0.80    0.14    3.35   -6.68    7.92   34.23
A-T     0.00    0.00    0.00    0.00    0.00    0.00   -0.17   -0.25    3.21    1.50    5.73   33.60
T-A     0.00    0.00    0.00    0.00    0.00    0.00    0.16   -0.73    3.41   -1.42    9.91   28.93
T-A     0.00    0.00    0.00    0.00    0.00    0.00   -0.13   -0.39    3.22    2.83    9.37   33.51
C-G     0.00    0.00    0.00    0.00    0.00    0.00    0.02    0.14    3.28    1.22    6.62   29.93
A-T     0.00    0.00    0.00    0.00    0.00    0.00   -0.64    1.71    3.42   -1.46   -0.47   42.14
G-C     0.00    0.00    0.00    0.00    0.00    0.00    0.99    0.65    3.31   -1.13   -4.79   36.10
C-G     0.00    0.00    0.00    0.00    0.00    0.00   -1.07    1.00    3.37   -2.50   -8.49   38.46
T-A     0.00    0.00    0.00    0.00    0.00    0.00    1.27    1.46    3.72    4.29   -6.42   43.65
G-C     0.00    0.00    0.00    0.00    0.00    0.00   -0.75    0.92    2.93   -2.26    5.13   33.83
A-T     0.00    0.00    0.00    0.00    0.00    0.00   -0.44    0.26    3.34   -1.41    4.56   33.52
A-T     0.00    0.00    0.00    0.00    0.00    0.00    0.33    0.22    3.32    2.29   10.02   33.72
C-G     0.00    0.00    0.00    0.00    0.00    0.00    0.20   -0.47    3.30   -0.31    6.40   30.25
A-T     0.00    0.00    0.00    0.00    0.00    0.00   -0.48    0.57    3.69   -0.31   13.00   35.07
T-A     0.00    0.00    0.00    0.00    0.00    0.00    0.22   -0.52    3.12    0.50    1.24   27.59
G-C     0.00    0.00    0.00    0.00    0.00    0.00    0.92    0.34    3.44   -1.04    9.53   35.78
C-G     0.00    0.00    0.00    0.00    0.00    0.00   -1.51    0.37    3.34   -2.34  -14.76   37.66
C-G     0.00    0.00    0.00    0.00    0.00    0.00    0.63    1.45    4.03    1.84   -8.61   45.95
T-A     0.00    0.00    0.00    0.00    0.00    0.00   -0.23    1.39    3.35    2.20  -10.46   41.57
T-A     0.00    0.00    0.00    0.00    0.00    0.00    0.36    0.13    2.91   -2.76    3.17   31.57
T-A     0.00    0.00    0.00    0.00    0.00    0.00    0.32    0.02    3.26    2.28    8.27   31.55
T-A     0.00    0.00    0.00    0.00    0.00    0.00   -0.14    0.39    3.49    2.16   13.11   33.32
G-C     0.00    0.00    0.00    0.00    0.00    0.00   -0.01   -1.03    3.84    5.23   20.38   23.67
A-T     0.00    0.00    0.00    0.00    0.00    0.00    0.08    0.03    2.92   -9.21    9.54   31.92
T-A     0.00    0.00    0.00    0.00    0.00    0.00   -0.25   -0.74    3.28   -2.98    5.19   25.40
G-C     0.00    0.00    0.00    0.00    0.00    0.00   -0.34    0.81    3.18    0.27   -0.12   38.63
G-C     0.00    0.00    0.00    0.00    0.00    0.00    0.97    0.32    3.47    6.62    2.97   33.55
A-T     0.00    0.00    0.00    0.00    0.00    0.00   -1.11    1.18    3.24   -9.17   -4.89   42.89
G-C     0.00    0.00    0.00    0.00    0.00    0.00    1.18    0.23    3.12    0.34   -8.02   35.28
C-G     0.00    0.00    0.00    0.00    0.00    0.00   -0.52    0.16    3.44    0.32   -4.37   35.44
A-T     0.00    0.00    0.00    0.00    0.00    0.00    1.13    0.50    3.41    4.77    2.16   37.07
G-C     0.00    0.00    0.00    0.00    0.00    0.00   -1.30   -0.20    3.68   -3.62    9.10   37.01
T-A     0.00    0.00    0.00    0.00    0.00    0.00   -0.92   -0.37    3.15    0.38   12.81   30.19
T-A     0.00    0.00    0.00    0.00    0.00    0.00   -0.57   -0.16    3.21   -2.28    0.33   32.28
T-A     0.00    0.00    0.00    0.00    0.00    0.00    0.76    0.16    3.25    0.93    9.69   34.36
C-G     0.00    0.00    0.00    0.00    0.00    0.00    1.27    0.98    2.85    8.74    2.58   35.79
C-G     0.00    0.00    0.00    0.00    0.00    0.00   -1.25    1.03    3.64  -10.77    7.64   30.27
A-T     0.00    0.00    0.00    0.00    0.00    0.00    0.38    2.22    3.24    7.28  -18.93   48.03
A-T     0.00    0.00    0.00    0.00    0.00    0.00    0.16   -0.41    3.17   -3.08    4.81   31.85
A-T     0.00    0.00    0.00    0.00    0.00    0.00   -0.62   -0.53    3.63    0.01    2.39   38.09
T-A     0.00    0.00    0.00    0.00    0.00    0.00   -0.33   -0.62    3.09    0.89   -6.53   31.08
A-T     0.00    0.00    0.00    0.00    0.00    0.00    0.32   -0.32    3.18  -11.24    3.40   38.52
C-G     0.00    0.00    0.00    0.00    0.00    0.00   -0.04   -0.91    3.03    3.90    1.82   22.75
A-T     0.00    0.00    0.00    0.00    0.00    0.00    0.23   -0.25    3.82    6.03   10.94   41.41
C-G     0.00    0.00    0.00    0.00    0.00    0.00    0.66   -0.32    3.37   -1.36    7.83   35.48
T-A     0.00    0.00    0.00    0.00    0.00    0.00   -0.47   -0.09    3.17    1.30    6.25   33.75
T-A     0.00    0.00    0.00    0.00    0.00    0.00   -0.01   -0.01    3.53   -6.17   -2.54   34.00
T-A     0.00    0.00    0.00    0.00    0.00    0.00   -0.73   -0.27    3.01    2.09    2.60   33.54
T-A     0.00    0.00    0.00    0.00    0.00    0.00   -0.45    0.27    3.58   -3.30   -5.24   40.73
G-C     0.00    0.00    0.00    0.00    0.00    0.00    0.03    2.41    3.28    1.20   -3.59   40.82
G-C     0.00    0.00    0.00    0.00    0.00    0.00   -0.51    0.12    2.67  -12.78    1.64   26.06
T-A     0.00    0.00    0.00    0.00    0.00    0.00    0.64   -0.48    3.22    4.52    5.84   31.38
A-T     0.00    0.00    0.00    0.00    0.00    0.00   -0.68    0.20    3.60    3.98   13.25   35.45
G-C     0.00    0.00    0.00    0.00    0.00    0.00    0.34    0.11    3.27    1.36    9.32   30.09
A-T     0.00    0.00    0.00    0.00    0.00    0.00   -0.42   -0.80    3.06   -4.49   13.65   24.50
A-T     0.00    0.00    0.00    0.00    0.00    0.00    0.99   -0.36    3.05   -7.05    2.19   37.04
T-A     0.00    0.00    0.00    0.00    0.00    0.00   -0.51   -0.98    3.32   -0.17   -9.52   29.93
C-G     0.00    0.00    0.00    0.00    0.00    0.00    0.35   -0.54    3.49    3.20   -1.93   40.64
T-A     0.00    0.00    0.00    0.00    0.00    0.00   -0.94   -0.40    3.45   -6.48    6.66   31.77
G-C     0.00    0.00    0.00    0.00    0.00    0.00   -0.36    2.25    2.97    1.18  -16.22   45.59
C-G     0.00    0.00    0.00    0.00    0.00    0.00    0.32    0.46    3.05    3.70    6.58   30.48
A-T     0.00    0.00    0.00    0.00    0.00    0.00    0.27    2.47    3.47    1.39   -5.09   45.02
G-C     0.00    0.00    0.00    0.00    0.00    0.00    0.38    0.77    2.82   -5.54    7.35   28.48
G-C     0.00    0.00    0.00    0.00    0.00    0.00   -0.40   -0.44    3.57    0.53   15.80   32.31
T-A     0.00    0.00    0.00    0.00    0.00    0.00   -0.58   -0.52    3.30   -1.25    4.63   33.28
G-C     0.00    0.00    0.00    0.00    0.00    0.00    0.10    0.05    3.44    2.43    8.49   33.83
G-C     0.00    0.00    0.00    0.00    0.00    0.00    0.66    0.44    3.13    0.28    5.83   28.76
A-T     0.00    0.00    0.00    0.00    0.00    0.00   -0.56   -0.32    3.17   -3.99    3.80   39.25
T-A     0.00    0.00    0.00    0.00    0.00    0.00   -0.19   -0.74    3.28   -1.26   -1.96   29.87
A-T     0.00    0.00    0.00    0.00    0.00    0.00   -0.24    0.02    3.76    1.24   -0.65   41.63
T-A     0.00    0.00    0.00    0.00    0.00    0.00   -0.56   -0.74    3.05   -6.35   -2.99   30.64
T-A     0.00    0.00    0.00    0.00    0.00    0.00    0.68    0.01    3.34    3.15    2.59   35.84
G-C     0.00    0.00    0.00    0.00    0.00    0.00   -0.14   -0.12    3.39    4.39    3.13   37.07
A-T     0.00    0.00    0.00    0.00    0.00    0.00   -0.07   -0.06    3.26   -2.76    5.96   29.91
T-A     0.00    0.00    0.00    0.00    0.00    0.00    0.83   -0.83    3.14   -0.42   -1.90   36.71
