 146 base-pairs
   0  ***local base-pair & step parameters***
       Shear  Stretch  Stagger Buckle Prop-Tw Opening   Shift  Slide    Rise    Tilt    Roll   Twist
A-T     0.00    0.00    0.00    0.00    0.00    0.00    0.00    0.00    0.00    0.00    0.00    0.00
T-A     0.00    0.00    0.00    0.00    0.00    0.00   -1.18   -0.88    3.37   -3.71    0.01   31.18
C-G     0.00    0.00    0.00    0.00    0.00    0.00    0.85   -0.14    2.94    4.63    3.54   36.70
A-T     0.00    0.00    0.00    0.00    0.00    0.00   -0.35    0.76    3.48   -4.81    3.63   35.35
A-T     0.00    0.00    0.00    0.00    0.00    0.00   -0.56    0.25    3.18   -4.31   -0.86   38.57
T-A     0.00    0.00    0.00    0.00    0.00    0.00    0.55   -0.64    2.94    7.81   -3.18   33.21
A-T     0.00    0.00    0.00    0.00    0.00    0.00    0.11   -0.04    3.59   -4.13   -3.76   40.59
T-A     0.00    0.00    0.00    0.00    0.00    0.00   -0.04   -1.04    3.24    6.45   -1.71   33.98
C-G     0.00    0.00    0.00    0.00    0.00    0.00    1.10    0.05    3.44    1.47    0.43   33.28
C-G     0.00    0.00    0.00    0.00    0.00    0.00   -0.35   -0.12    3.19   -1.49   11.02   27.11
A-T     0.00    0.00    0.00    0.00    0.00    0.00   -1.25    0.51    3.46   -1.92    6.63   32.35
C-G     0.00    0.00    0.00    0.00    0.00    0.00    0.37   -0.98    3.30   -1.75    5.66   33.75
C-G     0.00    0.00    0.00    0.00    0.00    0.00    0.52   -0.07    3.34    1.20   11.48   30.79
T-A     0.00    0.00    0.00    0.00    0.00    0.00   -1.08    0.38    3.50   -6.16    6.31   32.08
G-C     0.00    0.00    0.00    0.00    0.00    0.00    0.63    1.24    3.23    5.19   -7.34   40.15
C-G     0.00    0.00    0.00    0.00    0.00    0.00   -0.15    0.12    3.52   -6.19    5.51   37.99
A-T     0.00    0.00    0.00    0.00    0.00    0.00    0.07    1.61    3.09    3.68  -20.46   41.24
G-C     0.00    0.00    0.00    0.00    0.00    0.00    0.45   -0.02    3.56    2.96    2.88   36.22
A-T     0.00    0.00    0.00    0.00    0.00    0.00   -0.09   -0.94    3.26    0.33   -5.35   36.27
T-A     0.00    0.00    0.00    0.00    0.00    0.00    0.15    0.18    2.98    1.91   -5.60   36.71
T-A     0.00    0.00    0.00    0.00    0.00    0.00   -0.04   -1.31    3.35    2.98    3.15   29.66
C-G     0.00    0.00    0.00    0.00    0.00    0.00   -0.32   -0.23    2.66    3.96    8.59   27.21
T-A     0.00    0.00    0.00    0.00    0.00    0.00   -0.14   -0.34    3.79    1.80   11.12   28.71
A-T     0.00    0.00    0.00    0.00    0.00    0.00    2.03    0.79    3.70    2.83   22.44   33.82
C-G     0.00    0.00    0.00    0.00    0.00    0.00   -1.18   -0.24    2.98  -11.78    4.71   30.77
C-G     0.00    0.00    0.00    0.00    0.00    0.00    0.55   -0.33    2.77   13.78    8.96   29.50
A-T     0.00    0.00    0.00    0.00    0.00    0.00   -0.14    2.58    3.19   -5.12  -14.44   41.91
A-T     0.00    0.00    0.00    0.00    0.00    0.00    0.41    0.40    3.59    3.23    2.88   38.91
A-T     0.00    0.00    0.00    0.00    0.00    0.00    0.47   -0.19    3.25   -1.83   -9.38   40.41
A-T     0.00    0.00    0.00    0.00    0.00    0.00   -0.04   -0.34    3.22   -2.13    2.34   31.91
G-C     0.00    0.00    0.00    0.00    0.00    0.00    0.29   -0.46    3.51    1.43   -1.29   36.86
T-A     0.00    0.00    0.00    0.00    0.00    0.00   -0.29   -0.75    3.02    5.03   -1.54   27.82
G-C     0.00    0.00    0.00    0.00    0.00    0.00    1.27    0.04    3.87    3.42   14.50   34.07
T-A     0.00    0.00    0.00    0.00    0.00    0.00   -1.43   -0.68    2.91   -2.78   17.32   23.84
A-T     0.00    0.00    0.00    0.00    0.00    0.00    0.12   -0.69    3.82   -5.42    1.84   42.34
T-A     0.00    0.00    0.00    0.00    0.00    0.00    0.26   -1.05    3.40    0.76    2.05   31.47
T-A     0.00    0.00    0.00    0.00    0.00    0.00    0.16   -0.23    2.98    2.70   -8.81   39.22
T-A     0.00    0.00    0.00    0.00    0.00    0.00   -0.03   -0.25    3.50   -6.77    3.23   31.71
G-C     0.00    0.00    0.00    0.00    0.00    0.00   -0.77    2.36    3.15    1.94  -22.01   47.52
G-C     0.00    0.00    0.00    0.00    0.00    0.00    1.13    1.02    3.46    7.42    5.94   29.57
A-T     0.00    0.00    0.00    0.00    0.00    0.00   -1.27    0.88    3.10  -11.37    1.85   36.71
A-T     0.00    0.00    0.00    0.00    0.00    0.00    0.36   -0.38    3.30   -1.17    5.59   33.75
A-T     0.00    0.00    0.00    0.00    0.00    0.00   -0.27   -0.20    3.62   -2.67   15.45   31.54
C-G     0.00    0.00    0.00    0.00    0.00    0.00    0.16   -0.41    2.91    3.20   -2.58   33.22
T-A     0.00    0.00    0.00    0.00    0.00    0.00    1.15   -0.08    3.24    1.02   11.41   33.39
G-C     0.00    0.00    0.00    0.00    0.00    0.00   -1.45    0.51    3.58   -5.69    9.26   36.94
C-G     0.00    0.00    0.00    0.00    0.00    0.00    0.64    1.11    3.56    0.60  -12.68   46.74
T-A     0.00    0.00    0.00    0.00    0.00    0.00   -1.15   -0.10    2.79    0.64   -0.93   31.18
C-G     0.00    0.00    0.00    0.00    0.00    0.00    1.73    1.69    3.27    8.36   -9.68   42.79
C-G     0.00    0.00    0.00    0.00    0.00    0.00   -1.01    0.33    3.52   -4.82    7.25   35.93
A-T     0.00    0.00    0.00    0.00    0.00    0.00    0.34    0.94    3.41   -5.08   -3.40   41.33
T-A     0.00    0.00    0.00    0.00    0.00    0.00    0.59   -0.47    2.91    5.40    0.55   29.15
C-G     0.00    0.00    0.00    0.00    0.00    0.00    0.25   -0.10    3.46    3.01    9.19   33.09
A-T     0.00    0.00    0.00    0.00    0.00    0.00   -0.34    0.43    4.08    3.87   17.65   34.82
A-T     0.00    0.00    0.00    0.00    0.00    0.00    0.60    0.69    3.02   -3.67    6.11   43.00
A-T     0.00    0.00    0.00    0.00    0.00    0.00   -0.80    0.45    3.03   -4.00   -4.70   35.32
A-T     0.00    0.00    0.00    0.00    0.00    0.00   -0.10   -0.97    3.57   -3.64    0.99   35.18
G-C     0.00    0.00    0.00    0.00    0.00    0.00   -0.30    0.91    3.71   -2.71   -5.42   40.44
G-C     0.00    0.00    0.00    0.00    0.00    0.00   -1.00    0.04    3.22   -7.03  -28.26   30.58
C-G     0.00    0.00    0.00    0.00    0.00    0.00    1.30   -0.02    4.54   -0.51  -20.76   38.53
A-T     0.00    0.00    0.00    0.00    0.00    0.00   -0.22    0.90    3.20   14.29    6.37   42.59
T-A     0.00    0.00    0.00    0.00    0.00    0.00    0.40   -0.48    3.27   -2.98   15.22   22.10
G-C     0.00    0.00    0.00    0.00    0.00    0.00    0.07    1.37    4.06   -0.09    7.44   41.17
T-A     0.00    0.00    0.00    0.00    0.00    0.00   -0.66   -0.68    3.39   -0.89    7.82   26.94
T-A     0.00    0.00    0.00    0.00    0.00    0.00    0.41    0.06    3.04    4.62    4.27   32.11
C-G     0.00    0.00    0.00    0.00    0.00    0.00    0.84    0.57    3.30    4.28    8.78   36.64
A-T     0.00    0.00    0.00    0.00    0.00    0.00   -0.83    1.49    3.69   -2.89   -4.86   44.63
G-C     0.00    0.00    0.00    0.00    0.00    0.00    0.62    0.99    3.51    4.30   -1.65   32.21
C-G     0.00    0.00    0.00    0.00    0.00    0.00   -0.54    0.73    3.23   -6.84   -5.37   41.17
T-A     0.00    0.00    0.00    0.00    0.00    0.00    0.07    0.98    3.24    3.89   -2.39   36.42
G-C     0.00    0.00    0.00    0.00    0.00    0.00    1.02    1.18    3.13    0.65    2.97   34.71
A-T     0.00    0.00    0.00    0.00    0.00    0.00   -0.66    0.09    3.36   -5.87    7.29   34.25
A-T     0.00    0.00    0.00    0.00    0.00    0.00   -0.07   -0.36    3.25    2.53    5.33   33.68
T-A     0.00    0.00    0.00    0.00    0.00    0.00    0.18   -0.83    3.45   -0.64    9.64   29.07
T-A     0.00    0.00    0.00    0.00    0.00    0.00   -0.20   -0.44    3.24    3.09    8.98   33.69
C-G     0.00    0.00    0.00    0.00    0.00    0.00   -0.09    0.18    3.25    1.02    6.01   30.11
A-T     0.00    0.00    0.00    0.00    0.00    0.00   -0.74    1.84    3.36   -1.86   -1.12   42.28
G-C     0.00    0.00    0.00    0.00    0.00    0.00    0.97    0.82    3.26   -1.43   -5.05   36.14
C-G     0.00    0.00    0.00    0.00    0.00    0.00   -1.02    1.13    3.35   -2.58   -7.95   38.35
T-A     0.00    0.00    0.00    0.00    0.00    0.00    1.35    1.48    3.74    4.32   -5.01   43.42
G-C     0.00    0.00    0.00    0.00    0.00    0.00   -0.68    0.83    2.99   -2.33    6.97   33.53
A-T     0.00    0.00    0.00    0.00    0.00    0.00   -0.43    0.09    3.41   -1.74    6.05   33.27
A-T     0.00    0.00    0.00    0.00    0.00    0.00    0.27    0.04    3.36    1.78   10.37   33.61
C-G     0.00    0.00    0.00    0.00    0.00    0.00    0.12   -0.56    3.29   -0.73    5.26   30.35
A-T     0.00    0.00    0.00    0.00    0.00    0.00   -0.53    0.59    3.63   -0.30   10.71   35.35
T-A     0.00    0.00    0.00    0.00    0.00    0.00    0.24   -0.40    3.04    1.12   -1.27   27.95
G-C     0.00    0.00    0.00    0.00    0.00    0.00    1.00    0.50    3.38    0.03    7.90   36.08
C-G     0.00    0.00    0.00    0.00    0.00    0.00   -1.41    0.49    3.33   -1.27  -14.76   37.78
C-G     0.00    0.00    0.00    0.00    0.00    0.00    0.68    1.49    4.07    2.37   -6.97   45.86
T-A     0.00    0.00    0.00    0.00    0.00    0.00   -0.26    1.35    3.42    1.85   -7.88   41.30
T-A     0.00    0.00    0.00    0.00    0.00    0.00    0.25    0.04    2.97   -3.92    5.55   31.23
T-A     0.00    0.00    0.00    0.00    0.00    0.00    0.20   -0.07    3.28    0.78    9.47   31.27
T-A     0.00    0.00    0.00    0.00    0.00    0.00   -0.22    0.35    3.46    1.00   12.73   33.20
G-C     0.00    0.00    0.00    0.00    0.00    0.00    0.01   -1.03    3.78    4.95   18.76   23.73
A-T     0.00    0.00    0.00    0.00    0.00    0.00    0.19    0.05    2.87   -8.49    7.49   32.11
T-A     0.00    0.00    0.00    0.00    0.00    0.00   -0.11   -0.73    3.26   -1.58    3.60   25.64
G-C     0.00    0.00    0.00    0.00    0.00    0.00   -0.24    0.80    3.20    1.70   -0.73   38.84
G-C     0.00    0.00    0.00    0.00    0.00    0.00    0.99    0.29    3.51    7.46    3.34   33.67
A-T     0.00    0.00    0.00    0.00    0.00    0.00   -1.20    1.18    3.27   -9.22   -3.99   42.92
G-C     0.00    0.00    0.00    0.00    0.00    0.00    1.04    0.27    3.12   -0.49   -7.12   35.23
C-G     0.00    0.00    0.00    0.00    0.00    0.00   -0.64    0.24    3.41   -0.82   -3.79   35.33
A-T     0.00    0.00    0.00    0.00    0.00    0.00    1.09    0.60    3.37    3.85    2.44   36.93
G-C     0.00    0.00    0.00    0.00    0.00    0.00   -1.25   -0.15    3.66   -3.97    9.31   36.85
T-A     0.00    0.00    0.00    0.00    0.00    0.00   -0.81   -0.41    3.17    0.59   13.15   30.03
T-A     0.00    0.00    0.00    0.00    0.00    0.00   -0.46   -0.28    3.26   -1.77    0.74   32.18
T-A     0.00    0.00    0.00    0.00    0.00    0.00    0.80    0.00    3.30    1.39    9.85   34.34
C-G     0.00    0.00    0.00    0.00    0.00    0.00    1.23    0.86    2.88    8.95    2.12   35.90
C-G     0.00    0.00    0.00    0.00    0.00    0.00   -1.34    1.00    3.62  -10.78    6.45   30.50
A-T     0.00    0.00    0.00    0.00    0.00    0.00    0.30    2.31    3.18    7.27  -20.56   48.30
A-T     0.00    0.00    0.00    0.00    0.00    0.00    0.14   -0.25    3.10   -2.91    3.44   32.09
A-T     0.00    0.00    0.00    0.00    0.00    0.00   -0.57   -0.36    3.58    0.37    2.02   38.18
T-A     0.00    0.00    0.00    0.00    0.00    0.00   -0.25   -0.51    3.09    1.23   -5.51   30.98
A-T     0.00    0.00    0.00    0.00    0.00    0.00    0.38   -0.34    3.24  -11.22    5.55   38.25
C-G     0.00    0.00    0.00    0.00    0.00    0.00   -0.04   -1.02    3.11    3.40    4.25   22.40
A-T     0.00    0.00    0.00    0.00    0.00    0.00    0.16   -0.41    3.89    5.10   12.59   41.12
C-G     0.00    0.00    0.00    0.00    0.00    0.00    0.57   -0.46    3.39   -2.34    7.92   35.36
T-A     0.00    0.00    0.00    0.00    0.00    0.00   -0.53   -0.15    3.13    0.77    4.67   33.85
T-A     0.00    0.00    0.00    0.00    0.00    0.00    0.00    0.03    3.46   -5.89   -5.12   34.27
T-A     0.00    0.00    0.00    0.00    0.00    0.00   -0.63   -0.17    2.94    3.16    0.13   33.88
T-A     0.00    0.00    0.00    0.00    0.00    0.00   -0.33    0.37    3.55   -1.85   -6.55   41.01
G-C     0.00    0.00    0.00    0.00    0.00    0.00    0.11    2.47    3.31    2.38   -3.27   40.94
G-C     0.00    0.00    0.00    0.00    0.00    0.00   -0.51    0.13    2.73  -12.42    3.32   25.99
T-A     0.00    0.00    0.00    0.00    0.00    0.00    0.55   -0.51    3.28    3.86    8.06   31.16
A-T     0.00    0.00    0.00    0.00    0.00    0.00   -0.82    0.17    3.63    2.60   15.03   35.19
G-C     0.00    0.00    0.00    0.00    0.00    0.00    0.23    0.10    3.26   -0.13   10.04   29.86
A-T     0.00    0.00    0.00    0.00    0.00    0.00   -0.44   -0.79    3.02   -5.42   13.23   24.37
A-T     0.00    0.00    0.00    0.00    0.00    0.00    1.06   -0.36    3.01   -7.05    1.09   37.03
T-A     0.00    0.00    0.00    0.00    0.00    0.00   -0.37   -1.01    3.31    0.67  -10.68   30.01
C-G     0.00    0.00    0.00    0.00    0.00    0.00    0.48   -0.61    3.51    4.43   -2.70   40.78
T-A     0.00    0.00    0.00    0.00    0.00    0.00   -0.88   -0.48    3.49   -5.43    6.36   31.93
G-C     0.00    0.00    0.00    0.00    0.00    0.00   -0.41    2.21    3.00    1.63  -16.27   45.74
C-G     0.00    0.00    0.00    0.00    0.00    0.00    0.21    0.49    3.05    3.49    6.51   30.61
A-T     0.00    0.00    0.00    0.00    0.00    0.00    0.15    2.58    3.44    0.78   -5.26   45.10
G-C     0.00    0.00    0.00    0.00    0.00    0.00    0.32    0.92    2.77   -6.16    7.29   28.47
G-C     0.00    0.00    0.00    0.00    0.00    0.00   -0.37   -0.32    3.54    0.18   16.18   32.20
T-A     0.00    0.00    0.00    0.00    0.00    0.00   -0.49   -0.48    3.31   -1.30    5.62   33.07
G-C     0.00    0.00    0.00    0.00    0.00    0.00    0.19   -0.02    3.49    2.52    9.88   33.57
G-C     0.00    0.00    0.00    0.00    0.00    0.00    0.70    0.27    3.20    0.27    7.05   28.54
A-T     0.00    0.00    0.00    0.00    0.00    0.00   -0.59   -0.50    3.22   -4.19    4.17   39.17
T-A     0.00    0.00    0.00    0.00    0.00    0.00   -0.27   -0.85    3.28   -1.51   -2.85   29.97
A-T     0.00    0.00    0.00    0.00    0.00    0.00   -0.31    0.02    3.71    1.20   -2.64   41.90
T-A     0.00    0.00    0.00    0.00    0.00    0.00   -0.57   -0.62    2.97   -5.96   -5.32   30.98
T-A     0.00    0.00    0.00    0.00    0.00    0.00    0.73    0.19    3.27    3.94    0.94   36.13
G-C     0.00    0.00    0.00    0.00    0.00    0.00   -0.05    0.03    3.36    5.29    2.97   37.19
A-T     0.00    0.00    0.00    0.00    0.00    0.00    0.00    0.00    3.30   -2.23    7.45   29.81
T-A     0.00    0.00    0.00    0.00    0.00    0.00    0.83   -0.86    3.22   -0.62    0.65   36.42
