 146 base-pairs
   0  ***local base-pair & step parameters***
       Shear  Stretch  Stagger Buckle Prop-Tw Opening   Shift  Slide    Rise    Tilt    Roll   Twist
A-T     0.00    0.00    0.00    0.00    0.00    0.00    0.00    0.00    0.00    0.00    0.00    0.00
T-A     0.00    0.00    0.00    0.00    0.00    0.00   -1.15   -0.98    3.33   -3.43   -1.15   31.21
C-G     0.00    0.00    0.00    0.00    0.00    0.00    0.93   -0.25    2.93    5.39    3.18   36.34
A-T     0.00    0.00    0.00    0.00    0.00    0.00   -0.29    0.65    3.51   -3.99    4.30   34.68
A-T     0.00    0.00    0.00    0.00    0.00    0.00   -0.55    0.18    3.23   -3.89    0.52   37.77
T-A     0.00    0.00    0.00    0.00    0.00    0.00    0.48   -0.64    2.97    7.60   -1.80   32.53
A-T     0.00    0.00    0.00    0.00    0.00    0.00    0.00    0.08    3.59   -4.85   -3.10   40.23
T-A     0.00    0.00    0.00    0.00    0.00    0.00   -0.12   -0.83    3.20    5.62   -2.10   34.06
C-G     0.00    0.00    0.00    0.00    0.00    0.00    1.09    0.29    3.37    0.99   -0.76   33.76
C-G     0.00    0.00    0.00    0.00    0.00    0.00   -0.26    0.08    3.14   -1.37    9.68   27.85
A-T     0.00    0.00    0.00    0.00    0.00    0.00   -1.11    0.57    3.45   -1.28    5.85   33.12
C-G     0.00    0.00    0.00    0.00    0.00    0.00    0.49   -1.08    3.35   -0.98    5.80   34.32
C-G     0.00    0.00    0.00    0.00    0.00    0.00    0.56   -0.31    3.42    1.66   12.38   31.03
T-A     0.00    0.00    0.00    0.00    0.00    0.00   -1.14    0.08    3.56   -6.27    7.39   31.94
G-C     0.00    0.00    0.00    0.00    0.00    0.00    0.50    0.99    3.26    4.60   -6.73   39.70
C-G     0.00    0.00    0.00    0.00    0.00    0.00   -0.29    0.02    3.50   -6.90    5.33   37.38
A-T     0.00    0.00    0.00    0.00    0.00    0.00    0.00    1.68    3.02    3.27  -21.27   40.61
G-C     0.00    0.00    0.00    0.00    0.00    0.00    0.47    0.18    3.49    3.11    2.00   35.72
A-T     0.00    0.00    0.00    0.00    0.00    0.00    0.01   -0.70    3.22    0.94   -5.71   36.00
T-A     0.00    0.00    0.00    0.00    0.00    0.00    0.28    0.38    2.99    2.63   -5.18   36.73
T-A     0.00    0.00    0.00    0.00    0.00    0.00    0.04   -1.20    3.39    3.36    4.14   29.96
C-G     0.00    0.00    0.00    0.00    0.00    0.00   -0.32   -0.22    2.72    3.77    9.55   27.74
T-A     0.00    0.00    0.00    0.00    0.00    0.00   -0.21   -0.40    3.82    1.12   11.43   29.36
A-T     0.00    0.00    0.00    0.00    0.00    0.00    1.94    0.70    3.70    2.05   21.83   34.44
C-G     0.00    0.00    0.00    0.00    0.00    0.00   -1.23   -0.34    2.95  -12.21    3.45   31.19
C-G     0.00    0.00    0.00    0.00    0.00    0.00    0.57   -0.43    2.72   13.96    7.73   29.59
A-T     0.00    0.00    0.00    0.00    0.00    0.00   -0.07    2.47    3.18   -4.42  -14.97   41.62
A-T     0.00    0.00    0.00    0.00    0.00    0.00    0.48    0.29    3.61    4.07    3.39   38.28
A-T     0.00    0.00    0.00    0.00    0.00    0.00    0.49   -0.26    3.29   -1.31   -8.07   39.62
A-T     0.00    0.00    0.00    0.00    0.00    0.00   -0.10   -0.35    3.27   -2.23    3.78   31.20
G-C     0.00    0.00    0.00    0.00    0.00    0.00    0.19   -0.36    3.52    0.78   -0.47   36.43
T-A     0.00    0.00    0.00    0.00    0.00    0.00   -0.38   -0.56    2.99    4.19   -1.75   27.83
G-C     0.00    0.00    0.00    0.00    0.00    0.00    1.25    0.28    3.81    2.86   13.40   34.50
T-A     0.00    0.00    0.00    0.00    0.00    0.00   -1.36   -0.47    2.85   -2.76   15.95   24.55
A-T     0.00    0.00    0.00    0.00    0.00    0.00    0.25   -0.60    3.80   -4.85    0.93   43.12
T-A     0.00    0.00    0.00    0.00    0.00    0.00    0.39   -1.12    3.43    1.55    2.04   32.09
T-A     0.00    0.00    0.00    0.00    0.00    0.00    0.21   -0.45    3.05    3.24   -7.99   39.52
T-A     0.00    0.00    0.00    0.00    0.00    0.00   -0.07   -0.55    3.57   -6.78    4.33   31.63
G-C     0.00    0.00    0.00    0.00    0.00    0.00   -0.90    2.11    3.19    1.41  -21.28   47.11
G-C     0.00    0.00    0.00    0.00    0.00    0.00    0.98    0.89    3.44    6.69    5.89   28.97
A-T     0.00    0.00    0.00    0.00    0.00    0.00   -1.36    0.92    3.04  -11.85    1.12   36.07
A-T     0.00    0.00    0.00    0.00    0.00    0.00    0.37   -0.20    3.23   -1.12    4.67   33.22
A-T     0.00    0.00    0.00    0.00    0.00    0.00   -0.17    0.04    3.57   -2.11   14.97   31.23
C-G     0.00    0.00    0.00    0.00    0.00    0.00    0.28   -0.20    2.92    3.93   -2.28   33.19
T-A     0.00    0.00    0.00    0.00    0.00    0.00    1.24    0.05    3.28    1.48   12.34   33.64
G-C     0.00    0.00    0.00    0.00    0.00    0.00   -1.44    0.53    3.64   -5.78   10.27   37.43
C-G     0.00    0.00    0.00    0.00    0.00    0.00    0.57    1.06    3.60   -0.02  -12.23   47.38
T-A     0.00    0.00    0.00    0.00    0.00    0.00   -1.24   -0.19    2.79   -0.16   -1.39   31.82
C-G     0.00    0.00    0.00    0.00    0.00    0.00    1.68    1.59    3.24    7.84  -10.86   43.25
C-G     0.00    0.00    0.00    0.00    0.00    0.00   -1.00    0.22    3.47   -4.75    5.96   36.08
A-T     0.00    0.00    0.00    0.00    0.00    0.00    0.40    0.83    3.39   -4.44   -4.08   41.09
T-A     0.00    0.00    0.00    0.00    0.00    0.00    0.66   -0.58    2.92    6.25    0.89   28.56
C-G     0.00    0.00    0.00    0.00    0.00    0.00    0.28   -0.18    3.50    3.61   10.41   32.31
A-T     0.00    0.00    0.00    0.00    0.00    0.00   -0.38    0.41    4.13    3.88   19.13   34.08
A-T     0.00    0.00    0.00    0.00    0.00    0.00    0.50    0.77    3.03   -4.25    7.08   42.51
A-T     0.00    0.00    0.00    0.00    0.00    0.00   -0.90    0.63    3.01   -4.85   -4.73   35.24
A-T     0.00    0.00    0.00    0.00    0.00    0.00   -0.14   -0.73    3.51   -4.28    0.01   35.54
G-C     0.00    0.00    0.00    0.00    0.00    0.00   -0.24    1.13    3.65   -2.80   -6.79   41.12
G-C     0.00    0.00    0.00    0.00    0.00    0.00   -0.88    0.15    3.20   -6.53  -29.29   31.37
C-G     0.00    0.00    0.00    0.00    0.00    0.00    1.43   -0.07    4.56    0.27  -20.93   39.19
A-T     0.00    0.00    0.00    0.00    0.00    0.00   -0.14    0.70    3.27   14.90    7.07   42.95
T-A     0.00    0.00    0.00    0.00    0.00    0.00    0.37   -0.77    3.34   -2.88   16.33   22.08
G-C     0.00    0.00    0.00    0.00    0.00    0.00   -0.05    1.10    4.10   -0.55    8.27   40.81
T-A     0.00    0.00    0.00    0.00    0.00    0.00   -0.81   -0.83    3.38   -1.61    7.91   26.36
T-A     0.00    0.00    0.00    0.00    0.00    0.00    0.31    0.07    2.98    4.07    3.62   31.47
C-G     0.00    0.00    0.00    0.00    0.00    0.00    0.83    0.72    3.23    4.24    7.85   36.09
A-T     0.00    0.00    0.00    0.00    0.00    0.00   -0.75    1.72    3.63   -2.40   -5.45   44.28
G-C     0.00    0.00    0.00    0.00    0.00    0.00    0.74    1.21    3.51    5.03   -1.49   32.12
C-G     0.00    0.00    0.00    0.00    0.00    0.00   -0.44    0.87    3.27   -6.31   -4.51   41.38
T-A     0.00    0.00    0.00    0.00    0.00    0.00    0.10    1.03    3.30    3.89   -1.35   36.88
G-C     0.00    0.00    0.00    0.00    0.00    0.00    0.96    1.14    3.18    0.10    3.54   35.33
A-T     0.00    0.00    0.00    0.00    0.00    0.00   -0.75    0.00    3.36   -6.67    6.98   34.89
A-T     0.00    0.00    0.00    0.00    0.00    0.00   -0.13   -0.46    3.22    1.94    4.23   34.18
T-A     0.00    0.00    0.00    0.00    0.00    0.00    0.18   -0.94    3.40   -0.68    8.31   29.28
T-A     0.00    0.00    0.00    0.00    0.00    0.00   -0.14   -0.54    3.21    3.65    8.16   33.52
C-G     0.00    0.00    0.00    0.00    0.00    0.00   -0.02    0.07    3.26    1.87    6.17   29.58
A-T     0.00    0.00    0.00    0.00    0.00    0.00   -0.69    1.75    3.40   -1.18   -0.02   41.52
G-C     0.00    0.00    0.00    0.00    0.00    0.00    0.93    0.79    3.31   -1.32   -3.56   35.37
C-G     0.00    0.00    0.00    0.00    0.00    0.00   -1.11    1.18    3.37   -3.08   -6.85   37.81
T-A     0.00    0.00    0.00    0.00    0.00    0.00    1.25    1.64    3.73    3.49   -4.87   43.27
G-C     0.00    0.00    0.00    0.00    0.00    0.00   -0.73    1.06    2.94   -3.04    6.12   33.83
A-T     0.00    0.00    0.00    0.00    0.00    0.00   -0.39    0.32    3.35   -1.93    4.68   33.91
A-T     0.00    0.00    0.00    0.00    0.00    0.00    0.39    0.18    3.33    2.19    9.23   34.40
C-G     0.00    0.00    0.00    0.00    0.00    0.00    0.26   -0.58    3.30    0.04    4.93   31.04
A-T     0.00    0.00    0.00    0.00    0.00    0.00   -0.44    0.41    3.69    0.37   11.29   35.77
T-A     0.00    0.00    0.00    0.00    0.00    0.00    0.23   -0.68    3.11    1.31   -0.19   27.99
G-C     0.00    0.00    0.00    0.00    0.00    0.00    0.89    0.22    3.43   -0.35    8.81   35.77
C-G     0.00    0.00    0.00    0.00    0.00    0.00   -1.55    0.32    3.33   -1.98  -14.53   37.23
C-G     0.00    0.00    0.00    0.00    0.00    0.00    0.56    1.47    4.02    1.76   -7.51   45.22
T-A     0.00    0.00    0.00    0.00    0.00    0.00   -0.29    1.49    3.35    1.71   -8.81   40.72
T-A     0.00    0.00    0.00    0.00    0.00    0.00    0.32    0.27    2.91   -3.51    4.87   30.84
T-A     0.00    0.00    0.00    0.00    0.00    0.00    0.32    0.16    3.26    1.50    9.50   31.14
T-A     0.00    0.00    0.00    0.00    0.00    0.00   -0.12    0.51    3.49    1.59   13.50   33.36
G-C     0.00    0.00    0.00    0.00    0.00    0.00    0.04   -0.97    3.84    5.05   19.81   24.15
A-T     0.00    0.00    0.00    0.00    0.00    0.00    0.15    0.02    2.92   -8.96    8.19   32.71
T-A     0.00    0.00    0.00    0.00    0.00    0.00   -0.19   -0.81    3.27   -2.37    3.45   26.29
G-C     0.00    0.00    0.00    0.00    0.00    0.00   -0.31    0.70    3.18    1.05   -1.72   39.38
G-C     0.00    0.00    0.00    0.00    0.00    0.00    0.97    0.19    3.47    7.32    2.00   33.94
A-T     0.00    0.00    0.00    0.00    0.00    0.00   -1.14    1.07    3.24   -8.75   -4.94   42.82
G-C     0.00    0.00    0.00    0.00    0.00    0.00    1.12    0.16    3.12    0.34   -7.13   34.75
C-G     0.00    0.00    0.00    0.00    0.00    0.00   -0.59    0.15    3.44   -0.09   -2.82   34.59
A-T     0.00    0.00    0.00    0.00    0.00    0.00    1.07    0.55    3.42    4.08    3.92   36.15
G-C     0.00    0.00    0.00    0.00    0.00    0.00   -1.33   -0.11    3.68   -4.38   10.52   36.26
T-A     0.00    0.00    0.00    0.00    0.00    0.00   -0.91   -0.26    3.15   -0.22   13.47   29.81
T-A     0.00    0.00    0.00    0.00    0.00    0.00   -0.53   -0.05    3.21   -2.53    0.03   32.40
T-A     0.00    0.00    0.00    0.00    0.00    0.00    0.82    0.24    3.24    1.10    8.53   34.94
C-G     0.00    0.00    0.00    0.00    0.00    0.00    1.34    1.02    2.84    9.28    0.90   36.67
C-G     0.00    0.00    0.00    0.00    0.00    0.00   -1.20    1.01    3.63  -10.04    5.96   31.22
A-T     0.00    0.00    0.00    0.00    0.00    0.00    0.40    2.15    3.24    7.99  -20.12   48.77
A-T     0.00    0.00    0.00    0.00    0.00    0.00    0.14   -0.52    3.18   -2.62    4.48   32.19
A-T     0.00    0.00    0.00    0.00    0.00    0.00   -0.66   -0.65    3.64    0.08    3.01   37.93
T-A     0.00    0.00    0.00    0.00    0.00    0.00   -0.39   -0.72    3.10    0.55   -5.15   30.45
A-T     0.00    0.00    0.00    0.00    0.00    0.00    0.25   -0.38    3.19  -11.88    5.12   37.61
C-G     0.00    0.00    0.00    0.00    0.00    0.00   -0.09   -0.91    3.04    3.17    3.35   21.80
A-T     0.00    0.00    0.00    0.00    0.00    0.00    0.22   -0.20    3.82    5.43   11.83   40.69
C-G     0.00    0.00    0.00    0.00    0.00    0.00    0.69   -0.22    3.36   -1.65    7.81   35.18
T-A     0.00    0.00    0.00    0.00    0.00    0.00   -0.42    0.03    3.16    1.41    5.34   33.96
T-A     0.00    0.00    0.00    0.00    0.00    0.00    0.05    0.11    3.52   -5.69   -4.06   34.65
T-A     0.00    0.00    0.00    0.00    0.00    0.00   -0.66   -0.18    2.99    2.78    0.93   34.46
T-A     0.00    0.00    0.00    0.00    0.00    0.00   -0.41    0.29    3.57   -2.61   -6.55   41.67
G-C     0.00    0.00    0.00    0.00    0.00    0.00    0.03    2.37    3.29    1.67   -4.15   41.51
G-C     0.00    0.00    0.00    0.00    0.00    0.00   -0.53    0.03    2.69  -12.66    1.99   26.31
T-A     0.00    0.00    0.00    0.00    0.00    0.00    0.59   -0.62    3.24    4.24    7.00   31.13
A-T     0.00    0.00    0.00    0.00    0.00    0.00   -0.74    0.06    3.62    3.40   14.84   34.77
G-C     0.00    0.00    0.00    0.00    0.00    0.00    0.28    0.00    3.29    0.66   10.87   29.16
A-T     0.00    0.00    0.00    0.00    0.00    0.00   -0.45   -0.85    3.07   -5.09   14.68   23.58
A-T     0.00    0.00    0.00    0.00    0.00    0.00    0.99   -0.33    3.04   -7.36    2.40   36.39
T-A     0.00    0.00    0.00    0.00    0.00    0.00   -0.48   -0.88    3.30   -0.10  -10.19   29.73
C-G     0.00    0.00    0.00    0.00    0.00    0.00    0.40   -0.39    3.47    3.63   -3.25   40.93
T-A     0.00    0.00    0.00    0.00    0.00    0.00   -0.88   -0.24    3.43   -5.82    5.09   32.47
G-C     0.00    0.00    0.00    0.00    0.00    0.00   -0.31    2.38    2.95    1.85  -17.56   46.50
C-G     0.00    0.00    0.00    0.00    0.00    0.00    0.35    0.52    3.05    4.18    5.87   31.36
A-T     0.00    0.00    0.00    0.00    0.00    0.00    0.27    2.45    3.49    1.53   -4.96   45.62
G-C     0.00    0.00    0.00    0.00    0.00    0.00    0.35    0.66    2.85   -5.79    8.27   28.64
G-C     0.00    0.00    0.00    0.00    0.00    0.00   -0.45   -0.61    3.60   -0.02   17.23   32.00
T-A     0.00    0.00    0.00    0.00    0.00    0.00   -0.63   -0.71    3.32   -1.94    6.11   32.58
G-C     0.00    0.00    0.00    0.00    0.00    0.00    0.05   -0.10    3.46    1.83    9.57   32.94
G-C     0.00    0.00    0.00    0.00    0.00    0.00    0.64    0.36    3.13   -0.05    6.19   27.93
A-T     0.00    0.00    0.00    0.00    0.00    0.00   -0.55   -0.29    3.15   -3.95    3.34   38.71
T-A     0.00    0.00    0.00    0.00    0.00    0.00   -0.16   -0.61    3.25   -0.85   -3.09   29.75
A-T     0.00    0.00    0.00    0.00    0.00    0.00   -0.19    0.21    3.73    1.88   -2.09   41.96
T-A     0.00    0.00    0.00    0.00    0.00    0.00   -0.51   -0.53    3.03   -5.67   -4.29   31.32
T-A     0.00    0.00    0.00    0.00    0.00    0.00    0.72    0.18    3.32    3.65    1.82   36.68
G-C     0.00    0.00    0.00    0.00    0.00    0.00   -0.13   -0.04    3.39    4.56    3.12   37.84
A-T     0.00    0.00    0.00    0.00    0.00    0.00   -0.08   -0.10    3.29   -2.98    6.70   30.40
T-A     0.00    0.00    0.00    0.00    0.00    0.00    0.80   -0.97    3.18   -0.96   -0.65   36.80
