 146 base-pairs
   0  ***local base-pair & step parameters***
       Shear  Stretch  Stagger Buckle Prop-Tw Opening   Shift  Slide    Rise    Tilt    Roll   Twist
A-T     0.00    0.00    0.00    0.00    0.00    0.00    0.00    0.00    0.00    0.00    0.00    0.00
T-A     0.00    0.00    0.00    0.00    0.00    0.00   -1.07   -0.62    3.29   -3.13   -1.45   31.61
C-G     0.00    0.00    0.00    0.00    0.00    0.00    1.00   -0.05    2.93    4.96    3.16   37.02
A-T     0.00    0.00    0.00    0.00    0.00    0.00   -0.28    0.62    3.55   -4.72    4.51   35.24
A-T     0.00    0.00    0.00    0.00    0.00    0.00   -0.58    0.03    3.26   -4.13    0.53   38.13
T-A     0.00    0.00    0.00    0.00    0.00    0.00    0.47   -0.73    2.97    8.09   -2.24   32.90
A-T     0.00    0.00    0.00    0.00    0.00    0.00    0.04    0.06    3.57   -4.18   -3.71   40.70
T-A     0.00    0.00    0.00    0.00    0.00    0.00   -0.08   -0.90    3.19    5.74   -2.35   34.36
C-G     0.00    0.00    0.00    0.00    0.00    0.00    1.07    0.07    3.41    0.48   -0.41   33.49
C-G     0.00    0.00    0.00    0.00    0.00    0.00   -0.35   -0.19    3.18   -1.86   10.31   26.97
A-T     0.00    0.00    0.00    0.00    0.00    0.00   -1.19    0.47    3.45   -1.15    6.22   32.07
C-G     0.00    0.00    0.00    0.00    0.00    0.00    0.47   -0.90    3.29   -0.34    5.73   33.68
C-G     0.00    0.00    0.00    0.00    0.00    0.00    0.61    0.03    3.36    2.07   12.18   31.01
T-A     0.00    0.00    0.00    0.00    0.00    0.00   -1.08    0.34    3.55   -6.59    7.45   32.29
G-C     0.00    0.00    0.00    0.00    0.00    0.00    0.51    1.05    3.29    3.86   -6.42   40.06
C-G     0.00    0.00    0.00    0.00    0.00    0.00   -0.31   -0.04    3.53   -7.28    5.45   37.67
A-T     0.00    0.00    0.00    0.00    0.00    0.00    0.00    1.66    3.02    3.64  -21.65   41.06
G-C     0.00    0.00    0.00    0.00    0.00    0.00    0.52    0.22    3.47    3.77    1.31   36.44
A-T     0.00    0.00    0.00    0.00    0.00    0.00    0.07   -0.73    3.22    1.15   -6.16   36.69
T-A     0.00    0.00    0.00    0.00    0.00    0.00    0.28    0.16    3.02    2.18   -5.04   36.89
T-A     0.00    0.00    0.00    0.00    0.00    0.00   -0.03   -1.54    3.44    2.82    4.65   29.39
C-G     0.00    0.00    0.00    0.00    0.00    0.00   -0.42   -0.45    2.73    3.82    9.92   26.75
T-A     0.00    0.00    0.00    0.00    0.00    0.00   -0.25   -0.35    3.78    1.76   11.41   28.54
A-T     0.00    0.00    0.00    0.00    0.00    0.00    1.97    0.96    3.64    2.58   21.68   34.09
C-G     0.00    0.00    0.00    0.00    0.00    0.00   -1.18   -0.08    2.93  -12.40    3.58   31.19
C-G     0.00    0.00    0.00    0.00    0.00    0.00    0.58   -0.32    2.75   13.25    8.15   29.63
A-T     0.00    0.00    0.00    0.00    0.00    0.00   -0.10    2.48    3.21   -4.91  -14.66   41.67
A-T     0.00    0.00    0.00    0.00    0.00    0.00    0.48    0.35    3.60    4.31    3.16   38.60
A-T     0.00    0.00    0.00    0.00    0.00    0.00    0.54   -0.13    3.26   -0.68   -8.74   40.39
A-T     0.00    0.00    0.00    0.00    0.00    0.00   -0.02   -0.28    3.25   -1.95    3.20   32.15
G-C     0.00    0.00    0.00    0.00    0.00    0.00    0.22   -0.52    3.56    0.38   -0.54   37.03
T-A     0.00    0.00    0.00    0.00    0.00    0.00   -0.43   -0.91    3.04    3.60   -1.40   27.69
G-C     0.00    0.00    0.00    0.00    0.00    0.00    1.16   -0.04    3.84    2.80   13.71   33.79
T-A     0.00    0.00    0.00    0.00    0.00    0.00   -1.42   -0.55    2.82   -2.16   15.91   23.77
A-T     0.00    0.00    0.00    0.00    0.00    0.00    0.26   -0.46    3.75   -4.22    0.77   42.62
T-A     0.00    0.00    0.00    0.00    0.00    0.00    0.42   -0.93    3.41    1.52    2.17   31.82
T-A     0.00    0.00    0.00    0.00    0.00    0.00    0.21   -0.36    3.06    2.59   -7.48   39.24
T-A     0.00    0.00    0.00    0.00    0.00    0.00   -0.11   -0.52    3.60   -7.34    4.82   31.34
G-C     0.00    0.00    0.00    0.00    0.00    0.00   -0.92    2.21    3.18    1.53  -21.30   47.12
G-C     0.00    0.00    0.00    0.00    0.00    0.00    1.03    1.11    3.40    7.29    5.33   29.56
A-T     0.00    0.00    0.00    0.00    0.00    0.00   -1.27    1.11    3.02  -11.51    0.49   37.10
A-T     0.00    0.00    0.00    0.00    0.00    0.00    0.43   -0.24    3.25   -1.46    4.46   34.13
A-T     0.00    0.00    0.00    0.00    0.00    0.00   -0.19   -0.25    3.63   -2.75   15.17   31.53
C-G     0.00    0.00    0.00    0.00    0.00    0.00    0.21   -0.55    2.96    3.75   -2.08   32.87
T-A     0.00    0.00    0.00    0.00    0.00    0.00    1.18   -0.14    3.27    2.01   12.24   33.10
G-C     0.00    0.00    0.00    0.00    0.00    0.00   -1.45    0.56    3.60   -5.08   10.02   37.00
C-G     0.00    0.00    0.00    0.00    0.00    0.00    0.60    1.16    3.57    0.10  -12.18   47.03
T-A     0.00    0.00    0.00    0.00    0.00    0.00   -1.25   -0.15    2.81   -0.71   -0.87   31.33
C-G     0.00    0.00    0.00    0.00    0.00    0.00    1.62    1.58    3.26    7.24  -10.22   42.63
C-G     0.00    0.00    0.00    0.00    0.00    0.00   -1.04    0.32    3.47   -4.74    6.17   35.68
A-T     0.00    0.00    0.00    0.00    0.00    0.00    0.43    1.10    3.35   -3.88   -4.46   41.33
T-A     0.00    0.00    0.00    0.00    0.00    0.00    0.75   -0.28    2.88    6.66    0.31   29.44
C-G     0.00    0.00    0.00    0.00    0.00    0.00    0.36   -0.08    3.51    3.34   10.13   33.34
A-T     0.00    0.00    0.00    0.00    0.00    0.00   -0.37    0.23    4.18    3.20   19.23   34.70
A-T     0.00    0.00    0.00    0.00    0.00    0.00    0.45    0.45    3.08   -4.56    7.20   42.59
A-T     0.00    0.00    0.00    0.00    0.00    0.00   -0.95    0.40    3.01   -4.42   -4.92   35.04
A-T     0.00    0.00    0.00    0.00    0.00    0.00   -0.14   -0.78    3.48   -3.55   -0.37   35.35
G-C     0.00    0.00    0.00    0.00    0.00    0.00   -0.22    1.15    3.63   -2.53   -6.89   40.89
G-C     0.00    0.00    0.00    0.00    0.00    0.00   -0.89    0.11    3.21   -6.98  -28.85   30.86
C-G     0.00    0.00    0.00    0.00    0.00    0.00    1.37   -0.16    4.59   -0.34  -20.22   38.36
A-T     0.00    0.00    0.00    0.00    0.00    0.00   -0.21    0.73    3.26   14.83    7.48   42.17
T-A     0.00    0.00    0.00    0.00    0.00    0.00    0.37   -0.52    3.30   -2.35   16.16   21.87
G-C     0.00    0.00    0.00    0.00    0.00    0.00    0.03    1.46    4.05   -0.07    7.81   41.34
T-A     0.00    0.00    0.00    0.00    0.00    0.00   -0.72   -0.61    3.37   -1.80    7.65   27.27
T-A     0.00    0.00    0.00    0.00    0.00    0.00    0.34    0.02    3.03    3.38    3.70   32.21
C-G     0.00    0.00    0.00    0.00    0.00    0.00    0.80    0.49    3.28    3.79    7.95   36.44
A-T     0.00    0.00    0.00    0.00    0.00    0.00   -0.78    1.51    3.64   -2.10   -5.68   44.41
G-C     0.00    0.00    0.00    0.00    0.00    0.00    0.75    1.13    3.48    5.76   -2.00   32.26
C-G     0.00    0.00    0.00    0.00    0.00    0.00   -0.41    0.84    3.25   -5.93   -4.81   41.45
T-A     0.00    0.00    0.00    0.00    0.00    0.00    0.09    0.91    3.32    3.55   -1.07   36.57
G-C     0.00    0.00    0.00    0.00    0.00    0.00    0.90    0.96    3.21   -0.51    4.23   34.51
A-T     0.00    0.00    0.00    0.00    0.00    0.00   -0.83   -0.08    3.37   -6.82    7.51   33.87
A-T     0.00    0.00    0.00    0.00    0.00    0.00   -0.16   -0.29    3.18    2.44    4.25   33.56
T-A     0.00    0.00    0.00    0.00    0.00    0.00    0.23   -0.58    3.35   -0.13    8.00   29.37
T-A     0.00    0.00    0.00    0.00    0.00    0.00   -0.05   -0.23    3.19    3.58    7.97   34.13
C-G     0.00    0.00    0.00    0.00    0.00    0.00    0.03    0.15    3.29    1.19    6.30   30.24
A-T     0.00    0.00    0.00    0.00    0.00    0.00   -0.71    1.63    3.45   -1.75    0.14   41.96
G-C     0.00    0.00    0.00    0.00    0.00    0.00    0.91    0.64    3.32   -1.17   -3.78   35.71
C-G     0.00    0.00    0.00    0.00    0.00    0.00   -1.09    1.14    3.35   -2.40   -7.44   38.25
T-A     0.00    0.00    0.00    0.00    0.00    0.00    1.30    1.62    3.71    3.94   -5.36   43.71
G-C     0.00    0.00    0.00    0.00    0.00    0.00   -0.72    0.92    2.96   -3.28    6.18   33.88
A-T     0.00    0.00    0.00    0.00    0.00    0.00   -0.45    0.05    3.39   -2.53    5.25   33.31
A-T     0.00    0.00    0.00    0.00    0.00    0.00    0.29   -0.03    3.35    1.97    9.79   33.35
C-G     0.00    0.00    0.00    0.00    0.00    0.00    0.20   -0.54    3.27    0.49    5.07   30.14
A-T     0.00    0.00    0.00    0.00    0.00    0.00   -0.42    0.70    3.63    1.00   11.09   35.45
T-A     0.00    0.00    0.00    0.00    0.00    0.00    0.30   -0.35    3.08    1.37   -0.29   28.21
G-C     0.00    0.00    0.00    0.00    0.00    0.00    0.94    0.38    3.45   -0.97    9.03   36.15
C-G     0.00    0.00    0.00    0.00    0.00    0.00   -1.56    0.30    3.37   -2.63  -14.25   37.54
C-G     0.00    0.00    0.00    0.00    0.00    0.00    0.55    1.42    4.04    1.76   -7.63   45.56
T-A     0.00    0.00    0.00    0.00    0.00    0.00   -0.26    1.51    3.33    2.31   -9.40   41.32
T-A     0.00    0.00    0.00    0.00    0.00    0.00    0.38    0.30    2.89   -3.00    4.23   31.60
T-A     0.00    0.00    0.00    0.00    0.00    0.00    0.36    0.05    3.28    1.35    9.34   31.62
T-A     0.00    0.00    0.00    0.00    0.00    0.00   -0.15    0.21    3.54    1.00   13.88   33.15
G-C     0.00    0.00    0.00    0.00    0.00    0.00   -0.05   -1.29    3.87    4.75   20.32   23.30
A-T     0.00    0.00    0.00    0.00    0.00    0.00    0.07   -0.08    2.90   -8.56    8.36   31.74
T-A     0.00    0.00    0.00    0.00    0.00    0.00   -0.20   -0.64    3.22   -1.68    3.32   25.70
G-C     0.00    0.00    0.00    0.00    0.00    0.00   -0.26    0.98    3.13    1.26   -1.77   39.24
G-C     0.00    0.00    0.00    0.00    0.00    0.00    1.01    0.38    3.47    6.80    2.31   33.99
A-T     0.00    0.00    0.00    0.00    0.00    0.00   -1.16    1.12    3.27   -9.45   -4.51   42.84
G-C     0.00    0.00    0.00    0.00    0.00    0.00    1.09    0.18    3.14    0.20   -7.07   34.90
C-G     0.00    0.00    0.00    0.00    0.00    0.00   -0.56    0.25    3.42    0.43   -3.32   35.14
A-T     0.00    0.00    0.00    0.00    0.00    0.00    1.15    0.68    3.39    4.62    3.22   37.07
G-C     0.00    0.00    0.00    0.00    0.00    0.00   -1.27   -0.14    3.69   -4.45   10.17   37.11
T-A     0.00    0.00    0.00    0.00    0.00    0.00   -0.92   -0.53    3.21   -0.81   13.66   30.06
T-A     0.00    0.00    0.00    0.00    0.00    0.00   -0.60   -0.42    3.26   -2.92    0.42   31.93
T-A     0.00    0.00    0.00    0.00    0.00    0.00    0.74    0.02    3.24    1.41    8.67   34.13
C-G     0.00    0.00    0.00    0.00    0.00    0.00    1.31    1.06    2.79   10.00    0.75   36.02
C-G     0.00    0.00    0.00    0.00    0.00    0.00   -1.17    1.20    3.59   -9.69    5.90   30.86
A-T     0.00    0.00    0.00    0.00    0.00    0.00    0.42    2.31    3.23    7.59  -19.77   48.52
A-T     0.00    0.00    0.00    0.00    0.00    0.00    0.12   -0.47    3.20   -3.33    5.05   31.88
A-T     0.00    0.00    0.00    0.00    0.00    0.00   -0.70   -0.60    3.65   -0.17    3.29   37.73
T-A     0.00    0.00    0.00    0.00    0.00    0.00   -0.38   -0.55    3.08    0.98   -5.47   30.74
A-T     0.00    0.00    0.00    0.00    0.00    0.00    0.33   -0.15    3.16  -11.31    4.45   38.48
C-G     0.00    0.00    0.00    0.00    0.00    0.00    0.00   -0.82    3.04    3.18    2.89   22.85
A-T     0.00    0.00    0.00    0.00    0.00    0.00    0.24   -0.37    3.87    4.85   11.86   41.33
C-G     0.00    0.00    0.00    0.00    0.00    0.00    0.63   -0.58    3.42   -2.14    8.08   35.15
T-A     0.00    0.00    0.00    0.00    0.00    0.00   -0.49   -0.26    3.17    1.61    5.40   33.47
T-A     0.00    0.00    0.00    0.00    0.00    0.00    0.02    0.04    3.48   -4.97   -4.29   34.14
T-A     0.00    0.00    0.00    0.00    0.00    0.00   -0.65   -0.09    2.95    3.26    0.78   34.10
T-A     0.00    0.00    0.00    0.00    0.00    0.00   -0.40    0.38    3.57   -2.87   -6.25   41.27
G-C     0.00    0.00    0.00    0.00    0.00    0.00    0.00    2.37    3.31    0.99   -3.50   40.93
G-C     0.00    0.00    0.00    0.00    0.00    0.00   -0.59    0.05    2.70  -13.00    2.47   25.74
T-A     0.00    0.00    0.00    0.00    0.00    0.00    0.58   -0.44    3.21    4.59    6.90   31.01
A-T     0.00    0.00    0.00    0.00    0.00    0.00   -0.68    0.37    3.58    3.98   14.29   35.36
G-C     0.00    0.00    0.00    0.00    0.00    0.00    0.38    0.22    3.27    0.74   10.40   30.19
A-T     0.00    0.00    0.00    0.00    0.00    0.00   -0.40   -0.89    3.10   -5.65   14.62   24.46
A-T     0.00    0.00    0.00    0.00    0.00    0.00    0.96   -0.61    3.10   -7.95    2.58   36.72
T-A     0.00    0.00    0.00    0.00    0.00    0.00   -0.54   -1.17    3.33   -0.04  -10.20   29.62
C-G     0.00    0.00    0.00    0.00    0.00    0.00    0.37   -0.53    3.45    4.31   -3.58   40.71
T-A     0.00    0.00    0.00    0.00    0.00    0.00   -0.86   -0.23    3.39   -5.24    4.79   32.29
G-C     0.00    0.00    0.00    0.00    0.00    0.00   -0.30    2.38    2.95    1.74  -17.39   46.17
C-G     0.00    0.00    0.00    0.00    0.00    0.00    0.31    0.44    3.08    3.55    6.51   30.67
A-T     0.00    0.00    0.00    0.00    0.00    0.00    0.19    2.39    3.50    1.13   -4.33   44.75
G-C     0.00    0.00    0.00    0.00    0.00    0.00    0.31    0.80    2.82   -5.51    8.39   28.09
G-C     0.00    0.00    0.00    0.00    0.00    0.00   -0.41   -0.28    3.55    0.58   16.85   32.17
T-A     0.00    0.00    0.00    0.00    0.00    0.00   -0.54   -0.39    3.29   -1.76    5.70   33.37
G-C     0.00    0.00    0.00    0.00    0.00    0.00    0.12    0.00    3.48    1.32    9.50   33.83
G-C     0.00    0.00    0.00    0.00    0.00    0.00    0.64    0.20    3.18   -0.72    6.34   28.48
A-T     0.00    0.00    0.00    0.00    0.00    0.00   -0.59   -0.53    3.19   -4.04    3.30   38.91
T-A     0.00    0.00    0.00    0.00    0.00    0.00   -0.18   -0.75    3.24   -0.25   -3.50   29.86
A-T     0.00    0.00    0.00    0.00    0.00    0.00   -0.17    0.17    3.70    2.53   -2.56   42.09
T-A     0.00    0.00    0.00    0.00    0.00    0.00   -0.49   -0.59    3.02   -5.66   -4.32   31.24
T-A     0.00    0.00    0.00    0.00    0.00    0.00    0.68    0.02    3.35    3.08    2.36   36.11
G-C     0.00    0.00    0.00    0.00    0.00    0.00   -0.21   -0.20    3.42    4.11    3.80   36.86
A-T     0.00    0.00    0.00    0.00    0.00    0.00   -0.15   -0.06    3.27   -2.77    6.98   29.51
T-A     0.00    0.00    0.00    0.00    0.00    0.00    0.81   -0.68    3.12   -0.33   -0.85   36.52
