 146 base-pairs
   0  ***local base-pair & step parameters***
       Shear  Stretch  Stagger Buckle Prop-Tw Opening   Shift  Slide    Rise    Tilt    Roll   Twist
A-T     0.00    0.00    0.00    0.00    0.00    0.00    0.00    0.00    0.00    0.00    0.00    0.00
T-A     0.00    0.00    0.00    0.00    0.00    0.00   -1.09   -0.62    3.34   -3.64   -1.60   31.66
C-G     0.00    0.00    0.00    0.00    0.00    0.00    1.05   -0.04    2.93    5.30    2.78   37.32
A-T     0.00    0.00    0.00    0.00    0.00    0.00   -0.20    0.63    3.50   -3.92    4.29   35.53
A-T     0.00    0.00    0.00    0.00    0.00    0.00   -0.56    0.02    3.22   -3.77    0.75   38.11
T-A     0.00    0.00    0.00    0.00    0.00    0.00    0.41   -0.79    2.98    7.63   -1.75   32.53
A-T     0.00    0.00    0.00    0.00    0.00    0.00   -0.05    0.02    3.62   -4.94   -3.47   40.32
T-A     0.00    0.00    0.00    0.00    0.00    0.00   -0.10   -0.87    3.23    5.53   -2.64   34.36
C-G     0.00    0.00    0.00    0.00    0.00    0.00    1.15    0.17    3.39    1.04   -0.98   33.94
C-G     0.00    0.00    0.00    0.00    0.00    0.00   -0.25   -0.13    3.13   -1.19   10.07   27.44
A-T     0.00    0.00    0.00    0.00    0.00    0.00   -1.18    0.41    3.42   -1.10    6.61   32.06
C-G     0.00    0.00    0.00    0.00    0.00    0.00    0.38   -1.03    3.32   -0.95    6.39   33.15
C-G     0.00    0.00    0.00    0.00    0.00    0.00    0.50   -0.03    3.41    1.50   12.41   30.47
T-A     0.00    0.00    0.00    0.00    0.00    0.00   -1.09    0.44    3.57   -6.48    6.96   32.32
G-C     0.00    0.00    0.00    0.00    0.00    0.00    0.62    1.23    3.26    4.50   -7.14   40.67
C-G     0.00    0.00    0.00    0.00    0.00    0.00   -0.19    0.01    3.49   -6.84    5.27   38.26
A-T     0.00    0.00    0.00    0.00    0.00    0.00    0.00    1.51    3.01    3.39  -21.05   40.99
G-C     0.00    0.00    0.00    0.00    0.00    0.00    0.40    0.02    3.50    3.14    2.07   35.74
A-T     0.00    0.00    0.00    0.00    0.00    0.00   -0.05   -0.77    3.25    0.86   -6.04   36.07
T-A     0.00    0.00    0.00    0.00    0.00    0.00    0.29    0.35    3.02    2.54   -5.73   37.02
T-A     0.00    0.00    0.00    0.00    0.00    0.00    0.10   -1.32    3.41    3.39    3.87   30.16
C-G     0.00    0.00    0.00    0.00    0.00    0.00   -0.30   -0.43    2.71    3.94    9.88   27.38
T-A     0.00    0.00    0.00    0.00    0.00    0.00   -0.27   -0.58    3.79    1.31   12.18   28.34
A-T     0.00    0.00    0.00    0.00    0.00    0.00    1.83    0.72    3.67    2.09   22.45   33.25
C-G     0.00    0.00    0.00    0.00    0.00    0.00   -1.29   -0.07    2.94  -12.36    3.53   30.57
C-G     0.00    0.00    0.00    0.00    0.00    0.00    0.62   -0.06    2.73   13.75    7.32   29.90
A-T     0.00    0.00    0.00    0.00    0.00    0.00    0.05    2.72    3.18   -4.53  -15.40   42.56
A-T     0.00    0.00    0.00    0.00    0.00    0.00    0.58    0.30    3.60    4.12    3.30   39.19
A-T     0.00    0.00    0.00    0.00    0.00    0.00    0.50   -0.42    3.28   -1.19   -7.86   40.05
A-T     0.00    0.00    0.00    0.00    0.00    0.00   -0.17   -0.51    3.27   -2.18    3.88   31.23
G-C     0.00    0.00    0.00    0.00    0.00    0.00    0.13   -0.44    3.55    0.70   -0.77   36.49
T-A     0.00    0.00    0.00    0.00    0.00    0.00   -0.38   -0.59    3.02    4.09   -2.30   28.10
G-C     0.00    0.00    0.00    0.00    0.00    0.00    1.31    0.18    3.83    2.88   13.09   34.73
T-A     0.00    0.00    0.00    0.00    0.00    0.00   -1.33   -0.67    2.84   -2.60   16.23   24.26
A-T     0.00    0.00    0.00    0.00    0.00    0.00    0.20   -0.79    3.77   -4.65    1.67   42.15
T-A     0.00    0.00    0.00    0.00    0.00    0.00    0.28   -1.12    3.41    1.60    2.69   30.89
T-A     0.00    0.00    0.00    0.00    0.00    0.00    0.14   -0.20    3.03    3.11   -7.87   38.82
T-A     0.00    0.00    0.00    0.00    0.00    0.00   -0.04   -0.18    3.58   -7.00    3.94   31.86
G-C     0.00    0.00    0.00    0.00    0.00    0.00   -0.78    2.37    3.19    1.28  -21.73   48.03
G-C     0.00    0.00    0.00    0.00    0.00    0.00    1.09    0.93    3.44    6.73    5.77   29.91
A-T     0.00    0.00    0.00    0.00    0.00    0.00   -1.35    0.77    3.03  -11.73    1.31   36.54
A-T     0.00    0.00    0.00    0.00    0.00    0.00    0.30   -0.37    3.23   -1.06    4.80   33.27
A-T     0.00    0.00    0.00    0.00    0.00    0.00   -0.24   -0.04    3.59   -2.18   14.70   31.26
C-G     0.00    0.00    0.00    0.00    0.00    0.00    0.29   -0.23    2.95    3.83   -2.83   33.45
T-A     0.00    0.00    0.00    0.00    0.00    0.00    1.29   -0.05    3.30    1.49   12.00   33.90
G-C     0.00    0.00    0.00    0.00    0.00    0.00   -1.41    0.33    3.64   -5.63   10.50   37.20
C-G     0.00    0.00    0.00    0.00    0.00    0.00    0.53    0.86    3.57    0.18  -11.52   46.45
T-A     0.00    0.00    0.00    0.00    0.00    0.00   -1.34   -0.20    2.77   -0.08   -0.71   30.60
C-G     0.00    0.00    0.00    0.00    0.00    0.00    1.60    1.82    3.22    7.72  -10.69   42.49
C-G     0.00    0.00    0.00    0.00    0.00    0.00   -0.98    0.59    3.48   -4.97    5.60   36.23
A-T     0.00    0.00    0.00    0.00    0.00    0.00    0.51    1.11    3.39   -4.58   -4.55   41.97
T-A     0.00    0.00    0.00    0.00    0.00    0.00    0.77   -0.52    2.92    6.28    0.74   29.53
C-G     0.00    0.00    0.00    0.00    0.00    0.00    0.30   -0.32    3.49    3.73   10.59   32.83
A-T     0.00    0.00    0.00    0.00    0.00    0.00   -0.44    0.24    4.12    3.94   19.27   34.15
A-T     0.00    0.00    0.00    0.00    0.00    0.00    0.44    0.68    3.05   -4.30    6.84   42.53
A-T     0.00    0.00    0.00    0.00    0.00    0.00   -0.90    0.60    3.04   -4.95   -5.27   35.49
A-T     0.00    0.00    0.00    0.00    0.00    0.00   -0.09   -0.82    3.54   -4.29   -0.38   35.82
G-C     0.00    0.00    0.00    0.00    0.00    0.00   -0.20    0.94    3.65   -2.65   -6.61   40.93
G-C     0.00    0.00    0.00    0.00    0.00    0.00   -0.92   -0.05    3.17   -6.33  -28.60   30.49
C-G     0.00    0.00    0.00    0.00    0.00    0.00    1.33   -0.10    4.53    0.36  -20.22   37.97
A-T     0.00    0.00    0.00    0.00    0.00    0.00   -0.23    0.91    3.25   14.79    7.29   42.13
T-A     0.00    0.00    0.00    0.00    0.00    0.00    0.38   -0.40    3.35   -3.10   16.00   22.16
G-C     0.00    0.00    0.00    0.00    0.00    0.00    0.06    1.40    4.11   -0.70    7.79   41.65
T-A     0.00    0.00    0.00    0.00    0.00    0.00   -0.69   -0.76    3.38   -1.60    7.72   27.34
T-A     0.00    0.00    0.00    0.00    0.00    0.00    0.34   -0.05    2.97    4.19    3.78   32.03
C-G     0.00    0.00    0.00    0.00    0.00    0.00    0.77    0.55    3.22    4.32    8.01   36.18
A-T     0.00    0.00    0.00    0.00    0.00    0.00   -0.82    1.62    3.65   -2.44   -5.64   44.29
G-C     0.00    0.00    0.00    0.00    0.00    0.00    0.73    1.17    3.54    4.93   -2.02   32.35
C-G     0.00    0.00    0.00    0.00    0.00    0.00   -0.39    0.79    3.30   -6.33   -4.93   41.67
T-A     0.00    0.00    0.00    0.00    0.00    0.00    0.14    0.84    3.30    4.03   -1.22   36.75
G-C     0.00    0.00    0.00    0.00    0.00    0.00    0.93    0.94    3.15    0.31    4.21   34.51
A-T     0.00    0.00    0.00    0.00    0.00    0.00   -0.85   -0.05    3.33   -6.57    7.71   33.68
A-T     0.00    0.00    0.00    0.00    0.00    0.00   -0.22   -0.26    3.20    1.85    4.51   33.30
T-A     0.00    0.00    0.00    0.00    0.00    0.00    0.19   -0.58    3.41   -0.89    8.03   29.28
T-A     0.00    0.00    0.00    0.00    0.00    0.00   -0.03   -0.23    3.22    3.49    7.67   34.32
C-G     0.00    0.00    0.00    0.00    0.00    0.00    0.10    0.17    3.26    1.86    5.95   30.58
A-T     0.00    0.00    0.00    0.00    0.00    0.00   -0.65    1.64    3.39   -1.07    0.13   42.12
G-C     0.00    0.00    0.00    0.00    0.00    0.00    0.89    0.61    3.30   -1.23   -3.38   35.50
C-G     0.00    0.00    0.00    0.00    0.00    0.00   -1.18    1.08    3.39   -3.12   -7.01   37.82
T-A     0.00    0.00    0.00    0.00    0.00    0.00    1.23    1.61    3.76    3.38   -5.38   43.48
G-C     0.00    0.00    0.00    0.00    0.00    0.00   -0.69    0.99    2.97   -3.07    5.67   34.13
A-T     0.00    0.00    0.00    0.00    0.00    0.00   -0.35    0.14    3.35   -1.80    4.76   33.83
A-T     0.00    0.00    0.00    0.00    0.00    0.00    0.36   -0.03    3.30    2.40    9.86   33.63
C-G     0.00    0.00    0.00    0.00    0.00    0.00    0.16   -0.65    3.27    0.15    5.68   29.84
A-T     0.00    0.00    0.00    0.00    0.00    0.00   -0.53    0.58    3.67    0.30   11.61   34.83
T-A     0.00    0.00    0.00    0.00    0.00    0.00    0.23   -0.33    3.12    1.10   -0.44   27.91
G-C     0.00    0.00    0.00    0.00    0.00    0.00    0.99    0.54    3.44   -0.52    8.33   36.52
C-G     0.00    0.00    0.00    0.00    0.00    0.00   -1.44    0.43    3.33   -2.00  -14.78   38.24
C-G     0.00    0.00    0.00    0.00    0.00    0.00    0.61    1.37    4.01    1.87   -7.39   45.86
T-A     0.00    0.00    0.00    0.00    0.00    0.00   -0.33    1.31    3.34    1.80   -8.61   40.88
T-A     0.00    0.00    0.00    0.00    0.00    0.00    0.25    0.16    2.93   -3.54    4.74   30.84
T-A     0.00    0.00    0.00    0.00    0.00    0.00    0.29    0.13    3.30    1.39    9.01   31.33
T-A     0.00    0.00    0.00    0.00    0.00    0.00   -0.07    0.44    3.52    1.55   13.03   33.67
G-C     0.00    0.00    0.00    0.00    0.00    0.00    0.10   -1.14    3.84    5.16   19.84   24.12
A-T     0.00    0.00    0.00    0.00    0.00    0.00    0.13   -0.19    2.90   -8.76    8.79   32.00
T-A     0.00    0.00    0.00    0.00    0.00    0.00   -0.29   -0.90    3.24   -2.24    4.21   25.10
G-C     0.00    0.00    0.00    0.00    0.00    0.00   -0.41    0.85    3.16    0.99   -1.35   38.39
G-C     0.00    0.00    0.00    0.00    0.00    0.00    0.96    0.53    3.46    7.12    1.79   33.78
A-T     0.00    0.00    0.00    0.00    0.00    0.00   -1.05    1.41    3.25   -8.93   -5.43   43.52
G-C     0.00    0.00    0.00    0.00    0.00    0.00    1.24    0.29    3.12    0.31   -7.41   35.76
C-G     0.00    0.00    0.00    0.00    0.00    0.00   -0.53    0.06    3.44    0.01   -2.72   35.29
A-T     0.00    0.00    0.00    0.00    0.00    0.00    1.04    0.37    3.41    4.18    4.13   36.33
G-C     0.00    0.00    0.00    0.00    0.00    0.00   -1.41   -0.23    3.70   -4.39   10.43   36.25
T-A     0.00    0.00    0.00    0.00    0.00    0.00   -0.94   -0.30    3.18   -0.32   13.00   29.98
T-A     0.00    0.00    0.00    0.00    0.00    0.00   -0.49   -0.11    3.24   -2.58   -0.46   32.71
T-A     0.00    0.00    0.00    0.00    0.00    0.00    0.88    0.08    3.24    1.20    8.50   34.96
C-G     0.00    0.00    0.00    0.00    0.00    0.00    1.33    0.80    2.82    9.48    1.46   36.02
C-G     0.00    0.00    0.00    0.00    0.00    0.00   -1.29    0.90    3.60   -9.90    6.73   30.04
A-T     0.00    0.00    0.00    0.00    0.00    0.00    0.30    2.28    3.22    7.94  -19.70   47.74
A-T     0.00    0.00    0.00    0.00    0.00    0.00    0.12   -0.18    3.17   -2.82    4.31   31.95
A-T     0.00    0.00    0.00    0.00    0.00    0.00   -0.58   -0.31    3.65   -0.11    2.53   38.57
T-A     0.00    0.00    0.00    0.00    0.00    0.00   -0.27   -0.56    3.11    0.50   -5.46   31.47
A-T     0.00    0.00    0.00    0.00    0.00    0.00    0.32   -0.45    3.19  -11.78    5.19   38.35
C-G     0.00    0.00    0.00    0.00    0.00    0.00   -0.12   -1.09    3.03    3.28    3.56   22.02
A-T     0.00    0.00    0.00    0.00    0.00    0.00    0.14   -0.32    3.83    5.42   11.77   40.68
C-G     0.00    0.00    0.00    0.00    0.00    0.00    0.65   -0.27    3.39   -1.75    7.36   35.33
T-A     0.00    0.00    0.00    0.00    0.00    0.00   -0.38   -0.02    3.19    1.35    4.82   34.27
T-A     0.00    0.00    0.00    0.00    0.00    0.00    0.11   -0.04    3.53   -5.60   -4.14   34.72
T-A     0.00    0.00    0.00    0.00    0.00    0.00   -0.67   -0.40    2.98    2.98    1.45   33.87
T-A     0.00    0.00    0.00    0.00    0.00    0.00   -0.50    0.17    3.54   -2.46   -5.77   40.51
G-C     0.00    0.00    0.00    0.00    0.00    0.00   -0.07    2.48    3.26    1.65   -3.69   40.44
G-C     0.00    0.00    0.00    0.00    0.00    0.00   -0.56    0.35    2.68  -12.85    1.87   25.99
T-A     0.00    0.00    0.00    0.00    0.00    0.00    0.66   -0.27    3.25    4.04    6.52   31.71
A-T     0.00    0.00    0.00    0.00    0.00    0.00   -0.62    0.23    3.63    3.34   14.50   35.78
G-C     0.00    0.00    0.00    0.00    0.00    0.00    0.36   -0.06    3.28    0.74   10.91   29.94
A-T     0.00    0.00    0.00    0.00    0.00    0.00   -0.47   -1.02    3.06   -4.99   14.90   23.84
A-T     0.00    0.00    0.00    0.00    0.00    0.00    0.91   -0.47    3.05   -7.36    2.38   36.38
T-A     0.00    0.00    0.00    0.00    0.00    0.00   -0.52   -0.93    3.33   -0.20  -10.61   29.85
C-G     0.00    0.00    0.00    0.00    0.00    0.00    0.43   -0.44    3.50    3.56   -3.78   41.24
T-A     0.00    0.00    0.00    0.00    0.00    0.00   -0.82   -0.38    3.44   -5.75    4.96   32.58
G-C     0.00    0.00    0.00    0.00    0.00    0.00   -0.31    2.17    2.94    2.05  -17.09   45.97
C-G     0.00    0.00    0.00    0.00    0.00    0.00    0.27    0.38    3.02    4.35    6.65   30.24
A-T     0.00    0.00    0.00    0.00    0.00    0.00    0.16    2.54    3.46    1.52   -4.45   44.51
G-C     0.00    0.00    0.00    0.00    0.00    0.00    0.31    0.97    2.84   -5.97    8.20   28.24
G-C     0.00    0.00    0.00    0.00    0.00    0.00   -0.38   -0.25    3.61   -0.23   16.76   32.51
T-A     0.00    0.00    0.00    0.00    0.00    0.00   -0.51   -0.51    3.33   -2.01    5.74   33.58
G-C     0.00    0.00    0.00    0.00    0.00    0.00    0.13   -0.14    3.45    1.91    9.58   33.75
G-C     0.00    0.00    0.00    0.00    0.00    0.00    0.62    0.19    3.12    0.06    6.41   28.22
A-T     0.00    0.00    0.00    0.00    0.00    0.00   -0.62   -0.43    3.16   -3.93    3.35   38.70
T-A     0.00    0.00    0.00    0.00    0.00    0.00   -0.21   -0.66    3.28   -0.94   -3.48   29.85
A-T     0.00    0.00    0.00    0.00    0.00    0.00   -0.17    0.17    3.76    1.81   -2.63   42.27
T-A     0.00    0.00    0.00    0.00    0.00    0.00   -0.45   -0.66    3.04   -5.61   -4.47   31.46
T-A     0.00    0.00    0.00    0.00    0.00    0.00    0.73   -0.03    3.31    3.84    2.25   36.21
G-C     0.00    0.00    0.00    0.00    0.00    0.00   -0.20   -0.19    3.36    4.73    3.90   36.75
A-T     0.00    0.00    0.00    0.00    0.00    0.00   -0.19   -0.03    3.26   -2.98    7.25   29.26
T-A     0.00    0.00    0.00    0.00    0.00    0.00    0.75   -0.67    3.17   -1.13   -0.68   36.32
