 146 base-pairs
   0  ***local base-pair & step parameters***
       Shear  Stretch  Stagger Buckle Prop-Tw Opening   Shift  Slide    Rise    Tilt    Roll   Twist
A-T     0.00    0.00    0.00    0.00    0.00    0.00    0.00    0.00    0.00    0.00    0.00    0.00
T-A     0.00    0.00    0.00    0.00    0.00    0.00   -1.10   -0.85    3.27   -3.57   -1.98   30.45
C-G     0.00    0.00    0.00    0.00    0.00    0.00    0.94   -0.10    2.90    5.99    2.79   36.27
A-T     0.00    0.00    0.00    0.00    0.00    0.00   -0.30    0.80    3.54   -3.45    4.74   35.78
A-T     0.00    0.00    0.00    0.00    0.00    0.00   -0.53    0.24    3.28   -4.12    1.05   39.31
T-A     0.00    0.00    0.00    0.00    0.00    0.00    0.54   -0.75    2.99    6.85   -2.09   33.31
A-T     0.00    0.00    0.00    0.00    0.00    0.00    0.04   -0.16    3.57   -5.20   -4.10   39.85
T-A     0.00    0.00    0.00    0.00    0.00    0.00   -0.15   -1.07    3.18    6.13   -2.76   33.27
C-G     0.00    0.00    0.00    0.00    0.00    0.00    1.02    0.15    3.40    1.80   -0.33   33.47
C-G     0.00    0.00    0.00    0.00    0.00    0.00   -0.33    0.05    3.19   -1.18   10.77   28.02
A-T     0.00    0.00    0.00    0.00    0.00    0.00   -1.12    0.59    3.46   -1.89    6.47   32.93
C-G     0.00    0.00    0.00    0.00    0.00    0.00    0.52   -1.03    3.30   -1.61    5.46   33.32
C-G     0.00    0.00    0.00    0.00    0.00    0.00    0.57   -0.20    3.36    1.77   11.75   29.87
T-A     0.00    0.00    0.00    0.00    0.00    0.00   -1.16    0.28    3.55   -5.58    7.42   31.73
G-C     0.00    0.00    0.00    0.00    0.00    0.00    0.49    1.23    3.29    4.96   -6.01   40.73
C-G     0.00    0.00    0.00    0.00    0.00    0.00   -0.25    0.16    3.54   -7.37    5.77   38.76
A-T     0.00    0.00    0.00    0.00    0.00    0.00    0.07    1.65    3.02    2.49  -21.83   41.26
G-C     0.00    0.00    0.00    0.00    0.00    0.00    0.52    0.01    3.46    2.93    0.85   35.52
A-T     0.00    0.00    0.00    0.00    0.00    0.00   -0.01   -0.89    3.22    1.60   -6.30   35.77
T-A     0.00    0.00    0.00    0.00    0.00    0.00    0.21    0.23    3.03    3.35   -4.67   37.06
T-A     0.00    0.00    0.00    0.00    0.00    0.00   -0.01   -1.32    3.45    3.33    5.06   30.42
C-G     0.00    0.00    0.00    0.00    0.00    0.00   -0.33   -0.33    2.73    3.09    9.84   27.41
T-A     0.00    0.00    0.00    0.00    0.00    0.00   -0.20   -0.47    3.77    0.69   10.93   28.04
A-T     0.00    0.00    0.00    0.00    0.00    0.00    1.92    0.74    3.64    2.42   21.41   33.06
C-G     0.00    0.00    0.00    0.00    0.00    0.00   -1.27   -0.15    2.94  -11.49    3.88   30.85
C-G     0.00    0.00    0.00    0.00    0.00    0.00    0.56   -0.16    2.76   14.12    8.67   30.38
A-T     0.00    0.00    0.00    0.00    0.00    0.00   -0.02    2.68    3.20   -5.08  -14.59   42.58
A-T     0.00    0.00    0.00    0.00    0.00    0.00    0.57    0.35    3.58    3.33    2.67   38.59
A-T     0.00    0.00    0.00    0.00    0.00    0.00    0.54   -0.31    3.25   -1.30   -9.20   39.49
A-T     0.00    0.00    0.00    0.00    0.00    0.00   -0.11   -0.44    3.27   -1.51    3.36   31.46
G-C     0.00    0.00    0.00    0.00    0.00    0.00    0.15   -0.47    3.58    1.32    0.07   37.36
T-A     0.00    0.00    0.00    0.00    0.00    0.00   -0.40   -0.71    3.04    3.93   -1.10   28.62
G-C     0.00    0.00    0.00    0.00    0.00    0.00    1.26    0.08    3.81    2.17   13.29   34.20
T-A     0.00    0.00    0.00    0.00    0.00    0.00   -1.37   -0.65    2.80   -2.97   15.28   23.19
A-T     0.00    0.00    0.00    0.00    0.00    0.00    0.21   -0.65    3.76   -4.26    0.70   41.77
T-A     0.00    0.00    0.00    0.00    0.00    0.00    0.32   -1.00    3.44    2.25    2.79   31.73
T-A     0.00    0.00    0.00    0.00    0.00    0.00    0.19   -0.23    3.08    3.21   -6.92   39.99
T-A     0.00    0.00    0.00    0.00    0.00    0.00   -0.03   -0.34    3.57   -7.55    4.61   32.01
G-C     0.00    0.00    0.00    0.00    0.00    0.00   -0.83    2.23    3.14    0.79  -22.05   46.92
G-C     0.00    0.00    0.00    0.00    0.00    0.00    1.03    0.96    3.40    6.91    4.94   28.76
A-T     0.00    0.00    0.00    0.00    0.00    0.00   -1.37    0.96    3.05  -11.13    0.97   36.67
A-T     0.00    0.00    0.00    0.00    0.00    0.00    0.35   -0.21    3.28   -0.80    5.25   34.58
A-T     0.00    0.00    0.00    0.00    0.00    0.00   -0.16   -0.08    3.62   -2.60   15.30   32.28
C-G     0.00    0.00    0.00    0.00    0.00    0.00    0.32   -0.44    2.91    3.27   -2.80   33.02
T-A     0.00    0.00    0.00    0.00    0.00    0.00    1.23   -0.21    3.24    1.50   11.52   32.49
G-C     0.00    0.00    0.00    0.00    0.00    0.00   -1.51    0.40    3.62   -5.03   10.19   36.39
C-G     0.00    0.00    0.00    0.00    0.00    0.00    0.50    1.09    3.62    0.60  -11.29   47.15
T-A     0.00    0.00    0.00    0.00    0.00    0.00   -1.27   -0.05    2.82   -0.38   -0.34   32.00
C-G     0.00    0.00    0.00    0.00    0.00    0.00    1.71    1.74    3.22    7.05  -10.71   43.02
C-G     0.00    0.00    0.00    0.00    0.00    0.00   -0.95    0.35    3.42   -5.17    5.22   35.33
A-T     0.00    0.00    0.00    0.00    0.00    0.00    0.42    0.98    3.35   -4.03   -4.72   40.69
T-A     0.00    0.00    0.00    0.00    0.00    0.00    0.66   -0.42    2.94    6.93    1.09   29.30
C-G     0.00    0.00    0.00    0.00    0.00    0.00    0.28   -0.08    3.56    3.67   11.03   33.84
A-T     0.00    0.00    0.00    0.00    0.00    0.00   -0.34    0.36    4.16    3.21   19.16   35.21
A-T     0.00    0.00    0.00    0.00    0.00    0.00    0.56    0.56    3.02   -4.83    6.22   42.48
A-T     0.00    0.00    0.00    0.00    0.00    0.00   -0.90    0.37    2.98   -4.61   -5.64   34.48
A-T     0.00    0.00    0.00    0.00    0.00    0.00   -0.21   -0.91    3.52   -3.45    0.06   35.04
G-C     0.00    0.00    0.00    0.00    0.00    0.00   -0.32    1.06    3.69   -2.32   -5.81   41.21
G-C     0.00    0.00    0.00    0.00    0.00    0.00   -0.90    0.16    3.22   -6.93  -28.40   31.39
C-G     0.00    0.00    0.00    0.00    0.00    0.00    1.45   -0.03    4.53   -0.47  -20.97   38.45
A-T     0.00    0.00    0.00    0.00    0.00    0.00   -0.12    0.78    3.20   14.73    6.41   41.72
T-A     0.00    0.00    0.00    0.00    0.00    0.00    0.36   -0.59    3.31   -2.30   16.07   21.46
G-C     0.00    0.00    0.00    0.00    0.00    0.00   -0.07    1.34    4.12    0.02    8.83   41.48
T-A     0.00    0.00    0.00    0.00    0.00    0.00   -0.78   -0.64    3.42   -1.82    8.57   27.77
T-A     0.00    0.00    0.00    0.00    0.00    0.00    0.37    0.11    2.99    3.28    3.41   32.44
C-G     0.00    0.00    0.00    0.00    0.00    0.00    0.89    0.60    3.20    3.78    6.78   36.11
A-T     0.00    0.00    0.00    0.00    0.00    0.00   -0.74    1.52    3.61   -1.97   -6.34   43.95
G-C     0.00    0.00    0.00    0.00    0.00    0.00    0.69    1.04    3.53    5.85   -1.33   32.26
C-G     0.00    0.00    0.00    0.00    0.00    0.00   -0.50    0.75    3.33   -6.05   -3.60   41.90
T-A     0.00    0.00    0.00    0.00    0.00    0.00    0.08    0.91    3.32    3.35   -0.76   36.90
G-C     0.00    0.00    0.00    0.00    0.00    0.00    0.98    1.05    3.14   -0.52    3.25   34.29
A-T     0.00    0.00    0.00    0.00    0.00    0.00   -0.75    0.00    3.30   -6.57    6.41   33.39
A-T     0.00    0.00    0.00    0.00    0.00    0.00   -0.17   -0.31    3.19    2.65    4.35   33.42
T-A     0.00    0.00    0.00    0.00    0.00    0.00    0.15   -0.68    3.43   -0.24    9.19   29.77
T-A     0.00    0.00    0.00    0.00    0.00    0.00   -0.11   -0.30    3.24    3.23    8.83   34.55
C-G     0.00    0.00    0.00    0.00    0.00    0.00    0.06    0.19    3.25    1.04    5.80   30.14
A-T     0.00    0.00    0.00    0.00    0.00    0.00   -0.63    1.73    3.36   -1.47   -1.14   41.45
G-C     0.00    0.00    0.00    0.00    0.00    0.00    0.94    0.70    3.29   -0.76   -4.30   35.42
C-G     0.00    0.00    0.00    0.00    0.00    0.00   -1.15    1.08    3.42   -2.37   -6.57   38.56
T-A     0.00    0.00    0.00    0.00    0.00    0.00    1.22    1.51    3.79    3.50   -4.13   44.24
G-C     0.00    0.00    0.00    0.00    0.00    0.00   -0.73    0.88    2.96   -3.69    6.30   33.96
A-T     0.00    0.00    0.00    0.00    0.00    0.00   -0.39    0.12    3.31   -2.38    4.11   32.81
A-T     0.00    0.00    0.00    0.00    0.00    0.00    0.35    0.08    3.28    2.55    8.74   32.90
C-G     0.00    0.00    0.00    0.00    0.00    0.00    0.19   -0.51    3.30    0.81    5.37   30.30
A-T     0.00    0.00    0.00    0.00    0.00    0.00   -0.49    0.62    3.72    0.64   12.38   36.05
T-A     0.00    0.00    0.00    0.00    0.00    0.00    0.25   -0.46    3.13    0.72    0.45   28.50
G-C     0.00    0.00    0.00    0.00    0.00    0.00    0.97    0.37    3.40   -1.13    8.34   35.75
C-G     0.00    0.00    0.00    0.00    0.00    0.00   -1.50    0.40    3.28   -2.06  -15.55   36.92
C-G     0.00    0.00    0.00    0.00    0.00    0.00    0.57    1.52    4.02    2.41   -7.98   45.49
T-A     0.00    0.00    0.00    0.00    0.00    0.00   -0.30    1.50    3.40    2.25   -8.39   41.91
T-A     0.00    0.00    0.00    0.00    0.00    0.00    0.32    0.18    2.97   -3.75    5.40   32.14
T-A     0.00    0.00    0.00    0.00    0.00    0.00    0.35   -0.04    3.28    0.79    9.27   31.42
T-A     0.00    0.00    0.00    0.00    0.00    0.00   -0.10    0.24    3.46    1.33   12.66   32.43
G-C     0.00    0.00    0.00    0.00    0.00    0.00    0.00   -1.16    3.81    5.62   19.40   22.94
A-T     0.00    0.00    0.00    0.00    0.00    0.00    0.06    0.00    2.93   -8.18    8.84   32.20
T-A     0.00    0.00    0.00    0.00    0.00    0.00   -0.25   -0.70    3.31   -2.29    4.61   26.44
G-C     0.00    0.00    0.00    0.00    0.00    0.00   -0.29    0.84    3.18    0.35   -1.21   39.35
G-C     0.00    0.00    0.00    0.00    0.00    0.00    1.03    0.33    3.42    6.68    1.48   33.30
A-T     0.00    0.00    0.00    0.00    0.00    0.00   -1.11    1.21    3.19   -8.60   -5.73   42.18
G-C     0.00    0.00    0.00    0.00    0.00    0.00    1.11    0.32    3.12    1.03   -7.22   35.08
C-G     0.00    0.00    0.00    0.00    0.00    0.00   -0.59    0.27    3.49    0.24   -2.23   35.97
A-T     0.00    0.00    0.00    0.00    0.00    0.00    1.11    0.55    3.46    3.59    4.24   37.55
G-C     0.00    0.00    0.00    0.00    0.00    0.00   -1.28   -0.27    3.68   -5.10    9.92   36.63
T-A     0.00    0.00    0.00    0.00    0.00    0.00   -0.89   -0.52    3.12   -0.28   12.45   29.18
T-A     0.00    0.00    0.00    0.00    0.00    0.00   -0.57   -0.27    3.20   -1.81   -0.30   31.71
T-A     0.00    0.00    0.00    0.00    0.00    0.00    0.74    0.14    3.27    1.79    9.28   34.86
C-G     0.00    0.00    0.00    0.00    0.00    0.00    1.29    1.01    2.87    9.16    1.96   36.83
C-G     0.00    0.00    0.00    0.00    0.00    0.00   -1.19    1.03    3.62  -10.77    6.25   30.76
A-T     0.00    0.00    0.00    0.00    0.00    0.00    0.43    2.22    3.18    7.55  -20.68   47.60
A-T     0.00    0.00    0.00    0.00    0.00    0.00    0.15   -0.37    3.12   -2.24    3.99   31.25
A-T     0.00    0.00    0.00    0.00    0.00    0.00   -0.68   -0.42    3.64    0.76    3.33   38.17
T-A     0.00    0.00    0.00    0.00    0.00    0.00   -0.39   -0.49    3.15    0.64   -4.40   31.74
A-T     0.00    0.00    0.00    0.00    0.00    0.00    0.31   -0.29    3.22  -12.56    5.26   38.84
C-G     0.00    0.00    0.00    0.00    0.00    0.00   -0.01   -0.99    3.02    2.50    2.49   22.12
A-T     0.00    0.00    0.00    0.00    0.00    0.00    0.25   -0.38    3.80    5.56   10.74   40.37
C-G     0.00    0.00    0.00    0.00    0.00    0.00    0.65   -0.41    3.37   -0.86    7.59   35.12
T-A     0.00    0.00    0.00    0.00    0.00    0.00   -0.48   -0.11    3.21    1.94    6.10   34.43
T-A     0.00    0.00    0.00    0.00    0.00    0.00    0.02    0.00    3.56   -6.00   -3.26   34.95
T-A     0.00    0.00    0.00    0.00    0.00    0.00   -0.66   -0.29    2.98    2.07    0.91   33.77
T-A     0.00    0.00    0.00    0.00    0.00    0.00   -0.41    0.25    3.51   -2.80   -7.15   40.19
G-C     0.00    0.00    0.00    0.00    0.00    0.00    0.00    2.46    3.25    2.26   -4.33   40.39
G-C     0.00    0.00    0.00    0.00    0.00    0.00   -0.58    0.26    2.70  -12.04    2.69   26.40
T-A     0.00    0.00    0.00    0.00    0.00    0.00    0.59   -0.36    3.28    4.10    7.87   32.10
A-T     0.00    0.00    0.00    0.00    0.00    0.00   -0.68    0.22    3.63    2.60   14.85   35.56
G-C     0.00    0.00    0.00    0.00    0.00    0.00    0.36    0.02    3.25    0.10    9.89   29.25
A-T     0.00    0.00    0.00    0.00    0.00    0.00   -0.42   -0.92    3.04   -4.78   13.69   23.49
A-T     0.00    0.00    0.00    0.00    0.00    0.00    0.96   -0.43    3.07   -6.59    2.35   36.90
T-A     0.00    0.00    0.00    0.00    0.00    0.00   -0.51   -0.99    3.37    0.20   -9.48   30.73
C-G     0.00    0.00    0.00    0.00    0.00    0.00    0.39   -0.56    3.51    3.14   -2.80   41.44
T-A     0.00    0.00    0.00    0.00    0.00    0.00   -0.86   -0.44    3.41   -6.45    4.71   31.75
G-C     0.00    0.00    0.00    0.00    0.00    0.00   -0.33    2.24    2.90    1.93  -18.21   45.00
C-G     0.00    0.00    0.00    0.00    0.00    0.00    0.29    0.53    3.03    4.92    5.97   30.28
A-T     0.00    0.00    0.00    0.00    0.00    0.00    0.21    2.62    3.51    2.06   -3.98   45.61
G-C     0.00    0.00    0.00    0.00    0.00    0.00    0.35    0.89    2.87   -6.12    9.19   29.19
G-C     0.00    0.00    0.00    0.00    0.00    0.00   -0.39   -0.43    3.58   -0.85   17.12   32.19
T-A     0.00    0.00    0.00    0.00    0.00    0.00   -0.56   -0.61    3.28   -2.31    5.14   32.28
G-C     0.00    0.00    0.00    0.00    0.00    0.00    0.08   -0.04    3.43    2.30    8.82   32.94
G-C     0.00    0.00    0.00    0.00    0.00    0.00    0.62    0.39    3.16    0.64    6.35   28.85
A-T     0.00    0.00    0.00    0.00    0.00    0.00   -0.55   -0.34    3.22   -3.91    3.95   40.10
T-A     0.00    0.00    0.00    0.00    0.00    0.00   -0.13   -0.78    3.28   -1.50   -3.02   30.45
A-T     0.00    0.00    0.00    0.00    0.00    0.00   -0.17   -0.05    3.70    1.38   -2.82   41.37
T-A     0.00    0.00    0.00    0.00    0.00    0.00   -0.53   -0.75    2.99   -5.35   -4.97   30.07
T-A     0.00    0.00    0.00    0.00    0.00    0.00    0.64    0.10    3.32    4.47    2.12   35.89
G-C     0.00    0.00    0.00    0.00    0.00    0.00   -0.20    0.04    3.42    4.94    4.24   37.85
A-T     0.00    0.00    0.00    0.00    0.00    0.00   -0.09    0.05    3.30   -3.48    7.53   30.53
T-A     0.00    0.00    0.00    0.00    0.00    0.00    0.84   -0.83    3.14   -1.73   -0.86   36.34
