 146 base-pairs
   0  ***local base-pair & step parameters***
       Shear  Stretch  Stagger Buckle Prop-Tw Opening   Shift  Slide    Rise    Tilt    Roll   Twist
A-T     0.00    0.00    0.00    0.00    0.00    0.00    0.00    0.00    0.00    0.00    0.00    0.00
T-A     0.00    0.00    0.00    0.00    0.00    0.00   -1.21   -0.76    3.31   -3.89   -0.04   31.35
C-G     0.00    0.00    0.00    0.00    0.00    0.00    0.76   -0.14    2.95    5.12    2.95   36.91
A-T     0.00    0.00    0.00    0.00    0.00    0.00   -0.31    0.69    3.54   -3.79    2.94   35.37
A-T     0.00    0.00    0.00    0.00    0.00    0.00   -0.36    0.20    3.23   -3.54   -0.42   38.34
T-A     0.00    0.00    0.00    0.00    0.00    0.00    0.67   -0.67    2.95    7.61   -1.38   32.98
A-T     0.00    0.00    0.00    0.00    0.00    0.00   -0.04   -0.07    3.59   -5.19   -2.13   40.57
T-A     0.00    0.00    0.00    0.00    0.00    0.00   -0.33   -1.08    3.24    5.41   -2.03   34.16
C-G     0.00    0.00    0.00    0.00    0.00    0.00    0.96    0.05    3.42    1.25   -1.73   33.43
C-G     0.00    0.00    0.00    0.00    0.00    0.00   -0.17   -0.02    3.14   -0.91    9.03   27.10
A-T     0.00    0.00    0.00    0.00    0.00    0.00   -0.95    0.64    3.40   -1.16    6.58   32.26
C-G     0.00    0.00    0.00    0.00    0.00    0.00    0.47   -0.93    3.30   -1.32    7.25   33.74
C-G     0.00    0.00    0.00    0.00    0.00    0.00    0.38   -0.18    3.42    1.30   12.94   30.87
T-A     0.00    0.00    0.00    0.00    0.00    0.00   -1.25    0.21    3.59   -6.22    6.53   32.08
G-C     0.00    0.00    0.00    0.00    0.00    0.00    0.62    1.16    3.26    4.93   -7.83   40.01
C-G     0.00    0.00    0.00    0.00    0.00    0.00   -0.05    0.18    3.46   -6.79    5.33   37.85
A-T     0.00    0.00    0.00    0.00    0.00    0.00    0.08    1.74    3.00    2.96  -20.37   41.29
G-C     0.00    0.00    0.00    0.00    0.00    0.00    0.33    0.06    3.52    2.74    2.34   36.46
A-T     0.00    0.00    0.00    0.00    0.00    0.00   -0.15   -0.94    3.28    1.00   -6.64   36.46
T-A     0.00    0.00    0.00    0.00    0.00    0.00    0.31    0.15    3.02    3.07   -6.37   36.65
T-A     0.00    0.00    0.00    0.00    0.00    0.00    0.21   -1.33    3.37    3.68    4.18   29.42
C-G     0.00    0.00    0.00    0.00    0.00    0.00   -0.27   -0.26    2.68    3.62   10.84   27.05
T-A     0.00    0.00    0.00    0.00    0.00    0.00   -0.38   -0.42    3.81    0.77   12.51   28.77
A-T     0.00    0.00    0.00    0.00    0.00    0.00    1.74    0.72    3.72    1.99   21.57   33.98
C-G     0.00    0.00    0.00    0.00    0.00    0.00   -1.22   -0.21    2.95  -11.90    2.47   30.83
C-G     0.00    0.00    0.00    0.00    0.00    0.00    0.78   -0.19    2.69   14.21    7.50   29.44
A-T     0.00    0.00    0.00    0.00    0.00    0.00    0.08    2.72    3.13   -4.62  -14.07   41.89
A-T     0.00    0.00    0.00    0.00    0.00    0.00    0.42    0.41    3.60    3.61    4.17   38.99
A-T     0.00    0.00    0.00    0.00    0.00    0.00    0.33   -0.32    3.34   -1.50   -8.63   40.49
A-T     0.00    0.00    0.00    0.00    0.00    0.00   -0.11   -0.49    3.31   -1.93    2.33   31.83
G-C     0.00    0.00    0.00    0.00    0.00    0.00    0.36   -0.50    3.52    1.17   -1.21   36.64
T-A     0.00    0.00    0.00    0.00    0.00    0.00   -0.25   -0.69    2.96    4.20   -1.03   27.71
G-C     0.00    0.00    0.00    0.00    0.00    0.00    1.16    0.12    3.81    2.54   14.57   34.21
T-A     0.00    0.00    0.00    0.00    0.00    0.00   -1.60   -0.64    2.88   -2.92   16.11   24.10
A-T     0.00    0.00    0.00    0.00    0.00    0.00    0.14   -0.68    3.83   -4.58    0.08   42.46
T-A     0.00    0.00    0.00    0.00    0.00    0.00    0.51   -1.03    3.41    1.94    1.56   31.34
T-A     0.00    0.00    0.00    0.00    0.00    0.00    0.39   -0.22    2.99    3.25   -7.20   39.01
T-A     0.00    0.00    0.00    0.00    0.00    0.00   -0.08   -0.31    3.54   -7.20    5.58   31.64
G-C     0.00    0.00    0.00    0.00    0.00    0.00   -1.06    2.25    3.21    1.05  -21.12   47.61
G-C     0.00    0.00    0.00    0.00    0.00    0.00    0.91    0.94    3.48    6.79    4.69   29.66
A-T     0.00    0.00    0.00    0.00    0.00    0.00   -1.22    0.94    3.05  -11.49   -0.08   36.68
A-T     0.00    0.00    0.00    0.00    0.00    0.00    0.58   -0.21    3.20   -1.00    4.76   33.69
A-T     0.00    0.00    0.00    0.00    0.00    0.00   -0.15   -0.07    3.56   -2.40   15.94   31.60
C-G     0.00    0.00    0.00    0.00    0.00    0.00    0.09   -0.43    2.95    3.65   -1.90   33.37
T-A     0.00    0.00    0.00    0.00    0.00    0.00    1.06   -0.21    3.33    1.62   11.54   33.43
G-C     0.00    0.00    0.00    0.00    0.00    0.00   -1.41    0.39    3.65   -5.32    9.38   36.77
C-G     0.00    0.00    0.00    0.00    0.00    0.00    0.74    1.09    3.56    0.22  -11.86   46.51
T-A     0.00    0.00    0.00    0.00    0.00    0.00   -1.20   -0.05    2.74   -0.40    0.02   31.14
C-G     0.00    0.00    0.00    0.00    0.00    0.00    1.52    1.73    3.23    7.43   -9.96   42.99
C-G     0.00    0.00    0.00    0.00    0.00    0.00   -1.16    0.35    3.50   -4.82    5.39   36.17
A-T     0.00    0.00    0.00    0.00    0.00    0.00    0.46    0.99    3.40   -4.14   -5.28   41.36
T-A     0.00    0.00    0.00    0.00    0.00    0.00    0.89   -0.40    2.89    6.46    0.56   28.99
C-G     0.00    0.00    0.00    0.00    0.00    0.00    0.41   -0.08    3.47    3.39   11.20   32.94
A-T     0.00    0.00    0.00    0.00    0.00    0.00   -0.48    0.34    4.14    3.47   19.73   34.83
A-T     0.00    0.00    0.00    0.00    0.00    0.00    0.32    0.54    3.09   -4.32    6.43   43.07
A-T     0.00    0.00    0.00    0.00    0.00    0.00   -0.92    0.38    3.05   -4.46   -6.02   35.31
A-T     0.00    0.00    0.00    0.00    0.00    0.00    0.01   -0.88    3.50   -3.88   -0.35   35.09
G-C     0.00    0.00    0.00    0.00    0.00    0.00   -0.14    1.07    3.61   -2.83   -5.71   40.43
G-C     0.00    0.00    0.00    0.00    0.00    0.00   -1.00    0.14    3.18   -6.89  -28.00   30.74
C-G     0.00    0.00    0.00    0.00    0.00    0.00    1.21   -0.06    4.59    0.10  -20.84   38.70
A-T     0.00    0.00    0.00    0.00    0.00    0.00   -0.20    0.79    3.28   15.14    6.13   42.56
T-A     0.00    0.00    0.00    0.00    0.00    0.00    0.54   -0.55    3.32   -2.57   15.80   21.86
G-C     0.00    0.00    0.00    0.00    0.00    0.00    0.14    1.36    4.05   -0.63    8.95   40.96
T-A     0.00    0.00    0.00    0.00    0.00    0.00   -0.82   -0.67    3.36   -2.06    8.87   26.98
T-A     0.00    0.00    0.00    0.00    0.00    0.00    0.14    0.06    3.02    3.78    3.43   32.33
C-G     0.00    0.00    0.00    0.00    0.00    0.00    0.76    0.59    3.28    4.43    6.49   36.81
A-T     0.00    0.00    0.00    0.00    0.00    0.00   -0.61    1.58    3.65   -1.97   -6.50   44.59
G-C     0.00    0.00    0.00    0.00    0.00    0.00    0.91    1.08    3.48    5.16   -1.10   32.07
C-G     0.00    0.00    0.00    0.00    0.00    0.00   -0.47    0.72    3.25   -6.59   -3.30   41.12
T-A     0.00    0.00    0.00    0.00    0.00    0.00   -0.13    0.85    3.32    3.65   -0.86   36.48
G-C     0.00    0.00    0.00    0.00    0.00    0.00    0.80    1.03    3.21    0.28    2.84   34.73
A-T     0.00    0.00    0.00    0.00    0.00    0.00   -0.67    0.05    3.36   -6.26    6.27   34.14
A-T     0.00    0.00    0.00    0.00    0.00    0.00    0.05   -0.25    3.16    2.08    4.72   33.58
T-A     0.00    0.00    0.00    0.00    0.00    0.00    0.23   -0.68    3.36   -1.02    9.60   29.15
T-A     0.00    0.00    0.00    0.00    0.00    0.00   -0.28   -0.38    3.21    3.22    8.69   33.92
C-G     0.00    0.00    0.00    0.00    0.00    0.00   -0.14    0.14    3.30    1.84    5.23   30.25
A-T     0.00    0.00    0.00    0.00    0.00    0.00   -0.60    1.77    3.43   -0.84   -1.38   42.16
G-C     0.00    0.00    0.00    0.00    0.00    0.00    1.16    0.79    3.29   -1.10   -3.83   35.88
C-G     0.00    0.00    0.00    0.00    0.00    0.00   -1.02    1.10    3.35   -3.29   -5.97   38.21
T-A     0.00    0.00    0.00    0.00    0.00    0.00    1.10    1.44    3.75    3.15   -4.22   43.52
G-C     0.00    0.00    0.00    0.00    0.00    0.00   -0.94    0.80    2.99   -3.02    5.57   33.73
A-T     0.00    0.00    0.00    0.00    0.00    0.00   -0.41    0.14    3.37   -1.50    3.67   33.35
A-T     0.00    0.00    0.00    0.00    0.00    0.00    0.54    0.17    3.30    2.54    9.23   33.54
C-G     0.00    0.00    0.00    0.00    0.00    0.00    0.35   -0.46    3.25   -0.10    6.21   30.28
A-T     0.00    0.00    0.00    0.00    0.00    0.00   -0.56    0.56    3.67   -0.05   12.47   35.40
T-A     0.00    0.00    0.00    0.00    0.00    0.00    0.05   -0.56    3.14    1.13   -0.40   28.01
G-C     0.00    0.00    0.00    0.00    0.00    0.00    0.89    0.36    3.45   -0.11    7.62   36.00
C-G     0.00    0.00    0.00    0.00    0.00    0.00   -1.35    0.49    3.31   -1.70  -15.17   37.61
C-G     0.00    0.00    0.00    0.00    0.00    0.00    0.75    1.60    3.99    1.64   -6.92   45.79
T-A     0.00    0.00    0.00    0.00    0.00    0.00   -0.33    1.46    3.35    1.30   -8.01   41.47
T-A     0.00    0.00    0.00    0.00    0.00    0.00    0.13    0.07    2.96   -3.70    4.55   31.48
T-A     0.00    0.00    0.00    0.00    0.00    0.00    0.24   -0.09    3.32    1.80    8.23   31.35
T-A     0.00    0.00    0.00    0.00    0.00    0.00    0.01    0.32    3.49    2.04   12.80   33.02
G-C     0.00    0.00    0.00    0.00    0.00    0.00    0.18   -1.05    3.80    5.14   20.60   23.49
A-T     0.00    0.00    0.00    0.00    0.00    0.00    0.08    0.00    2.89   -9.28    9.59   32.05
T-A     0.00    0.00    0.00    0.00    0.00    0.00   -0.41   -0.82    3.29   -2.63    3.90   25.77
G-C     0.00    0.00    0.00    0.00    0.00    0.00   -0.43    0.76    3.20    1.20   -2.52   38.97
G-C     0.00    0.00    0.00    0.00    0.00    0.00    1.10    0.38    3.45    7.67    1.24   33.66
A-T     0.00    0.00    0.00    0.00    0.00    0.00   -0.93    1.34    3.19   -8.71   -4.53   42.86
G-C     0.00    0.00    0.00    0.00    0.00    0.00    1.16    0.36    3.09   -0.06   -6.08   35.26
C-G     0.00    0.00    0.00    0.00    0.00    0.00   -0.73    0.18    3.47   -0.47   -2.64   35.43
A-T     0.00    0.00    0.00    0.00    0.00    0.00    0.96    0.44    3.47    4.15    2.75   36.94
G-C     0.00    0.00    0.00    0.00    0.00    0.00   -1.24   -0.26    3.71   -3.96    9.24   36.68
T-A     0.00    0.00    0.00    0.00    0.00    0.00   -0.72   -0.39    3.14    0.02   13.49   29.84
T-A     0.00    0.00    0.00    0.00    0.00    0.00   -0.49   -0.19    3.19   -2.73    1.19   32.18
T-A     0.00    0.00    0.00    0.00    0.00    0.00    0.63    0.07    3.25    0.80    9.31   34.58
C-G     0.00    0.00    0.00    0.00    0.00    0.00    1.13    0.88    2.87    9.34    0.44   36.12
C-G     0.00    0.00    0.00    0.00    0.00    0.00   -1.19    1.01    3.64   -9.64    5.10   30.49
A-T     0.00    0.00    0.00    0.00    0.00    0.00    0.59    2.33    3.19    8.23  -19.97   48.10
A-T     0.00    0.00    0.00    0.00    0.00    0.00    0.24   -0.26    3.12   -2.87    5.70   31.92
A-T     0.00    0.00    0.00    0.00    0.00    0.00   -0.77   -0.45    3.63   -0.39    3.87   38.21
T-A     0.00    0.00    0.00    0.00    0.00    0.00   -0.55   -0.63    3.14    0.40   -5.76   31.09
A-T     0.00    0.00    0.00    0.00    0.00    0.00    0.29   -0.36    3.23  -11.59    3.70   38.28
C-G     0.00    0.00    0.00    0.00    0.00    0.00    0.12   -0.90    3.03    3.47    2.72   22.33
A-T     0.00    0.00    0.00    0.00    0.00    0.00    0.36   -0.25    3.80    5.32   12.52   41.11
C-G     0.00    0.00    0.00    0.00    0.00    0.00    0.59   -0.40    3.37   -2.00    8.67   35.49
T-A     0.00    0.00    0.00    0.00    0.00    0.00   -0.64   -0.23    3.21    1.32    5.08   33.97
T-A     0.00    0.00    0.00    0.00    0.00    0.00   -0.02   -0.11    3.55   -5.33   -5.11   34.21
T-A     0.00    0.00    0.00    0.00    0.00    0.00   -0.53   -0.24    2.98    3.19    0.58   33.65
T-A     0.00    0.00    0.00    0.00    0.00    0.00   -0.28    0.39    3.52   -2.62   -5.51   40.84
G-C     0.00    0.00    0.00    0.00    0.00    0.00   -0.03    2.52    3.25    1.27   -2.78   41.04
G-C     0.00    0.00    0.00    0.00    0.00    0.00   -0.73    0.16    2.70  -12.95    2.17   26.24
T-A     0.00    0.00    0.00    0.00    0.00    0.00    0.53   -0.49    3.27    4.39    5.92   31.32
A-T     0.00    0.00    0.00    0.00    0.00    0.00   -0.57    0.23    3.62    3.72   13.93   35.11
G-C     0.00    0.00    0.00    0.00    0.00    0.00    0.50    0.15    3.25    0.66   11.19   29.68
A-T     0.00    0.00    0.00    0.00    0.00    0.00   -0.43   -0.83    3.06   -5.47   15.58   24.30
A-T     0.00    0.00    0.00    0.00    0.00    0.00    0.81   -0.49    3.08   -7.65    2.42   37.09
T-A     0.00    0.00    0.00    0.00    0.00    0.00   -0.60   -1.13    3.36    0.08  -11.33   30.06
C-G     0.00    0.00    0.00    0.00    0.00    0.00    0.49   -0.60    3.48    4.10   -4.24   40.71
T-A     0.00    0.00    0.00    0.00    0.00    0.00   -0.72   -0.33    3.39   -5.61    5.51   31.86
G-C     0.00    0.00    0.00    0.00    0.00    0.00   -0.32    2.35    2.92    1.61  -16.16   45.82
C-G     0.00    0.00    0.00    0.00    0.00    0.00    0.15    0.51    3.06    3.86    6.66   30.81
A-T     0.00    0.00    0.00    0.00    0.00    0.00    0.10    2.49    3.51    1.58   -5.52   45.19
G-C     0.00    0.00    0.00    0.00    0.00    0.00    0.42    0.82    2.84   -5.44    7.35   28.31
G-C     0.00    0.00    0.00    0.00    0.00    0.00   -0.23   -0.35    3.56    0.13   17.32   31.94
T-A     0.00    0.00    0.00    0.00    0.00    0.00   -0.53   -0.48    3.28   -2.25    7.13   32.97
G-C     0.00    0.00    0.00    0.00    0.00    0.00   -0.06   -0.02    3.47    1.38   10.08   33.73
G-C     0.00    0.00    0.00    0.00    0.00    0.00    0.50    0.28    3.18   -0.11    5.29   28.77
A-T     0.00    0.00    0.00    0.00    0.00    0.00   -0.50   -0.44    3.19   -3.57    1.92   39.24
T-A     0.00    0.00    0.00    0.00    0.00    0.00    0.03   -0.74    3.24   -0.52   -3.46   29.86
A-T     0.00    0.00    0.00    0.00    0.00    0.00   -0.10    0.08    3.70    1.78   -1.10   41.79
T-A     0.00    0.00    0.00    0.00    0.00    0.00   -0.66   -0.70    3.03   -6.00   -3.27   30.99
T-A     0.00    0.00    0.00    0.00    0.00    0.00    0.49    0.02    3.36    3.59    1.66   36.19
G-C     0.00    0.00    0.00    0.00    0.00    0.00   -0.18   -0.08    3.41    4.91    2.22   37.14
A-T     0.00    0.00    0.00    0.00    0.00    0.00    0.08    0.04    3.25   -2.65    6.52   29.68
T-A     0.00    0.00    0.00    0.00    0.00    0.00    0.94   -0.72    3.12   -1.08    0.40   36.40
