 146 base-pairs
   0  ***local base-pair & step parameters***
       Shear  Stretch  Stagger Buckle Prop-Tw Opening   Shift  Slide    Rise    Tilt    Roll   Twist
A-T     0.00    0.00    0.00    0.00    0.00    0.00    0.00    0.00    0.00    0.00    0.00    0.00
T-A     0.00    0.00    0.00    0.00    0.00    0.00   -1.15   -0.58    3.31   -3.67   -0.33   31.34
C-G     0.00    0.00    0.00    0.00    0.00    0.00    0.94   -0.13    2.94    4.71    3.62   36.56
A-T     0.00    0.00    0.00    0.00    0.00    0.00   -0.25    0.51    3.53   -4.45    3.83   35.09
A-T     0.00    0.00    0.00    0.00    0.00    0.00   -0.50    0.00    3.24   -3.68   -0.54   38.45
T-A     0.00    0.00    0.00    0.00    0.00    0.00    0.52   -0.67    2.97    8.23   -2.54   33.32
A-T     0.00    0.00    0.00    0.00    0.00    0.00    0.00    0.15    3.59   -4.47   -2.94   40.75
T-A     0.00    0.00    0.00    0.00    0.00    0.00   -0.17   -0.87    3.21    5.38   -1.36   34.00
C-G     0.00    0.00    0.00    0.00    0.00    0.00    1.04    0.02    3.40    0.43   -0.27   33.14
C-G     0.00    0.00    0.00    0.00    0.00    0.00   -0.29   -0.27    3.16   -1.59    9.47   27.00
A-T     0.00    0.00    0.00    0.00    0.00    0.00   -1.11    0.44    3.44   -0.89    5.33   32.43
C-G     0.00    0.00    0.00    0.00    0.00    0.00    0.49   -0.86    3.31   -0.36    5.74   33.96
C-G     0.00    0.00    0.00    0.00    0.00    0.00    0.55    0.11    3.38    1.84   13.06   30.90
T-A     0.00    0.00    0.00    0.00    0.00    0.00   -1.15    0.39    3.55   -6.74    8.23   31.93
G-C     0.00    0.00    0.00    0.00    0.00    0.00    0.51    1.02    3.27    3.92   -6.56   39.85
C-G     0.00    0.00    0.00    0.00    0.00    0.00   -0.24   -0.13    3.52   -7.12    4.57   37.83
A-T     0.00    0.00    0.00    0.00    0.00    0.00    0.06    1.59    3.02    3.70  -22.30   41.40
G-C     0.00    0.00    0.00    0.00    0.00    0.00    0.50    0.25    3.48    3.70    1.57   36.57
A-T     0.00    0.00    0.00    0.00    0.00    0.00   -0.01   -0.63    3.22    1.07   -5.29   36.49
T-A     0.00    0.00    0.00    0.00    0.00    0.00    0.23    0.24    3.01    2.19   -4.50   36.60
T-A     0.00    0.00    0.00    0.00    0.00    0.00    0.00   -1.57    3.43    2.87    4.30   29.33
C-G     0.00    0.00    0.00    0.00    0.00    0.00   -0.34   -0.57    2.74    3.81    9.09   26.98
T-A     0.00    0.00    0.00    0.00    0.00    0.00   -0.21   -0.44    3.80    1.70   11.00   28.78
A-T     0.00    0.00    0.00    0.00    0.00    0.00    1.93    0.99    3.65    2.58   22.11   34.08
C-G     0.00    0.00    0.00    0.00    0.00    0.00   -1.25    0.05    2.92  -12.29    4.36   30.96
C-G     0.00    0.00    0.00    0.00    0.00    0.00    0.56   -0.22    2.72   13.33    8.45   29.45
A-T     0.00    0.00    0.00    0.00    0.00    0.00   -0.05    2.43    3.20   -4.98  -15.13   41.73
A-T     0.00    0.00    0.00    0.00    0.00    0.00    0.54    0.19    3.62    4.12    2.45   38.82
A-T     0.00    0.00    0.00    0.00    0.00    0.00    0.55   -0.23    3.28   -0.75   -8.94   40.50
A-T     0.00    0.00    0.00    0.00    0.00    0.00   -0.08   -0.21    3.25   -1.78    3.69   32.05
G-C     0.00    0.00    0.00    0.00    0.00    0.00    0.17   -0.33    3.53    0.63    0.10   36.85
T-A     0.00    0.00    0.00    0.00    0.00    0.00   -0.42   -0.81    3.02    3.64   -1.29   27.64
G-C     0.00    0.00    0.00    0.00    0.00    0.00    1.22   -0.14    3.84    2.53   13.21   33.91
T-A     0.00    0.00    0.00    0.00    0.00    0.00   -1.38   -0.76    2.85   -2.46   15.35   23.91
A-T     0.00    0.00    0.00    0.00    0.00    0.00    0.24   -0.55    3.77   -4.19    0.72   42.62
T-A     0.00    0.00    0.00    0.00    0.00    0.00    0.37   -0.79    3.40    1.89    2.65   31.69
T-A     0.00    0.00    0.00    0.00    0.00    0.00    0.18   -0.13    3.03    2.91   -7.00   39.15
T-A     0.00    0.00    0.00    0.00    0.00    0.00   -0.08   -0.45    3.58   -7.47    4.81   31.39
G-C     0.00    0.00    0.00    0.00    0.00    0.00   -0.86    2.04    3.20    1.06  -21.76   47.24
G-C     0.00    0.00    0.00    0.00    0.00    0.00    1.05    0.88    3.44    6.99    4.91   29.59
A-T     0.00    0.00    0.00    0.00    0.00    0.00   -1.31    1.06    3.03  -11.27    0.52   37.01
A-T     0.00    0.00    0.00    0.00    0.00    0.00    0.38   -0.03    3.22   -0.90    4.89   34.04
A-T     0.00    0.00    0.00    0.00    0.00    0.00   -0.20   -0.01    3.59   -2.49   15.54   31.56
C-G     0.00    0.00    0.00    0.00    0.00    0.00    0.25   -0.55    2.95    3.38   -2.12   32.98
T-A     0.00    0.00    0.00    0.00    0.00    0.00    1.22   -0.39    3.31    1.39   11.85   33.14
G-C     0.00    0.00    0.00    0.00    0.00    0.00   -1.45    0.32    3.63   -5.26    9.69   36.92
C-G     0.00    0.00    0.00    0.00    0.00    0.00    0.55    1.20    3.56    0.61  -12.13   46.92
T-A     0.00    0.00    0.00    0.00    0.00    0.00   -1.28    0.13    2.76   -0.06   -0.51   31.34
C-G     0.00    0.00    0.00    0.00    0.00    0.00    1.64    1.81    3.23    7.31   -9.91   42.76
C-G     0.00    0.00    0.00    0.00    0.00    0.00   -1.00    0.23    3.49   -5.37    6.13   35.78
A-T     0.00    0.00    0.00    0.00    0.00    0.00    0.45    0.78    3.40   -4.53   -4.79   41.27
T-A     0.00    0.00    0.00    0.00    0.00    0.00    0.73   -0.48    2.91    6.73    0.01   29.28
C-G     0.00    0.00    0.00    0.00    0.00    0.00    0.32    0.05    3.48    4.10   10.16   33.27
A-T     0.00    0.00    0.00    0.00    0.00    0.00   -0.38    0.56    4.13    3.83   19.56   34.83
A-T     0.00    0.00    0.00    0.00    0.00    0.00    0.48    0.62    3.06   -4.79    7.51   42.77
A-T     0.00    0.00    0.00    0.00    0.00    0.00   -0.92    0.21    3.05   -5.28   -4.92   35.06
A-T     0.00    0.00    0.00    0.00    0.00    0.00   -0.15   -1.13    3.53   -4.10   -0.69   35.17
G-C     0.00    0.00    0.00    0.00    0.00    0.00   -0.25    1.02    3.63   -2.13   -7.22   40.71
G-C     0.00    0.00    0.00    0.00    0.00    0.00   -0.91    0.35    3.16   -6.04  -28.85   30.90
C-G     0.00    0.00    0.00    0.00    0.00    0.00    1.39    0.20    4.54    0.10  -19.88   38.60
A-T     0.00    0.00    0.00    0.00    0.00    0.00   -0.17    0.80    3.27   14.26    7.83   42.34
T-A     0.00    0.00    0.00    0.00    0.00    0.00    0.38   -0.81    3.35   -3.34   16.17   21.76
G-C     0.00    0.00    0.00    0.00    0.00    0.00    0.00    1.11    4.09   -0.38    7.44   41.06
T-A     0.00    0.00    0.00    0.00    0.00    0.00   -0.75   -0.63    3.36   -1.06    7.26   27.14
T-A     0.00    0.00    0.00    0.00    0.00    0.00    0.34    0.36    2.97    4.37    3.70   32.39
C-G     0.00    0.00    0.00    0.00    0.00    0.00    0.82    0.82    3.24    3.93    8.36   36.74
A-T     0.00    0.00    0.00    0.00    0.00    0.00   -0.76    1.47    3.67   -3.00   -5.27   44.49
G-C     0.00    0.00    0.00    0.00    0.00    0.00    0.74    0.76    3.54    4.81   -2.02   32.01
C-G     0.00    0.00    0.00    0.00    0.00    0.00   -0.44    0.55    3.28   -5.88   -5.27   41.13
T-A     0.00    0.00    0.00    0.00    0.00    0.00    0.08    1.01    3.28    4.58   -1.51   36.55
G-C     0.00    0.00    0.00    0.00    0.00    0.00    0.92    1.35    3.15    0.37    4.29   34.82
A-T     0.00    0.00    0.00    0.00    0.00    0.00   -0.80    0.17    3.35   -7.07    8.04   34.18
A-T     0.00    0.00    0.00    0.00    0.00    0.00   -0.16   -0.46    3.22    1.31    4.71   33.50
T-A     0.00    0.00    0.00    0.00    0.00    0.00    0.20   -0.99    3.41   -0.89    7.88   28.99
T-A     0.00    0.00    0.00    0.00    0.00    0.00   -0.08   -0.44    3.19    4.04    7.37   33.85
C-G     0.00    0.00    0.00    0.00    0.00    0.00    0.03    0.38    3.23    2.39    5.85   30.38
A-T     0.00    0.00    0.00    0.00    0.00    0.00   -0.68    2.04    3.39   -1.14    0.34   42.38
G-C     0.00    0.00    0.00    0.00    0.00    0.00    0.93    0.79    3.33   -1.83   -3.10   35.94
C-G     0.00    0.00    0.00    0.00    0.00    0.00   -1.11    0.85    3.42   -3.62   -7.00   38.02
T-A     0.00    0.00    0.00    0.00    0.00    0.00    1.26    1.21    3.76    3.52   -5.65   43.27
G-C     0.00    0.00    0.00    0.00    0.00    0.00   -0.73    0.84    2.94   -2.43    5.44   33.72
A-T     0.00    0.00    0.00    0.00    0.00    0.00   -0.42    0.38    3.32   -1.33    4.85   33.62
A-T     0.00    0.00    0.00    0.00    0.00    0.00    0.33    0.35    3.31    2.20   10.19   33.81
C-G     0.00    0.00    0.00    0.00    0.00    0.00    0.20   -0.52    3.30   -0.52    5.86   30.22
A-T     0.00    0.00    0.00    0.00    0.00    0.00   -0.46    0.33    3.70   -0.14   11.43   35.05
T-A     0.00    0.00    0.00    0.00    0.00    0.00    0.26   -0.70    3.11    1.37   -0.80   27.77
G-C     0.00    0.00    0.00    0.00    0.00    0.00    0.95    0.43    3.40    0.18    8.20   36.16
C-G     0.00    0.00    0.00    0.00    0.00    0.00   -1.52    0.69    3.30   -1.60  -14.50   38.00
C-G     0.00    0.00    0.00    0.00    0.00    0.00    0.58    1.73    4.02    1.53   -6.99   45.97
T-A     0.00    0.00    0.00    0.00    0.00    0.00   -0.28    1.39    3.38    1.08   -8.55   41.21
T-A     0.00    0.00    0.00    0.00    0.00    0.00    0.33   -0.11    2.95   -3.89    4.37   31.08
T-A     0.00    0.00    0.00    0.00    0.00    0.00    0.33   -0.21    3.28    1.79    8.58   31.27
T-A     0.00    0.00    0.00    0.00    0.00    0.00   -0.12    0.38    3.48    2.28   13.03   33.36
G-C     0.00    0.00    0.00    0.00    0.00    0.00    0.01   -0.87    3.82    5.46   20.30   23.85
A-T     0.00    0.00    0.00    0.00    0.00    0.00    0.08    0.12    2.91   -9.21    9.22   32.02
T-A     0.00    0.00    0.00    0.00    0.00    0.00   -0.24   -0.87    3.28   -2.98    4.13   25.39
G-C     0.00    0.00    0.00    0.00    0.00    0.00   -0.31    0.58    3.18    0.75   -1.90   38.68
G-C     0.00    0.00    0.00    0.00    0.00    0.00    1.01    0.25    3.45    7.63    1.35   33.79
A-T     0.00    0.00    0.00    0.00    0.00    0.00   -1.10    1.39    3.21   -8.20   -5.27   43.24
G-C     0.00    0.00    0.00    0.00    0.00    0.00    1.14    0.56    3.10    0.49   -6.78   35.45
C-G     0.00    0.00    0.00    0.00    0.00    0.00   -0.58    0.32    3.45   -0.55   -2.28   35.23
A-T     0.00    0.00    0.00    0.00    0.00    0.00    1.08    0.36    3.45    3.45    3.89   36.59
G-C     0.00    0.00    0.00    0.00    0.00    0.00   -1.31   -0.49    3.72   -4.52    9.73   36.58
T-A     0.00    0.00    0.00    0.00    0.00    0.00   -0.89   -0.54    3.16    0.29   12.57   30.08
T-A     0.00    0.00    0.00    0.00    0.00    0.00   -0.54   -0.08    3.19   -1.87   -0.13   32.47
T-A     0.00    0.00    0.00    0.00    0.00    0.00    0.77    0.33    3.22    1.26    9.27   34.60
C-G     0.00    0.00    0.00    0.00    0.00    0.00    1.27    1.01    2.84    8.83    1.88   35.89
C-G     0.00    0.00    0.00    0.00    0.00    0.00   -1.24    0.85    3.65  -10.58    6.32   30.28
A-T     0.00    0.00    0.00    0.00    0.00    0.00    0.41    2.04    3.24    7.95  -20.53   48.13
A-T     0.00    0.00    0.00    0.00    0.00    0.00    0.18   -0.36    3.15   -2.13    3.93   32.12
A-T     0.00    0.00    0.00    0.00    0.00    0.00   -0.63   -0.25    3.60    0.54    3.03   38.34
T-A     0.00    0.00    0.00    0.00    0.00    0.00   -0.38   -0.34    3.09    0.44   -4.57   31.05
A-T     0.00    0.00    0.00    0.00    0.00    0.00    0.26   -0.30    3.21  -12.50    5.53   38.14
C-G     0.00    0.00    0.00    0.00    0.00    0.00   -0.07   -1.16    3.08    2.66    2.98   22.24
A-T     0.00    0.00    0.00    0.00    0.00    0.00    0.25   -0.53    3.85    5.55   10.84   41.13
C-G     0.00    0.00    0.00    0.00    0.00    0.00    0.71   -0.39    3.36   -1.00    7.06   35.57
T-A     0.00    0.00    0.00    0.00    0.00    0.00   -0.44    0.06    3.14    1.93    5.50   34.05
T-A     0.00    0.00    0.00    0.00    0.00    0.00    0.00    0.15    3.51   -5.80   -3.17   34.24
T-A     0.00    0.00    0.00    0.00    0.00    0.00   -0.72   -0.31    3.01    2.22    1.70   33.60
T-A     0.00    0.00    0.00    0.00    0.00    0.00   -0.44    0.08    3.58   -2.99   -6.53   40.73
G-C     0.00    0.00    0.00    0.00    0.00    0.00    0.04    2.31    3.27    1.90   -4.69   40.95
G-C     0.00    0.00    0.00    0.00    0.00    0.00   -0.51    0.28    2.65  -12.09    1.67   26.29
T-A     0.00    0.00    0.00    0.00    0.00    0.00    0.61   -0.17    3.21    4.51    7.36   31.48
A-T     0.00    0.00    0.00    0.00    0.00    0.00   -0.74    0.38    3.62    3.03   15.51   35.23
G-C     0.00    0.00    0.00    0.00    0.00    0.00    0.30   -0.02    3.31   -0.03   11.04   29.61
A-T     0.00    0.00    0.00    0.00    0.00    0.00   -0.41   -1.12    3.10   -5.40   13.98   24.07
A-T     0.00    0.00    0.00    0.00    0.00    0.00    1.03   -0.58    3.06   -6.99    1.36   36.95
T-A     0.00    0.00    0.00    0.00    0.00    0.00   -0.46   -0.94    3.30    0.56  -10.68   30.20
C-G     0.00    0.00    0.00    0.00    0.00    0.00    0.37   -0.34    3.46    3.92   -2.79   41.00
T-A     0.00    0.00    0.00    0.00    0.00    0.00   -0.94   -0.29    3.43   -6.16    5.98   31.97
G-C     0.00    0.00    0.00    0.00    0.00    0.00   -0.37    2.15    2.97    1.30  -17.09   45.60
C-G     0.00    0.00    0.00    0.00    0.00    0.00    0.33    0.29    3.06    4.05    5.60   30.48
A-T     0.00    0.00    0.00    0.00    0.00    0.00    0.28    2.47    3.46    1.98   -5.46   45.15
G-C     0.00    0.00    0.00    0.00    0.00    0.00    0.36    1.01    2.80   -5.24    8.28   28.63
G-C     0.00    0.00    0.00    0.00    0.00    0.00   -0.45   -0.17    3.57    0.00   17.87   32.26
T-A     0.00    0.00    0.00    0.00    0.00    0.00   -0.63   -0.48    3.33   -2.51    6.74   32.92
G-C     0.00    0.00    0.00    0.00    0.00    0.00    0.08   -0.20    3.49    1.21    9.43   33.35
G-C     0.00    0.00    0.00    0.00    0.00    0.00    0.69    0.11    3.16   -0.10    5.25   28.50
A-T     0.00    0.00    0.00    0.00    0.00    0.00   -0.50   -0.43    3.16   -3.40    2.38   39.40
T-A     0.00    0.00    0.00    0.00    0.00    0.00   -0.15   -0.59    3.24   -0.28   -3.25   30.27
A-T     0.00    0.00    0.00    0.00    0.00    0.00   -0.23    0.23    3.73    1.91   -1.42   41.98
T-A     0.00    0.00    0.00    0.00    0.00    0.00   -0.57   -0.69    3.04   -6.17   -3.54   30.74
T-A     0.00    0.00    0.00    0.00    0.00    0.00    0.67   -0.13    3.35    3.22    1.95   35.78
G-C     0.00    0.00    0.00    0.00    0.00    0.00   -0.14   -0.24    3.39    4.70    2.66   37.06
A-T     0.00    0.00    0.00    0.00    0.00    0.00   -0.07    0.03    3.25   -2.39    6.36   30.00
T-A     0.00    0.00    0.00    0.00    0.00    0.00    0.80   -0.56    3.13   -0.55   -0.29   36.75
