 146 base-pairs
   0  ***local base-pair & step parameters***
       Shear  Stretch  Stagger Buckle Prop-Tw Opening   Shift  Slide    Rise    Tilt    Roll   Twist
A-T     0.00    0.00    0.00    0.00    0.00    0.00    0.00    0.00    0.00    0.00    0.00    0.00
T-A     0.00    0.00    0.00    0.00    0.00    0.00   -1.11   -0.78    3.29   -3.77   -0.49   31.18
C-G     0.00    0.00    0.00    0.00    0.00    0.00    1.01   -0.16    2.92    5.24    3.14   36.68
A-T     0.00    0.00    0.00    0.00    0.00    0.00   -0.21    0.65    3.54   -3.87    3.56   35.34
A-T     0.00    0.00    0.00    0.00    0.00    0.00   -0.52    0.13    3.28   -3.61   -0.50   38.56
T-A     0.00    0.00    0.00    0.00    0.00    0.00    0.46   -0.71    3.01    7.84   -2.49   33.21
A-T     0.00    0.00    0.00    0.00    0.00    0.00   -0.05    0.00    3.60   -4.83   -3.09   40.57
T-A     0.00    0.00    0.00    0.00    0.00    0.00   -0.17   -0.94    3.17    5.43   -1.48   33.96
C-G     0.00    0.00    0.00    0.00    0.00    0.00    1.07    0.14    3.34    0.76    0.02   33.26
C-G     0.00    0.00    0.00    0.00    0.00    0.00   -0.26   -0.08    3.13   -1.46   10.11   27.13
A-T     0.00    0.00    0.00    0.00    0.00    0.00   -1.10    0.47    3.47   -1.13    5.71   32.40
C-G     0.00    0.00    0.00    0.00    0.00    0.00    0.48   -1.05    3.37   -0.68    5.33   33.80
C-G     0.00    0.00    0.00    0.00    0.00    0.00    0.53   -0.13    3.43    1.89   12.01   30.81
T-A     0.00    0.00    0.00    0.00    0.00    0.00   -1.17    0.37    3.54   -6.28    7.47   32.04
G-C     0.00    0.00    0.00    0.00    0.00    0.00    0.50    1.27    3.21    4.33   -6.22   40.07
C-G     0.00    0.00    0.00    0.00    0.00    0.00   -0.25    0.16    3.46   -7.27    5.86   37.92
A-T     0.00    0.00    0.00    0.00    0.00    0.00    0.07    1.64    3.01    3.04  -21.17   41.23
G-C     0.00    0.00    0.00    0.00    0.00    0.00    0.54   -0.02    3.53    3.16    1.47   36.29
A-T     0.00    0.00    0.00    0.00    0.00    0.00    0.03   -0.96    3.28    1.25   -6.61   36.38
T-A     0.00    0.00    0.00    0.00    0.00    0.00    0.24    0.17    3.03    2.99   -5.89   36.80
T-A     0.00    0.00    0.00    0.00    0.00    0.00   -0.04   -1.31    3.40    3.54    4.08   29.66
C-G     0.00    0.00    0.00    0.00    0.00    0.00   -0.40   -0.23    2.69    3.68   10.22   27.11
T-A     0.00    0.00    0.00    0.00    0.00    0.00   -0.25   -0.35    3.77    0.86   12.45   28.57
A-T     0.00    0.00    0.00    0.00    0.00    0.00    1.95    0.77    3.66    1.80   22.60   33.73
C-G     0.00    0.00    0.00    0.00    0.00    0.00   -1.18   -0.26    2.94  -12.27    3.54   30.80
C-G     0.00    0.00    0.00    0.00    0.00    0.00    0.62   -0.33    2.75   14.13    7.17   29.63
A-T     0.00    0.00    0.00    0.00    0.00    0.00   -0.05    2.62    3.21   -4.18  -15.76   42.07
A-T     0.00    0.00    0.00    0.00    0.00    0.00    0.48    0.45    3.62    4.18    2.90   38.99
A-T     0.00    0.00    0.00    0.00    0.00    0.00    0.47   -0.15    3.28   -1.43   -8.00   40.35
A-T     0.00    0.00    0.00    0.00    0.00    0.00   -0.10   -0.36    3.24   -2.51    4.24   31.75
G-C     0.00    0.00    0.00    0.00    0.00    0.00    0.21   -0.53    3.51    0.53   -0.06   36.69
T-A     0.00    0.00    0.00    0.00    0.00    0.00   -0.35   -0.84    3.00    4.17   -1.77   27.76
G-C     0.00    0.00    0.00    0.00    0.00    0.00    1.26    0.00    3.85    3.11   12.94   34.16
T-A     0.00    0.00    0.00    0.00    0.00    0.00   -1.40   -0.63    2.89   -2.39   15.39   24.02
A-T     0.00    0.00    0.00    0.00    0.00    0.00    0.18   -0.59    3.81   -4.58    0.77   42.51
T-A     0.00    0.00    0.00    0.00    0.00    0.00    0.32   -0.94    3.41    1.53    2.50   31.51
T-A     0.00    0.00    0.00    0.00    0.00    0.00    0.18   -0.20    2.99    2.96   -7.12   39.11
T-A     0.00    0.00    0.00    0.00    0.00    0.00   -0.05   -0.33    3.52   -7.14    5.10   31.51
G-C     0.00    0.00    0.00    0.00    0.00    0.00   -0.83    2.23    3.17    1.19  -21.12   47.37
G-C     0.00    0.00    0.00    0.00    0.00    0.00    1.06    0.91    3.47    6.75    5.29   29.56
A-T     0.00    0.00    0.00    0.00    0.00    0.00   -1.32    0.87    3.09  -11.59    0.11   36.85
A-T     0.00    0.00    0.00    0.00    0.00    0.00    0.36   -0.27    3.27   -0.85    3.84   33.95
A-T     0.00    0.00    0.00    0.00    0.00    0.00   -0.22   -0.03    3.58   -2.03   14.78   31.67
C-G     0.00    0.00    0.00    0.00    0.00    0.00    0.24   -0.30    2.89    3.79   -1.78   33.20
T-A     0.00    0.00    0.00    0.00    0.00    0.00    1.21   -0.10    3.25    1.24   13.14   33.23
G-C     0.00    0.00    0.00    0.00    0.00    0.00   -1.44    0.37    3.62   -5.92   10.82   36.75
C-G     0.00    0.00    0.00    0.00    0.00    0.00    0.59    0.93    3.61    0.07  -12.23   46.64
T-A     0.00    0.00    0.00    0.00    0.00    0.00   -1.24   -0.20    2.82    0.12   -1.83   31.23
C-G     0.00    0.00    0.00    0.00    0.00    0.00    1.65    1.74    3.25    8.11  -11.30   42.96
C-G     0.00    0.00    0.00    0.00    0.00    0.00   -1.04    0.49    3.46   -4.70    5.91   36.11
A-T     0.00    0.00    0.00    0.00    0.00    0.00    0.39    1.12    3.35   -4.66   -3.66   41.40
T-A     0.00    0.00    0.00    0.00    0.00    0.00    0.69   -0.39    2.88    5.89    1.46   29.07
C-G     0.00    0.00    0.00    0.00    0.00    0.00    0.34   -0.17    3.49    3.32   10.65   32.92
A-T     0.00    0.00    0.00    0.00    0.00    0.00   -0.31    0.25    4.15    3.85   18.74   34.67
A-T     0.00    0.00    0.00    0.00    0.00    0.00    0.54    0.51    3.09   -3.99    6.23   42.95
A-T     0.00    0.00    0.00    0.00    0.00    0.00   -0.92    0.40    3.06   -4.48   -5.55   35.40
A-T     0.00    0.00    0.00    0.00    0.00    0.00   -0.21   -0.87    3.53   -4.04   -0.24   35.34
G-C     0.00    0.00    0.00    0.00    0.00    0.00   -0.33    1.10    3.63   -2.81   -6.28   40.56
G-C     0.00    0.00    0.00    0.00    0.00    0.00   -0.93    0.20    3.15   -6.77  -28.30   30.60
C-G     0.00    0.00    0.00    0.00    0.00    0.00    1.43    0.00    4.52    0.00  -20.04   38.44
A-T     0.00    0.00    0.00    0.00    0.00    0.00   -0.10    0.77    3.25   14.79    7.35   42.46
T-A     0.00    0.00    0.00    0.00    0.00    0.00    0.42   -0.67    3.36   -2.76   15.90   22.01
G-C     0.00    0.00    0.00    0.00    0.00    0.00   -0.02    1.24    4.13   -0.31    7.48   41.17
T-A     0.00    0.00    0.00    0.00    0.00    0.00   -0.81   -0.67    3.40   -1.45    7.31   27.03
T-A     0.00    0.00    0.00    0.00    0.00    0.00    0.29    0.21    2.98    4.01    3.55   32.21
C-G     0.00    0.00    0.00    0.00    0.00    0.00    0.82    0.75    3.20    3.98    8.24   36.70
A-T     0.00    0.00    0.00    0.00    0.00    0.00   -0.73    1.59    3.61   -2.67   -4.98   44.61
G-C     0.00    0.00    0.00    0.00    0.00    0.00    0.77    0.95    3.51    4.94   -1.38   32.14
C-G     0.00    0.00    0.00    0.00    0.00    0.00   -0.43    0.58    3.31   -6.12   -4.89   41.10
T-A     0.00    0.00    0.00    0.00    0.00    0.00    0.07    0.82    3.34    4.26   -1.92   36.39
G-C     0.00    0.00    0.00    0.00    0.00    0.00    0.90    1.11    3.20    0.42    3.24   34.73
A-T     0.00    0.00    0.00    0.00    0.00    0.00   -0.82    0.15    3.34   -6.61    7.28   34.29
A-T     0.00    0.00    0.00    0.00    0.00    0.00   -0.17   -0.21    3.16    1.72    5.05   33.72
T-A     0.00    0.00    0.00    0.00    0.00    0.00    0.19   -0.70    3.35   -1.04    9.17   29.08
T-A     0.00    0.00    0.00    0.00    0.00    0.00   -0.07   -0.39    3.18    3.38    8.50   33.68
C-G     0.00    0.00    0.00    0.00    0.00    0.00    0.07    0.11    3.28    1.85    5.75   30.10
A-T     0.00    0.00    0.00    0.00    0.00    0.00   -0.64    1.71    3.45   -0.96   -0.98   42.27
G-C     0.00    0.00    0.00    0.00    0.00    0.00    0.94    0.72    3.35   -1.03   -4.49   36.14
C-G     0.00    0.00    0.00    0.00    0.00    0.00   -1.15    1.11    3.39   -2.95   -7.22   38.35
T-A     0.00    0.00    0.00    0.00    0.00    0.00    1.20    1.55    3.71    3.39   -4.52   43.40
G-C     0.00    0.00    0.00    0.00    0.00    0.00   -0.77    0.93    2.91   -3.27    6.89   33.51
A-T     0.00    0.00    0.00    0.00    0.00    0.00   -0.40    0.16    3.33   -2.11    5.34   33.27
A-T     0.00    0.00    0.00    0.00    0.00    0.00    0.40    0.04    3.33    2.22    9.37   33.65
C-G     0.00    0.00    0.00    0.00    0.00    0.00    0.26   -0.63    3.33    0.28    4.58   30.40
A-T     0.00    0.00    0.00    0.00    0.00    0.00   -0.46    0.52    3.71    0.66   10.80   35.39
T-A     0.00    0.00    0.00    0.00    0.00    0.00    0.20   -0.44    3.11    1.43   -0.35   27.94
G-C     0.00    0.00    0.00    0.00    0.00    0.00    0.87    0.51    3.40   -0.50    9.14   36.01
C-G     0.00    0.00    0.00    0.00    0.00    0.00   -1.54    0.54    3.29   -2.33  -13.95   37.70
C-G     0.00    0.00    0.00    0.00    0.00    0.00    0.62    1.53    4.00    1.43   -7.15   45.81
T-A     0.00    0.00    0.00    0.00    0.00    0.00   -0.21    1.36    3.36    1.61   -9.03   41.33
T-A     0.00    0.00    0.00    0.00    0.00    0.00    0.37    0.03    2.96   -3.31    4.10   31.33
T-A     0.00    0.00    0.00    0.00    0.00    0.00    0.31   -0.08    3.32    1.86    8.62   31.38
T-A     0.00    0.00    0.00    0.00    0.00    0.00   -0.18    0.34    3.52    1.89   13.08   33.25
G-C     0.00    0.00    0.00    0.00    0.00    0.00   -0.04   -1.02    3.83    5.10   20.15   23.67
A-T     0.00    0.00    0.00    0.00    0.00    0.00    0.08    0.05    2.87   -9.16    9.10   31.98
T-A     0.00    0.00    0.00    0.00    0.00    0.00   -0.21   -0.75    3.22   -2.65    4.42   25.51
G-C     0.00    0.00    0.00    0.00    0.00    0.00   -0.28    0.77    3.15    0.88   -1.26   38.81
G-C     0.00    0.00    0.00    0.00    0.00    0.00    1.02    0.28    3.48    7.39    1.73   33.76
A-T     0.00    0.00    0.00    0.00    0.00    0.00   -1.11    1.20    3.27   -8.52   -5.68   43.08
G-C     0.00    0.00    0.00    0.00    0.00    0.00    1.12    0.32    3.15    0.54   -7.83   35.36
C-G     0.00    0.00    0.00    0.00    0.00    0.00   -0.60    0.30    3.44   -0.09   -3.04   35.34
A-T     0.00    0.00    0.00    0.00    0.00    0.00    1.07    0.61    3.39    3.86    4.23   36.81
G-C     0.00    0.00    0.00    0.00    0.00    0.00   -1.32   -0.20    3.66   -4.67   11.02   36.67
T-A     0.00    0.00    0.00    0.00    0.00    0.00   -0.88   -0.49    3.15   -0.37   13.70   29.91
T-A     0.00    0.00    0.00    0.00    0.00    0.00   -0.50   -0.35    3.24   -2.41   -0.23   32.19
T-A     0.00    0.00    0.00    0.00    0.00    0.00    0.81    0.00    3.28    1.44    7.95   34.49
C-G     0.00    0.00    0.00    0.00    0.00    0.00    1.28    0.94    2.86    9.63    0.49   36.09
C-G     0.00    0.00    0.00    0.00    0.00    0.00   -1.28    1.11    3.62   -9.91    6.10   30.61
A-T     0.00    0.00    0.00    0.00    0.00    0.00    0.35    2.38    3.19    7.82  -19.40   48.26
A-T     0.00    0.00    0.00    0.00    0.00    0.00    0.14   -0.27    3.12   -2.97    5.38   31.91
A-T     0.00    0.00    0.00    0.00    0.00    0.00   -0.61   -0.47    3.61   -0.24    3.52   37.99
T-A     0.00    0.00    0.00    0.00    0.00    0.00   -0.31   -0.65    3.11    0.46   -5.39   30.89
A-T     0.00    0.00    0.00    0.00    0.00    0.00    0.32   -0.41    3.24  -11.70    4.25   38.32
C-G     0.00    0.00    0.00    0.00    0.00    0.00   -0.07   -0.97    3.09    3.46    2.35   22.58
A-T     0.00    0.00    0.00    0.00    0.00    0.00    0.19   -0.27    3.85    5.61   11.29   41.30
C-G     0.00    0.00    0.00    0.00    0.00    0.00    0.63   -0.31    3.36   -1.68    8.00   35.42
T-A     0.00    0.00    0.00    0.00    0.00    0.00   -0.46   -0.09    3.13    1.20    6.05   33.75
T-A     0.00    0.00    0.00    0.00    0.00    0.00    0.04   -0.05    3.49   -5.90   -3.33   34.08
T-A     0.00    0.00    0.00    0.00    0.00    0.00   -0.65   -0.34    2.99    2.75    1.22   33.72
T-A     0.00    0.00    0.00    0.00    0.00    0.00   -0.40    0.22    3.59   -2.41   -6.80   40.98
G-C     0.00    0.00    0.00    0.00    0.00    0.00    0.02    2.44    3.31    1.97   -4.65   41.06
G-C     0.00    0.00    0.00    0.00    0.00    0.00   -0.57    0.24    2.69  -12.48    1.72   26.18
T-A     0.00    0.00    0.00    0.00    0.00    0.00    0.56   -0.32    3.22    4.15    7.21   31.30
A-T     0.00    0.00    0.00    0.00    0.00    0.00   -0.74    0.31    3.58    3.08   15.39   35.19
G-C     0.00    0.00    0.00    0.00    0.00    0.00    0.33    0.10    3.25    0.30   11.33   29.73
A-T     0.00    0.00    0.00    0.00    0.00    0.00   -0.38   -0.93    3.07   -5.27   14.62   24.20
A-T     0.00    0.00    0.00    0.00    0.00    0.00    1.04   -0.55    3.09   -7.23    1.74   36.92
T-A     0.00    0.00    0.00    0.00    0.00    0.00   -0.47   -1.13    3.36    0.24  -11.09   30.04
C-G     0.00    0.00    0.00    0.00    0.00    0.00    0.35   -0.58    3.51    3.97   -3.84   40.91
T-A     0.00    0.00    0.00    0.00    0.00    0.00   -0.96   -0.31    3.42   -5.70    5.22   32.08
G-C     0.00    0.00    0.00    0.00    0.00    0.00   -0.38    2.40    2.91    1.71  -16.75   45.82
C-G     0.00    0.00    0.00    0.00    0.00    0.00    0.32    0.58    3.00    3.90    6.89   30.57
A-T     0.00    0.00    0.00    0.00    0.00    0.00    0.29    2.52    3.45    1.32   -4.33   44.98
G-C     0.00    0.00    0.00    0.00    0.00    0.00    0.40    0.74    2.85   -5.78    8.18   28.35
G-C     0.00    0.00    0.00    0.00    0.00    0.00   -0.41   -0.50    3.63    0.18   16.55   32.15
T-A     0.00    0.00    0.00    0.00    0.00    0.00   -0.62   -0.55    3.35   -1.71    5.35   33.12
G-C     0.00    0.00    0.00    0.00    0.00    0.00    0.04    0.06    3.46    1.88    9.21   33.68
G-C     0.00    0.00    0.00    0.00    0.00    0.00    0.63    0.45    3.11   -0.23    6.38   28.63
A-T     0.00    0.00    0.00    0.00    0.00    0.00   -0.54   -0.34    3.13   -4.24    3.83   39.19
T-A     0.00    0.00    0.00    0.00    0.00    0.00   -0.13   -0.81    3.25   -1.06   -2.76   29.92
A-T     0.00    0.00    0.00    0.00    0.00    0.00   -0.16   -0.08    3.75    1.93   -2.24   41.82
T-A     0.00    0.00    0.00    0.00    0.00    0.00   -0.51   -0.80    3.07   -5.37   -4.82   30.92
T-A     0.00    0.00    0.00    0.00    0.00    0.00    0.67    0.06    3.36    4.02    1.32   36.12
G-C     0.00    0.00    0.00    0.00    0.00    0.00   -0.20    0.02    3.39    4.76    3.11   37.23
A-T     0.00    0.00    0.00    0.00    0.00    0.00   -0.15    0.11    3.25   -3.07    7.30   29.85
T-A     0.00    0.00    0.00    0.00    0.00    0.00    0.78   -0.71    3.12   -1.28    0.26   36.45
