 146 base-pairs
   0  ***local base-pair & step parameters***
       Shear  Stretch  Stagger Buckle Prop-Tw Opening   Shift  Slide    Rise    Tilt    Roll   Twist
A-T     0.00    0.00    0.00    0.00    0.00    0.00    0.00    0.00    0.00    0.00    0.00    0.00
T-A     0.00    0.00    0.00    0.00    0.00    0.00   -1.12   -0.97    3.32   -3.53   -2.18   31.33
C-G     0.00    0.00    0.00    0.00    0.00    0.00    1.05   -0.18    2.94    5.90    2.63   36.84
A-T     0.00    0.00    0.00    0.00    0.00    0.00   -0.14    0.81    3.54   -3.22    4.56   35.40
A-T     0.00    0.00    0.00    0.00    0.00    0.00   -0.46    0.36    3.25   -3.37    1.34   38.49
T-A     0.00    0.00    0.00    0.00    0.00    0.00    0.48   -0.56    2.98    7.53   -1.05   33.05
A-T     0.00    0.00    0.00    0.00    0.00    0.00   -0.10   -0.03    3.58   -5.47   -2.99   40.44
T-A     0.00    0.00    0.00    0.00    0.00    0.00   -0.25   -1.12    3.18    4.86   -2.77   33.94
C-G     0.00    0.00    0.00    0.00    0.00    0.00    1.01   -0.07    3.37    0.61   -1.80   33.37
C-G     0.00    0.00    0.00    0.00    0.00    0.00   -0.26   -0.19    3.15   -1.10    8.97   27.28
A-T     0.00    0.00    0.00    0.00    0.00    0.00   -1.04    0.53    3.47   -0.52    6.00   32.50
C-G     0.00    0.00    0.00    0.00    0.00    0.00    0.57   -0.87    3.35   -0.19    6.83   33.78
C-G     0.00    0.00    0.00    0.00    0.00    0.00    0.59    0.06    3.41    1.96   13.72   30.69
T-A     0.00    0.00    0.00    0.00    0.00    0.00   -1.18    0.43    3.53   -6.66    8.25   31.90
G-C     0.00    0.00    0.00    0.00    0.00    0.00    0.42    1.18    3.22    3.75   -6.87   40.00
C-G     0.00    0.00    0.00    0.00    0.00    0.00   -0.34   -0.02    3.48   -7.70    4.24   37.97
A-T     0.00    0.00    0.00    0.00    0.00    0.00    0.01    1.48    3.03    3.02  -22.68   41.35
G-C     0.00    0.00    0.00    0.00    0.00    0.00    0.56   -0.05    3.53    3.55    1.06   36.40
A-T     0.00    0.00    0.00    0.00    0.00    0.00    0.12   -0.85    3.27    1.79   -5.67   36.41
T-A     0.00    0.00    0.00    0.00    0.00    0.00    0.34    0.34    3.02    3.36   -4.25   36.73
T-A     0.00    0.00    0.00    0.00    0.00    0.00    0.01   -1.18    3.40    3.53    5.33   29.54
C-G     0.00    0.00    0.00    0.00    0.00    0.00   -0.44   -0.22    2.70    3.29   10.27   27.02
T-A     0.00    0.00    0.00    0.00    0.00    0.00   -0.35   -0.46    3.78    0.33   11.30   28.58
A-T     0.00    0.00    0.00    0.00    0.00    0.00    1.85    0.62    3.66    1.46   21.04   33.82
C-G     0.00    0.00    0.00    0.00    0.00    0.00   -1.21   -0.36    2.94  -12.22    2.60   30.91
C-G     0.00    0.00    0.00    0.00    0.00    0.00    0.68   -0.31    2.74   14.53    7.44   29.69
A-T     0.00    0.00    0.00    0.00    0.00    0.00    0.07    2.73    3.20   -3.67  -14.48   42.05
A-T     0.00    0.00    0.00    0.00    0.00    0.00    0.57    0.59    3.62    4.50    4.31   38.90
A-T     0.00    0.00    0.00    0.00    0.00    0.00    0.49   -0.07    3.29   -1.50   -7.38   40.26
A-T     0.00    0.00    0.00    0.00    0.00    0.00   -0.18   -0.39    3.25   -2.93    3.70   31.72
G-C     0.00    0.00    0.00    0.00    0.00    0.00    0.09   -0.63    3.51    0.01   -1.37   36.73
T-A     0.00    0.00    0.00    0.00    0.00    0.00   -0.44   -0.95    2.99    3.86   -2.98   27.84
G-C     0.00    0.00    0.00    0.00    0.00    0.00    1.27   -0.06    3.84    3.21   12.61   34.22
T-A     0.00    0.00    0.00    0.00    0.00    0.00   -1.29   -0.61    2.88   -1.94   16.12   24.03
A-T     0.00    0.00    0.00    0.00    0.00    0.00    0.31   -0.49    3.81   -4.05    2.03   42.45
T-A     0.00    0.00    0.00    0.00    0.00    0.00    0.39   -0.84    3.42    1.82    3.46   31.44
T-A     0.00    0.00    0.00    0.00    0.00    0.00    0.15   -0.15    3.01    2.82   -7.06   39.07
T-A     0.00    0.00    0.00    0.00    0.00    0.00   -0.17   -0.35    3.53   -7.64    4.25   31.53
G-C     0.00    0.00    0.00    0.00    0.00    0.00   -0.96    2.14    3.16    0.64  -22.28   47.42
G-C     0.00    0.00    0.00    0.00    0.00    0.00    1.01    0.81    3.44    6.48    4.57   29.61
A-T     0.00    0.00    0.00    0.00    0.00    0.00   -1.25    0.82    3.07  -11.39    0.26   36.87
A-T     0.00    0.00    0.00    0.00    0.00    0.00    0.50   -0.25    3.27   -0.29    4.73   33.93
A-T     0.00    0.00    0.00    0.00    0.00    0.00   -0.10    0.05    3.61   -1.45   15.79   31.63
C-G     0.00    0.00    0.00    0.00    0.00    0.00    0.26   -0.21    2.92    4.01   -1.29   33.17
T-A     0.00    0.00    0.00    0.00    0.00    0.00    1.12   -0.05    3.27    0.96   12.83   33.23
G-C     0.00    0.00    0.00    0.00    0.00    0.00   -1.59    0.35    3.61   -6.55    9.96   36.77
C-G     0.00    0.00    0.00    0.00    0.00    0.00    0.48    0.85    3.58   -0.52  -13.07   46.66
T-A     0.00    0.00    0.00    0.00    0.00    0.00   -1.23   -0.29    2.79   -0.05   -2.12   31.24
C-G     0.00    0.00    0.00    0.00    0.00    0.00    1.77    1.68    3.25    8.48  -10.91   42.95
C-G     0.00    0.00    0.00    0.00    0.00    0.00   -0.89    0.51    3.49   -4.00    6.69   36.09
A-T     0.00    0.00    0.00    0.00    0.00    0.00    0.48    1.21    3.39   -4.08   -2.99   41.39
T-A     0.00    0.00    0.00    0.00    0.00    0.00    0.66   -0.28    2.91    5.97    1.61   29.08
C-G     0.00    0.00    0.00    0.00    0.00    0.00    0.21   -0.11    3.48    2.83   10.24   32.93
A-T     0.00    0.00    0.00    0.00    0.00    0.00   -0.46    0.22    4.12    3.09   18.07   34.67
A-T     0.00    0.00    0.00    0.00    0.00    0.00    0.48    0.41    3.04   -4.54    5.71   42.94
A-T     0.00    0.00    0.00    0.00    0.00    0.00   -0.85    0.28    3.04   -4.45   -5.62   35.39
A-T     0.00    0.00    0.00    0.00    0.00    0.00   -0.06   -0.93    3.55   -3.42    0.13   35.34
G-C     0.00    0.00    0.00    0.00    0.00    0.00   -0.19    1.14    3.67   -2.00   -5.72   40.58
G-C     0.00    0.00    0.00    0.00    0.00    0.00   -0.90    0.32    3.19   -6.29  -27.89   30.63
C-G     0.00    0.00    0.00    0.00    0.00    0.00    1.34    0.13    4.53   -0.17  -20.00   38.46
A-T     0.00    0.00    0.00    0.00    0.00    0.00   -0.26    0.83    3.22   14.05    7.03   42.45
T-A     0.00    0.00    0.00    0.00    0.00    0.00    0.30   -0.73    3.31   -3.60   15.43   21.97
G-C     0.00    0.00    0.00    0.00    0.00    0.00   -0.02    1.10    4.09   -0.70    7.13   41.14
T-A     0.00    0.00    0.00    0.00    0.00    0.00   -0.69   -0.81    3.40   -1.13    7.24   27.02
T-A     0.00    0.00    0.00    0.00    0.00    0.00    0.45    0.16    3.02    4.86    3.78   32.24
C-G     0.00    0.00    0.00    0.00    0.00    0.00    0.92    0.83    3.25    4.81    8.64   36.75
A-T     0.00    0.00    0.00    0.00    0.00    0.00   -0.76    1.76    3.64   -2.42   -4.63   44.65
G-C     0.00    0.00    0.00    0.00    0.00    0.00    0.64    1.09    3.49    4.45   -1.26   32.13
C-G     0.00    0.00    0.00    0.00    0.00    0.00   -0.58    0.60    3.25   -7.06   -5.06   41.05
T-A     0.00    0.00    0.00    0.00    0.00    0.00    0.01    0.70    3.29    3.48   -2.30   36.32
G-C     0.00    0.00    0.00    0.00    0.00    0.00    0.97    0.93    3.18    0.32    2.85   34.70
A-T     0.00    0.00    0.00    0.00    0.00    0.00   -0.67    0.01    3.38   -5.95    7.09   34.32
A-T     0.00    0.00    0.00    0.00    0.00    0.00   -0.04   -0.20    3.23    2.72    5.18   33.79
T-A     0.00    0.00    0.00    0.00    0.00    0.00    0.23   -0.55    3.40   -0.36    9.58   29.15
T-A     0.00    0.00    0.00    0.00    0.00    0.00   -0.16   -0.19    3.18    3.29    8.97   33.69
C-G     0.00    0.00    0.00    0.00    0.00    0.00   -0.09    0.23    3.23    1.03    6.00   30.04
A-T     0.00    0.00    0.00    0.00    0.00    0.00   -0.75    1.67    3.39   -1.98   -1.12   42.18
G-C     0.00    0.00    0.00    0.00    0.00    0.00    0.94    0.53    3.32   -1.58   -4.99   36.07
C-G     0.00    0.00    0.00    0.00    0.00    0.00   -1.03    0.90    3.41   -2.65   -7.79   38.35
T-A     0.00    0.00    0.00    0.00    0.00    0.00    1.35    1.46    3.77    4.35   -4.81   43.48
G-C     0.00    0.00    0.00    0.00    0.00    0.00   -0.68    1.02    2.97   -2.28    7.10   33.62
A-T     0.00    0.00    0.00    0.00    0.00    0.00   -0.43    0.38    3.35   -1.73    5.96   33.33
A-T     0.00    0.00    0.00    0.00    0.00    0.00    0.27    0.25    3.30    1.73   10.04   33.61
C-G     0.00    0.00    0.00    0.00    0.00    0.00    0.12   -0.57    3.26   -0.78    4.86   30.29
A-T     0.00    0.00    0.00    0.00    0.00    0.00   -0.52    0.38    3.65   -0.26   10.48   35.28
T-A     0.00    0.00    0.00    0.00    0.00    0.00    0.25   -0.68    3.11    1.25   -1.13   27.90
G-C     0.00    0.00    0.00    0.00    0.00    0.00    1.01    0.32    3.44    0.18    8.39   36.08
C-G     0.00    0.00    0.00    0.00    0.00    0.00   -1.41    0.53    3.36   -1.22  -14.17   37.83
C-G     0.00    0.00    0.00    0.00    0.00    0.00    0.66    1.71    4.04    2.23   -6.65   45.91
T-A     0.00    0.00    0.00    0.00    0.00    0.00   -0.29    1.62    3.35    1.57   -8.10   41.34
T-A     0.00    0.00    0.00    0.00    0.00    0.00    0.23    0.19    2.90   -4.17    4.87   31.23
T-A     0.00    0.00    0.00    0.00    0.00    0.00    0.21   -0.12    3.25    0.74    8.71   31.24
T-A     0.00    0.00    0.00    0.00    0.00    0.00   -0.18    0.12    3.49    1.24   12.37   33.16
G-C     0.00    0.00    0.00    0.00    0.00    0.00    0.05   -1.29    3.85    5.36   19.07   23.70
A-T     0.00    0.00    0.00    0.00    0.00    0.00    0.21   -0.07    2.94   -8.16    8.36   32.11
T-A     0.00    0.00    0.00    0.00    0.00    0.00   -0.12   -0.65    3.28   -1.58    4.53   25.66
G-C     0.00    0.00    0.00    0.00    0.00    0.00   -0.29    1.03    3.16    1.34   -0.33   38.87
G-C     0.00    0.00    0.00    0.00    0.00    0.00    0.92    0.53    3.43    6.91    2.91   33.69
A-T     0.00    0.00    0.00    0.00    0.00    0.00   -1.23    1.27    3.20   -9.61   -5.05   42.93
G-C     0.00    0.00    0.00    0.00    0.00    0.00    1.06    0.17    3.10   -0.45   -8.19   35.22
C-G     0.00    0.00    0.00    0.00    0.00    0.00   -0.56    0.01    3.45   -0.33   -4.20   35.32
A-T     0.00    0.00    0.00    0.00    0.00    0.00    1.17    0.38    3.45    4.53    3.01   36.91
G-C     0.00    0.00    0.00    0.00    0.00    0.00   -1.21   -0.21    3.73   -3.54   10.56   36.84
T-A     0.00    0.00    0.00    0.00    0.00    0.00   -0.84   -0.29    3.19    0.48   14.34   30.02
T-A     0.00    0.00    0.00    0.00    0.00    0.00   -0.56   -0.06    3.22   -2.40    1.12   32.17
T-A     0.00    0.00    0.00    0.00    0.00    0.00    0.71    0.19    3.22    0.60    9.14   34.35
C-G     0.00    0.00    0.00    0.00    0.00    0.00    1.19    0.89    2.80    8.50    0.69   35.92
C-G     0.00    0.00    0.00    0.00    0.00    0.00   -1.29    0.86    3.61  -10.58    5.16   30.52
A-T     0.00    0.00    0.00    0.00    0.00    0.00    0.41    2.09    3.23    8.04  -20.90   48.32
A-T     0.00    0.00    0.00    0.00    0.00    0.00    0.24   -0.41    3.19   -2.02    4.32   32.08
A-T     0.00    0.00    0.00    0.00    0.00    0.00   -0.53   -0.37    3.66    0.83    3.62   38.15
T-A     0.00    0.00    0.00    0.00    0.00    0.00   -0.31   -0.37    3.11    0.94   -4.15   30.94
A-T     0.00    0.00    0.00    0.00    0.00    0.00    0.25   -0.14    3.19  -12.12    5.81   38.22
C-G     0.00    0.00    0.00    0.00    0.00    0.00   -0.16   -0.89    3.02    2.43    3.21   22.40
A-T     0.00    0.00    0.00    0.00    0.00    0.00    0.13   -0.43    3.82    4.65   10.84   41.16
C-G     0.00    0.00    0.00    0.00    0.00    0.00    0.65   -0.61    3.37   -1.95    6.51   35.42
T-A     0.00    0.00    0.00    0.00    0.00    0.00   -0.39   -0.33    3.19    1.79    4.50   33.89
T-A     0.00    0.00    0.00    0.00    0.00    0.00    0.13   -0.07    3.55   -4.84   -3.91   34.27
T-A     0.00    0.00    0.00    0.00    0.00    0.00   -0.61   -0.13    3.01    3.57    2.03   33.83
T-A     0.00    0.00    0.00    0.00    0.00    0.00   -0.42    0.52    3.56   -2.35   -5.12   40.94
G-C     0.00    0.00    0.00    0.00    0.00    0.00   -0.05    2.63    3.25    1.24   -3.21   40.90
G-C     0.00    0.00    0.00    0.00    0.00    0.00   -0.64    0.20    2.64  -13.52    1.94   26.00
T-A     0.00    0.00    0.00    0.00    0.00    0.00    0.53   -0.57    3.21    3.49    6.05   31.23
A-T     0.00    0.00    0.00    0.00    0.00    0.00   -0.71    0.02    3.62    3.22   13.61   35.27
G-C     0.00    0.00    0.00    0.00    0.00    0.00    0.40   -0.03    3.31    1.13   10.10   29.92
A-T     0.00    0.00    0.00    0.00    0.00    0.00   -0.31   -0.83    3.11   -4.29   14.78   24.36
A-T     0.00    0.00    0.00    0.00    0.00    0.00    1.07   -0.28    3.08   -6.75    3.20   36.95
T-A     0.00    0.00    0.00    0.00    0.00    0.00   -0.49   -0.87    3.31   -0.07   -9.29   29.92
C-G     0.00    0.00    0.00    0.00    0.00    0.00    0.29   -0.50    3.46    3.08   -2.90   40.72
T-A     0.00    0.00    0.00    0.00    0.00    0.00   -1.02   -0.47    3.40   -6.58    4.66   31.95
G-C     0.00    0.00    0.00    0.00    0.00    0.00   -0.41    2.12    2.94    1.40  -18.45   45.84
C-G     0.00    0.00    0.00    0.00    0.00    0.00    0.35    0.36    3.05    4.35    5.17   30.72
A-T     0.00    0.00    0.00    0.00    0.00    0.00    0.35    2.50    3.50    2.21   -4.91   45.16
G-C     0.00    0.00    0.00    0.00    0.00    0.00    0.45    0.94    2.86   -5.02    9.12   28.44
G-C     0.00    0.00    0.00    0.00    0.00    0.00   -0.39   -0.22    3.60    0.31   18.40   32.09
T-A     0.00    0.00    0.00    0.00    0.00    0.00   -0.65   -0.38    3.31   -2.27    6.87   32.95
G-C     0.00    0.00    0.00    0.00    0.00    0.00   -0.01    0.02    3.43    1.02    9.39   33.51
G-C     0.00    0.00    0.00    0.00    0.00    0.00    0.57    0.23    3.12   -0.85    5.09   28.58
A-T     0.00    0.00    0.00    0.00    0.00    0.00   -0.56   -0.60    3.17   -4.23    1.93   39.29
T-A     0.00    0.00    0.00    0.00    0.00    0.00   -0.10   -0.94    3.29   -0.44   -4.01   30.10
A-T     0.00    0.00    0.00    0.00    0.00    0.00   -0.10    0.01    3.77    2.75   -2.00   41.95
T-A     0.00    0.00    0.00    0.00    0.00    0.00   -0.45   -0.55    3.05   -4.89   -3.26   30.92
T-A     0.00    0.00    0.00    0.00    0.00    0.00    0.69    0.29    3.32    3.88    3.17   35.99
G-C     0.00    0.00    0.00    0.00    0.00    0.00   -0.23    0.09    3.36    4.11    4.01   37.05
A-T     0.00    0.00    0.00    0.00    0.00    0.00   -0.21   -0.02    3.24   -3.81    6.66   29.75
T-A     0.00    0.00    0.00    0.00    0.00    0.00    0.72   -0.95    3.14   -1.64   -1.49   36.49
