 146 base-pairs
   0  ***local base-pair & step parameters***
       Shear  Stretch  Stagger Buckle Prop-Tw Opening   Shift  Slide    Rise    Tilt    Roll   Twist
A-T     0.00    0.00    0.00    0.00    0.00    0.00    0.00    0.00    0.00    0.00    0.00    0.00
T-A     0.00    0.00    0.00    0.00    0.00    0.00   -1.17   -0.71    3.36   -2.66   -0.76   31.61
C-G     0.00    0.00    0.00    0.00    0.00    0.00    0.87   -0.03    2.93    5.91    3.89   37.22
A-T     0.00    0.00    0.00    0.00    0.00    0.00   -0.32    0.74    3.49   -4.15    4.74   35.57
A-T     0.00    0.00    0.00    0.00    0.00    0.00   -0.51    0.12    3.20   -4.64    0.24   38.31
T-A     0.00    0.00    0.00    0.00    0.00    0.00    0.58   -0.80    2.96    6.83   -2.72   32.66
A-T     0.00    0.00    0.00    0.00    0.00    0.00    0.09   -0.12    3.62   -5.05   -4.08   40.15
T-A     0.00    0.00    0.00    0.00    0.00    0.00   -0.11   -0.99    3.25    6.17   -2.47   33.98
C-G     0.00    0.00    0.00    0.00    0.00    0.00    1.01    0.19    3.42    1.89   -0.26   33.72
C-G     0.00    0.00    0.00    0.00    0.00    0.00   -0.39    0.02    3.15   -0.77   10.71   27.67
A-T     0.00    0.00    0.00    0.00    0.00    0.00   -1.20    0.56    3.41   -1.42    6.72   32.62
C-G     0.00    0.00    0.00    0.00    0.00    0.00    0.49   -1.04    3.29   -1.73    5.98   33.52
C-G     0.00    0.00    0.00    0.00    0.00    0.00    0.64   -0.20    3.37    0.87   11.87   30.25
T-A     0.00    0.00    0.00    0.00    0.00    0.00   -1.04    0.27    3.56   -6.50    6.67   31.62
G-C     0.00    0.00    0.00    0.00    0.00    0.00    0.55    1.21    3.29    5.07   -7.06   40.11
C-G     0.00    0.00    0.00    0.00    0.00    0.00   -0.31    0.19    3.54   -6.13    5.59   38.39
A-T     0.00    0.00    0.00    0.00    0.00    0.00   -0.06    1.72    3.04    3.72  -20.71   41.77
G-C     0.00    0.00    0.00    0.00    0.00    0.00    0.44    0.06    3.48    2.87    2.28   36.49
A-T     0.00    0.00    0.00    0.00    0.00    0.00    0.03   -0.93    3.20    0.20   -6.06   36.09
T-A     0.00    0.00    0.00    0.00    0.00    0.00    0.34    0.12    2.98    1.98   -5.98   36.23
T-A     0.00    0.00    0.00    0.00    0.00    0.00    0.09   -1.39    3.41    3.34    3.47   29.25
C-G     0.00    0.00    0.00    0.00    0.00    0.00   -0.35   -0.28    2.76    4.42    9.57   27.17
T-A     0.00    0.00    0.00    0.00    0.00    0.00   -0.30   -0.34    3.84    1.99   12.23   29.06
A-T     0.00    0.00    0.00    0.00    0.00    0.00    1.83    0.82    3.68    2.47   22.93   34.27
C-G     0.00    0.00    0.00    0.00    0.00    0.00   -1.28   -0.20    2.90  -12.56    4.14   30.98
C-G     0.00    0.00    0.00    0.00    0.00    0.00    0.62   -0.30    2.67   13.10    7.57   29.32
A-T     0.00    0.00    0.00    0.00    0.00    0.00    0.05    2.59    3.15   -5.16  -15.81   41.51
A-T     0.00    0.00    0.00    0.00    0.00    0.00    0.59    0.40    3.63    3.99    2.47   38.60
A-T     0.00    0.00    0.00    0.00    0.00    0.00    0.53   -0.20    3.34   -0.71   -8.45   40.43
A-T     0.00    0.00    0.00    0.00    0.00    0.00   -0.15   -0.37    3.31   -1.42    4.09   32.24
G-C     0.00    0.00    0.00    0.00    0.00    0.00    0.10   -0.50    3.54    1.16    0.15   37.21
T-A     0.00    0.00    0.00    0.00    0.00    0.00   -0.44   -0.79    2.97    3.87   -1.40   27.92
G-C     0.00    0.00    0.00    0.00    0.00    0.00    1.26    0.03    3.78    2.11   13.17   33.84
T-A     0.00    0.00    0.00    0.00    0.00    0.00   -1.31   -0.63    2.83   -3.33   15.35   23.47
A-T     0.00    0.00    0.00    0.00    0.00    0.00    0.29   -0.62    3.81   -4.76    0.52   42.14
T-A     0.00    0.00    0.00    0.00    0.00    0.00    0.37   -0.98    3.46    2.24    2.27   31.61
T-A     0.00    0.00    0.00    0.00    0.00    0.00    0.14   -0.22    3.06    4.00   -7.16   39.59
T-A     0.00    0.00    0.00    0.00    0.00    0.00   -0.15   -0.33    3.56   -6.55    5.22   32.01
G-C     0.00    0.00    0.00    0.00    0.00    0.00   -0.90    2.25    3.14    0.90  -20.97   47.50
G-C     0.00    0.00    0.00    0.00    0.00    0.00    1.07    0.94    3.40    5.80    5.34   29.23
A-T     0.00    0.00    0.00    0.00    0.00    0.00   -1.24    0.89    3.04  -12.47    0.04   36.31
A-T     0.00    0.00    0.00    0.00    0.00    0.00    0.45   -0.27    3.26   -1.00    3.77   33.62
A-T     0.00    0.00    0.00    0.00    0.00    0.00   -0.18   -0.06    3.63   -1.36   14.79   31.79
C-G     0.00    0.00    0.00    0.00    0.00    0.00    0.19   -0.34    2.96    4.76   -1.70   33.67
T-A     0.00    0.00    0.00    0.00    0.00    0.00    1.13   -0.12    3.28    1.77   13.19   33.70
G-C     0.00    0.00    0.00    0.00    0.00    0.00   -1.51    0.37    3.60   -6.22   10.75   36.85
C-G     0.00    0.00    0.00    0.00    0.00    0.00    0.59    0.96    3.55   -0.81  -12.39   46.30
T-A     0.00    0.00    0.00    0.00    0.00    0.00   -1.17   -0.15    2.77   -0.67   -1.94   30.72
C-G     0.00    0.00    0.00    0.00    0.00    0.00    1.73    1.77    3.25    8.00  -11.24   42.66
C-G     0.00    0.00    0.00    0.00    0.00    0.00   -1.01    0.48    3.50   -4.05    6.15   36.25
A-T     0.00    0.00    0.00    0.00    0.00    0.00    0.35    1.08    3.40   -3.77   -3.42   41.86
T-A     0.00    0.00    0.00    0.00    0.00    0.00    0.62   -0.44    2.91    6.34    1.48   29.50
C-G     0.00    0.00    0.00    0.00    0.00    0.00    0.29   -0.20    3.47    3.01   10.38   32.99
A-T     0.00    0.00    0.00    0.00    0.00    0.00   -0.30    0.27    4.10    3.04   18.37   34.33
A-T     0.00    0.00    0.00    0.00    0.00    0.00    0.60    0.57    3.04   -4.68    6.03   42.47
A-T     0.00    0.00    0.00    0.00    0.00    0.00   -0.86    0.45    3.05   -4.53   -5.36   35.15
A-T     0.00    0.00    0.00    0.00    0.00    0.00   -0.20   -0.86    3.56   -3.43    0.22   35.50
G-C     0.00    0.00    0.00    0.00    0.00    0.00   -0.36    1.06    3.67   -2.03   -5.87   41.01
G-C     0.00    0.00    0.00    0.00    0.00    0.00   -0.99    0.13    3.18   -6.41  -28.29   30.98
C-G     0.00    0.00    0.00    0.00    0.00    0.00    1.40   -0.05    4.51   -0.33  -20.49   38.47
A-T     0.00    0.00    0.00    0.00    0.00    0.00   -0.09    0.78    3.22   14.05    6.75   42.12
T-A     0.00    0.00    0.00    0.00    0.00    0.00    0.47   -0.60    3.33   -3.34   15.60   21.57
G-C     0.00    0.00    0.00    0.00    0.00    0.00    0.03    1.32    4.12   -0.29    7.75   40.97
T-A     0.00    0.00    0.00    0.00    0.00    0.00   -0.80   -0.63    3.42   -0.87    7.98   27.22
T-A     0.00    0.00    0.00    0.00    0.00    0.00    0.25    0.16    3.01    4.69    4.14   32.64
C-G     0.00    0.00    0.00    0.00    0.00    0.00    0.78    0.66    3.22    4.23    8.28   37.03
A-T     0.00    0.00    0.00    0.00    0.00    0.00   -0.74    1.52    3.61   -3.02   -5.58   44.60
G-C     0.00    0.00    0.00    0.00    0.00    0.00    0.80    0.94    3.49    4.28   -2.19   31.79
C-G     0.00    0.00    0.00    0.00    0.00    0.00   -0.38    0.65    3.28   -6.58   -5.30   40.69
T-A     0.00    0.00    0.00    0.00    0.00    0.00    0.10    0.92    3.33    4.35   -1.60   36.24
G-C     0.00    0.00    0.00    0.00    0.00    0.00    0.89    1.17    3.21    0.97    4.11   34.95
A-T     0.00    0.00    0.00    0.00    0.00    0.00   -0.86    0.11    3.37   -6.05    8.06   34.70
A-T     0.00    0.00    0.00    0.00    0.00    0.00   -0.21   -0.32    3.18    1.85    5.13   34.00
T-A     0.00    0.00    0.00    0.00    0.00    0.00    0.19   -0.80    3.35   -1.43    8.45   29.02
T-A     0.00    0.00    0.00    0.00    0.00    0.00   -0.04   -0.41    3.17    2.79    7.49   33.33
C-G     0.00    0.00    0.00    0.00    0.00    0.00    0.11    0.19    3.27    1.53    5.20   29.73
A-T     0.00    0.00    0.00    0.00    0.00    0.00   -0.63    1.84    3.45   -0.77   -0.62   42.18
G-C     0.00    0.00    0.00    0.00    0.00    0.00    0.91    0.80    3.36   -0.50   -3.46   36.39
C-G     0.00    0.00    0.00    0.00    0.00    0.00   -1.19    1.09    3.40   -2.50   -6.27   38.73
T-A     0.00    0.00    0.00    0.00    0.00    0.00    1.18    1.44    3.72    3.40   -4.37   43.62
G-C     0.00    0.00    0.00    0.00    0.00    0.00   -0.75    0.81    2.91   -3.70    6.09   33.40
A-T     0.00    0.00    0.00    0.00    0.00    0.00   -0.35    0.12    3.32   -2.62    4.16   32.91
A-T     0.00    0.00    0.00    0.00    0.00    0.00    0.43    0.11    3.33    2.04    8.69   33.33
C-G     0.00    0.00    0.00    0.00    0.00    0.00    0.25   -0.49    3.33    0.56    4.92   30.37
A-T     0.00    0.00    0.00    0.00    0.00    0.00   -0.50    0.62    3.71    1.18   11.96   35.67
T-A     0.00    0.00    0.00    0.00    0.00    0.00    0.15   -0.45    3.11    1.77    0.76   28.31
G-C     0.00    0.00    0.00    0.00    0.00    0.00    0.86    0.39    3.39   -0.63    9.37   36.18
C-G     0.00    0.00    0.00    0.00    0.00    0.00   -1.50    0.40    3.29   -2.81  -14.80   37.53
C-G     0.00    0.00    0.00    0.00    0.00    0.00    0.68    1.47    4.01    0.98   -8.48   45.45
T-A     0.00    0.00    0.00    0.00    0.00    0.00   -0.18    1.43    3.37    1.56   -9.85   41.06
T-A     0.00    0.00    0.00    0.00    0.00    0.00    0.35    0.18    2.97   -2.92    4.41   31.36
T-A     0.00    0.00    0.00    0.00    0.00    0.00    0.25    0.04    3.32    2.38    9.87   31.70
T-A     0.00    0.00    0.00    0.00    0.00    0.00   -0.23    0.35    3.50    2.11   14.34   33.59
G-C     0.00    0.00    0.00    0.00    0.00    0.00   -0.04   -1.14    3.81    4.84   20.48   23.78
A-T     0.00    0.00    0.00    0.00    0.00    0.00    0.14   -0.10    2.87   -9.70    8.24   31.76
T-A     0.00    0.00    0.00    0.00    0.00    0.00   -0.14   -0.83    3.24   -3.04    2.98   25.14
G-C     0.00    0.00    0.00    0.00    0.00    0.00   -0.24    0.82    3.18    0.97   -2.21   38.57
G-C     0.00    0.00    0.00    0.00    0.00    0.00    0.99    0.43    3.49    7.89    1.99   33.85
A-T     0.00    0.00    0.00    0.00    0.00    0.00   -1.19    1.34    3.26   -8.00   -4.39   43.43
G-C     0.00    0.00    0.00    0.00    0.00    0.00    1.06    0.34    3.12    0.66   -6.44   35.69
C-G     0.00    0.00    0.00    0.00    0.00    0.00   -0.59    0.18    3.42   -0.49   -2.60   35.39
A-T     0.00    0.00    0.00    0.00    0.00    0.00    1.13    0.44    3.39    3.25    3.38   36.54
G-C     0.00    0.00    0.00    0.00    0.00    0.00   -1.23   -0.29    3.68   -5.01    9.50   36.29
T-A     0.00    0.00    0.00    0.00    0.00    0.00   -0.85   -0.45    3.19   -0.16   12.63   29.72
T-A     0.00    0.00    0.00    0.00    0.00    0.00   -0.55   -0.20    3.26   -1.79   -0.05   32.34
T-A     0.00    0.00    0.00    0.00    0.00    0.00    0.72    0.16    3.27    1.97    9.27   34.87
C-G     0.00    0.00    0.00    0.00    0.00    0.00    1.21    0.98    2.83    9.65    1.96   36.40
C-G     0.00    0.00    0.00    0.00    0.00    0.00   -1.27    1.01    3.59  -10.43    6.64   30.60
A-T     0.00    0.00    0.00    0.00    0.00    0.00    0.43    2.21    3.18    7.15  -20.20   47.94
A-T     0.00    0.00    0.00    0.00    0.00    0.00    0.24   -0.38    3.15   -3.27    3.83   31.52
A-T     0.00    0.00    0.00    0.00    0.00    0.00   -0.57   -0.44    3.65    0.10    2.36   37.84
T-A     0.00    0.00    0.00    0.00    0.00    0.00   -0.37   -0.50    3.14    1.19   -5.28   31.10
A-T     0.00    0.00    0.00    0.00    0.00    0.00    0.21   -0.25    3.23  -11.15    5.53   38.74
C-G     0.00    0.00    0.00    0.00    0.00    0.00   -0.15   -0.92    3.04    3.40    3.87   22.88
A-T     0.00    0.00    0.00    0.00    0.00    0.00    0.20   -0.36    3.80    4.97   11.92   41.24
C-G     0.00    0.00    0.00    0.00    0.00    0.00    0.73   -0.48    3.34   -2.43    7.27   35.05
T-A     0.00    0.00    0.00    0.00    0.00    0.00   -0.35   -0.22    3.16    0.93    4.50   33.35
T-A     0.00    0.00    0.00    0.00    0.00    0.00    0.08   -0.04    3.54   -5.46   -4.55   33.96
T-A     0.00    0.00    0.00    0.00    0.00    0.00   -0.71   -0.20    3.03    3.57    1.23   33.99
T-A     0.00    0.00    0.00    0.00    0.00    0.00   -0.52    0.38    3.59   -1.84   -5.58   41.43
G-C     0.00    0.00    0.00    0.00    0.00    0.00   -0.06    2.51    3.26    1.84   -3.12   41.35
G-C     0.00    0.00    0.00    0.00    0.00    0.00   -0.55    0.17    2.63  -13.24    2.42   26.07
T-A     0.00    0.00    0.00    0.00    0.00    0.00    0.67   -0.49    3.19    3.34    6.57   30.88
A-T     0.00    0.00    0.00    0.00    0.00    0.00   -0.62    0.18    3.61    2.84   13.89   34.78
G-C     0.00    0.00    0.00    0.00    0.00    0.00    0.38    0.10    3.32    0.83   10.08   29.65
A-T     0.00    0.00    0.00    0.00    0.00    0.00   -0.44   -0.81    3.12   -4.35   14.54   24.51
A-T     0.00    0.00    0.00    0.00    0.00    0.00    0.92   -0.39    3.08   -6.63    2.88   37.40
T-A     0.00    0.00    0.00    0.00    0.00    0.00   -0.56   -1.05    3.31    0.05   -9.59   30.31
C-G     0.00    0.00    0.00    0.00    0.00    0.00    0.37   -0.64    3.44    3.12   -3.08   40.76
T-A     0.00    0.00    0.00    0.00    0.00    0.00   -0.85   -0.47    3.40   -6.58    4.69   31.62
G-C     0.00    0.00    0.00    0.00    0.00    0.00   -0.26    2.26    2.95    1.48  -18.17   45.40
C-G     0.00    0.00    0.00    0.00    0.00    0.00    0.37    0.56    3.07    4.51    5.65   30.52
A-T     0.00    0.00    0.00    0.00    0.00    0.00    0.22    2.63    3.51    2.32   -4.49   45.34
G-C     0.00    0.00    0.00    0.00    0.00    0.00    0.26    0.90    2.85   -5.15    9.20   28.85
G-C     0.00    0.00    0.00    0.00    0.00    0.00   -0.51   -0.41    3.57   -0.05   17.99   32.41
T-A     0.00    0.00    0.00    0.00    0.00    0.00   -0.61   -0.59    3.28   -2.64    6.13   32.93
G-C     0.00    0.00    0.00    0.00    0.00    0.00    0.16   -0.08    3.43    0.95    8.78   33.18
G-C     0.00    0.00    0.00    0.00    0.00    0.00    0.76    0.32    3.14   -0.45    5.08   28.20
A-T     0.00    0.00    0.00    0.00    0.00    0.00   -0.49   -0.37    3.20   -3.58    2.63   39.17
T-A     0.00    0.00    0.00    0.00    0.00    0.00   -0.20   -0.72    3.31    0.00   -2.98   30.32
A-T     0.00    0.00    0.00    0.00    0.00    0.00   -0.30    0.06    3.76    2.59   -1.34   42.34
T-A     0.00    0.00    0.00    0.00    0.00    0.00   -0.61   -0.70    3.01   -5.63   -3.50   31.17
T-A     0.00    0.00    0.00    0.00    0.00    0.00    0.68    0.03    3.28    3.03    2.10   35.90
G-C     0.00    0.00    0.00    0.00    0.00    0.00   -0.09   -0.10    3.35    3.79    2.78   36.70
A-T     0.00    0.00    0.00    0.00    0.00    0.00   -0.01   -0.02    3.27   -3.29    6.14   29.42
T-A     0.00    0.00    0.00    0.00    0.00    0.00    0.84   -0.76    3.19   -0.57   -0.85   36.45
