 146 base-pairs
   0  ***local base-pair & step parameters***
       Shear  Stretch  Stagger Buckle Prop-Tw Opening   Shift  Slide    Rise    Tilt    Roll   Twist
A-T     0.00    0.00    0.00    0.00    0.00    0.00    0.00    0.00    0.00    0.00    0.00    0.00
T-A     0.00    0.00    0.00    0.00    0.00    0.00   -1.10   -0.84    3.31   -3.39    0.15   31.10
C-G     0.00    0.00    0.00    0.00    0.00    0.00    1.01   -0.08    2.88    5.16    3.25   36.49
A-T     0.00    0.00    0.00    0.00    0.00    0.00   -0.23    0.80    3.48   -4.32    3.02   35.22
A-T     0.00    0.00    0.00    0.00    0.00    0.00   -0.54    0.24    3.24   -4.06   -1.08   38.62
T-A     0.00    0.00    0.00    0.00    0.00    0.00    0.45   -0.73    3.03    7.74   -2.44   33.38
A-T     0.00    0.00    0.00    0.00    0.00    0.00   -0.03   -0.15    3.65   -4.54   -2.36   40.68
T-A     0.00    0.00    0.00    0.00    0.00    0.00   -0.12   -1.09    3.21    5.85   -0.77   33.89
C-G     0.00    0.00    0.00    0.00    0.00    0.00    1.11    0.10    3.35    0.97   -0.10   33.10
C-G     0.00    0.00    0.00    0.00    0.00    0.00   -0.26    0.02    3.10   -1.58    9.14   27.03
A-T     0.00    0.00    0.00    0.00    0.00    0.00   -1.15    0.64    3.43   -1.45    4.73   32.48
C-G     0.00    0.00    0.00    0.00    0.00    0.00    0.42   -0.95    3.36   -0.93    5.31   33.98
C-G     0.00    0.00    0.00    0.00    0.00    0.00    0.52   -0.17    3.44    1.87   13.14   30.92
T-A     0.00    0.00    0.00    0.00    0.00    0.00   -1.12    0.21    3.57   -6.10    8.83   31.95
G-C     0.00    0.00    0.00    0.00    0.00    0.00    0.57    1.13    3.23    4.52   -5.88   39.85
C-G     0.00    0.00    0.00    0.00    0.00    0.00   -0.20    0.14    3.46   -7.19    4.75   37.78
A-T     0.00    0.00    0.00    0.00    0.00    0.00    0.04    1.74    3.01    2.99  -22.87   41.31
G-C     0.00    0.00    0.00    0.00    0.00    0.00    0.45    0.13    3.53    3.07    0.66   36.54
A-T     0.00    0.00    0.00    0.00    0.00    0.00   -0.04   -0.88    3.28    1.19   -5.74   36.58
T-A     0.00    0.00    0.00    0.00    0.00    0.00    0.25    0.12    3.03    2.95   -3.99   36.75
T-A     0.00    0.00    0.00    0.00    0.00    0.00    0.04   -1.43    3.39    3.51    5.42   29.39
C-G     0.00    0.00    0.00    0.00    0.00    0.00   -0.31   -0.33    2.68    3.65    9.80   26.85
T-A     0.00    0.00    0.00    0.00    0.00    0.00   -0.22   -0.35    3.78    0.89   10.56   28.56
A-T     0.00    0.00    0.00    0.00    0.00    0.00    1.89    0.85    3.68    1.93   20.81   33.99
C-G     0.00    0.00    0.00    0.00    0.00    0.00   -1.28   -0.16    2.97  -12.10    3.39   31.12
C-G     0.00    0.00    0.00    0.00    0.00    0.00    0.56   -0.28    2.75   14.17    8.81   29.73
A-T     0.00    0.00    0.00    0.00    0.00    0.00   -0.02    2.59    3.17   -4.34  -13.69   41.85
A-T     0.00    0.00    0.00    0.00    0.00    0.00    0.57    0.38    3.58    3.90    3.65   38.63
A-T     0.00    0.00    0.00    0.00    0.00    0.00    0.55   -0.21    3.26   -1.62   -9.19   40.17
A-T     0.00    0.00    0.00    0.00    0.00    0.00   -0.09   -0.38    3.27   -2.41    2.12   31.90
G-C     0.00    0.00    0.00    0.00    0.00    0.00    0.14   -0.50    3.57    0.88   -1.33   37.05
T-A     0.00    0.00    0.00    0.00    0.00    0.00   -0.44   -0.80    3.04    4.51   -1.15   28.02
G-C     0.00    0.00    0.00    0.00    0.00    0.00    1.23    0.03    3.83    3.14   14.86   34.10
T-A     0.00    0.00    0.00    0.00    0.00    0.00   -1.35   -0.61    2.82   -2.73   16.97   23.69
A-T     0.00    0.00    0.00    0.00    0.00    0.00    0.26   -0.59    3.75   -5.06    0.72   42.19
T-A     0.00    0.00    0.00    0.00    0.00    0.00    0.37   -0.97    3.40    1.31    0.95   31.48
T-A     0.00    0.00    0.00    0.00    0.00    0.00    0.17   -0.25    3.05    3.20   -8.78   39.38
T-A     0.00    0.00    0.00    0.00    0.00    0.00   -0.11   -0.37    3.60   -6.62    4.69   31.85
G-C     0.00    0.00    0.00    0.00    0.00    0.00   -0.88    2.23    3.20    1.60  -20.04   47.48
G-C     0.00    0.00    0.00    0.00    0.00    0.00    1.06    0.96    3.43    6.68    6.83   29.36
A-T     0.00    0.00    0.00    0.00    0.00    0.00   -1.28    0.95    3.01  -12.09    0.78   36.53
A-T     0.00    0.00    0.00    0.00    0.00    0.00    0.41   -0.22    3.21   -1.39    3.19   33.78
A-T     0.00    0.00    0.00    0.00    0.00    0.00   -0.20   -0.06    3.60   -2.17   13.52   31.79
C-G     0.00    0.00    0.00    0.00    0.00    0.00    0.22   -0.40    2.97    4.16   -2.51   33.48
T-A     0.00    0.00    0.00    0.00    0.00    0.00    1.19   -0.19    3.32    1.82   13.49   33.43
G-C     0.00    0.00    0.00    0.00    0.00    0.00   -1.45    0.35    3.64   -5.59   11.77   36.69
C-G     0.00    0.00    0.00    0.00    0.00    0.00    0.59    1.02    3.55   -0.11  -11.62   46.40
T-A     0.00    0.00    0.00    0.00    0.00    0.00   -1.23   -0.06    2.74   -0.42   -2.07   31.04
C-G     0.00    0.00    0.00    0.00    0.00    0.00    1.65    1.81    3.22    7.64  -12.02   42.97
C-G     0.00    0.00    0.00    0.00    0.00    0.00   -1.04    0.44    3.49   -4.72    5.50   36.29
A-T     0.00    0.00    0.00    0.00    0.00    0.00    0.39    0.98    3.42   -4.24   -3.35   41.57
T-A     0.00    0.00    0.00    0.00    0.00    0.00    0.71   -0.52    2.93    6.39    2.10   29.07
C-G     0.00    0.00    0.00    0.00    0.00    0.00    0.36   -0.18    3.48    3.52   10.88   32.76
A-T     0.00    0.00    0.00    0.00    0.00    0.00   -0.32    0.37    4.10    3.62   18.25   34.52
A-T     0.00    0.00    0.00    0.00    0.00    0.00    0.51    0.68    3.03   -4.44    5.48   42.96
A-T     0.00    0.00    0.00    0.00    0.00    0.00   -0.96    0.47    3.04   -4.78   -5.73   35.55
A-T     0.00    0.00    0.00    0.00    0.00    0.00   -0.22   -0.94    3.56   -3.97    0.45   35.48
G-C     0.00    0.00    0.00    0.00    0.00    0.00   -0.28    0.94    3.67   -2.48   -5.28   40.54
G-C     0.00    0.00    0.00    0.00    0.00    0.00   -0.87    0.07    3.17   -6.46  -27.98   30.44
C-G     0.00    0.00    0.00    0.00    0.00    0.00    1.46    0.02    4.51    0.07  -20.84   38.30
A-T     0.00    0.00    0.00    0.00    0.00    0.00   -0.14    0.91    3.22   14.61    6.03   42.49
T-A     0.00    0.00    0.00    0.00    0.00    0.00    0.34   -0.52    3.34   -3.01   15.25   22.20
G-C     0.00    0.00    0.00    0.00    0.00    0.00   -0.07    1.28    4.13   -0.44    8.21   41.35
T-A     0.00    0.00    0.00    0.00    0.00    0.00   -0.79   -0.76    3.41   -1.41    8.90   27.01
T-A     0.00    0.00    0.00    0.00    0.00    0.00    0.37    0.05    2.98    4.14    4.64   32.00
C-G     0.00    0.00    0.00    0.00    0.00    0.00    0.90    0.66    3.20    4.08    7.80   36.47
A-T     0.00    0.00    0.00    0.00    0.00    0.00   -0.71    1.62    3.62   -2.64   -6.70   44.59
G-C     0.00    0.00    0.00    0.00    0.00    0.00    0.71    1.07    3.52    4.94   -2.95   32.35
C-G     0.00    0.00    0.00    0.00    0.00    0.00   -0.52    0.69    3.31   -6.12   -4.91   41.38
T-A     0.00    0.00    0.00    0.00    0.00    0.00    0.03    0.84    3.34    4.23   -0.30   36.48
G-C     0.00    0.00    0.00    0.00    0.00    0.00    0.95    1.04    3.18    0.33    5.19   34.53
A-T     0.00    0.00    0.00    0.00    0.00    0.00   -0.72    0.04    3.32   -6.74    7.89   33.97
A-T     0.00    0.00    0.00    0.00    0.00    0.00   -0.10   -0.27    3.16    1.66    3.76   33.55
T-A     0.00    0.00    0.00    0.00    0.00    0.00    0.18   -0.67    3.38   -0.94    7.04   29.23
T-A     0.00    0.00    0.00    0.00    0.00    0.00   -0.16   -0.32    3.23    3.62    7.32   34.02
C-G     0.00    0.00    0.00    0.00    0.00    0.00   -0.02    0.18    3.30    2.05    6.52   30.34
A-T     0.00    0.00    0.00    0.00    0.00    0.00   -0.66    1.73    3.43   -1.00    1.10   42.20
G-C     0.00    0.00    0.00    0.00    0.00    0.00    1.00    0.69    3.30   -1.32   -2.87   35.81
C-G     0.00    0.00    0.00    0.00    0.00    0.00   -1.05    1.06    3.35   -3.29   -7.39   38.04
T-A     0.00    0.00    0.00    0.00    0.00    0.00    1.25    1.51    3.72    3.29   -6.30   43.38
G-C     0.00    0.00    0.00    0.00    0.00    0.00   -0.80    0.92    2.97   -3.02    5.03   33.80
A-T     0.00    0.00    0.00    0.00    0.00    0.00   -0.48    0.17    3.39   -1.66    4.94   33.62
A-T     0.00    0.00    0.00    0.00    0.00    0.00    0.33    0.07    3.35    2.51   10.70   33.76
C-G     0.00    0.00    0.00    0.00    0.00    0.00    0.26   -0.58    3.28    0.14    6.44   30.19
A-T     0.00    0.00    0.00    0.00    0.00    0.00   -0.40    0.55    3.63    0.18   11.63   35.04
T-A     0.00    0.00    0.00    0.00    0.00    0.00    0.26   -0.43    3.07    0.99   -1.17   27.75
G-C     0.00    0.00    0.00    0.00    0.00    0.00    0.89    0.47    3.42   -0.55    7.49   36.14
C-G     0.00    0.00    0.00    0.00    0.00    0.00   -1.57    0.47    3.37   -1.91  -15.00   38.03
C-G     0.00    0.00    0.00    0.00    0.00    0.00    0.57    1.48    4.07    1.98   -6.79   46.05
T-A     0.00    0.00    0.00    0.00    0.00    0.00   -0.24    1.38    3.36    1.85   -7.72   41.28
T-A     0.00    0.00    0.00    0.00    0.00    0.00    0.38    0.11    2.90   -3.59    5.15   31.05
T-A     0.00    0.00    0.00    0.00    0.00    0.00    0.35    0.01    3.24    1.28    8.57   31.13
T-A     0.00    0.00    0.00    0.00    0.00    0.00   -0.15    0.37    3.49    1.47   12.12   33.23
G-C     0.00    0.00    0.00    0.00    0.00    0.00   -0.04   -1.09    3.87    5.18   19.25   23.89
A-T     0.00    0.00    0.00    0.00    0.00    0.00    0.07   -0.07    2.95   -8.65    9.05   32.22
T-A     0.00    0.00    0.00    0.00    0.00    0.00   -0.22   -0.84    3.28   -2.13    5.12   25.57
G-C     0.00    0.00    0.00    0.00    0.00    0.00   -0.27    0.79    3.14    1.01   -0.60   38.65
G-C     0.00    0.00    0.00    0.00    0.00    0.00    1.03    0.41    3.41    7.03    1.71   33.55
A-T     0.00    0.00    0.00    0.00    0.00    0.00   -1.12    1.33    3.21   -9.06   -6.29   43.01
G-C     0.00    0.00    0.00    0.00    0.00    0.00    1.11    0.35    3.14    0.25   -8.30   35.48
C-G     0.00    0.00    0.00    0.00    0.00    0.00   -0.60    0.19    3.49    0.08   -2.84   35.52
A-T     0.00    0.00    0.00    0.00    0.00    0.00    1.09    0.45    3.46    4.32    4.92   36.87
G-C     0.00    0.00    0.00    0.00    0.00    0.00   -1.28   -0.29    3.69   -4.30   11.44   36.56
T-A     0.00    0.00    0.00    0.00    0.00    0.00   -0.87   -0.44    3.13   -0.36   13.32   29.74
T-A     0.00    0.00    0.00    0.00    0.00    0.00   -0.53   -0.19    3.19   -2.73   -1.15   32.14
T-A     0.00    0.00    0.00    0.00    0.00    0.00    0.76    0.15    3.25    1.07    7.39   34.61
C-G     0.00    0.00    0.00    0.00    0.00    0.00    1.25    0.95    2.87    9.49    0.94   36.25
C-G     0.00    0.00    0.00    0.00    0.00    0.00   -1.26    0.99    3.65   -9.75    7.29   30.65
A-T     0.00    0.00    0.00    0.00    0.00    0.00    0.41    2.22    3.22    8.11  -18.53   48.12
A-T     0.00    0.00    0.00    0.00    0.00    0.00    0.20   -0.34    3.13   -2.79    5.03   31.72
A-T     0.00    0.00    0.00    0.00    0.00    0.00   -0.61   -0.40    3.59   -0.26    2.12   37.94
T-A     0.00    0.00    0.00    0.00    0.00    0.00   -0.38   -0.50    3.09    0.30   -6.66   31.04
A-T     0.00    0.00    0.00    0.00    0.00    0.00    0.24   -0.29    3.23  -11.85    4.28   38.55
C-G     0.00    0.00    0.00    0.00    0.00    0.00   -0.10   -0.98    3.09    3.41    3.80   22.67
A-T     0.00    0.00    0.00    0.00    0.00    0.00    0.24   -0.39    3.85    5.65   12.97   41.15
C-G     0.00    0.00    0.00    0.00    0.00    0.00    0.73   -0.44    3.35   -1.64    8.44   35.15
T-A     0.00    0.00    0.00    0.00    0.00    0.00   -0.40   -0.14    3.13    1.23    4.78   33.60
T-A     0.00    0.00    0.00    0.00    0.00    0.00    0.02    0.02    3.50   -5.85   -5.31   34.20
T-A     0.00    0.00    0.00    0.00    0.00    0.00   -0.74   -0.22    3.01    2.83    0.21   34.03
T-A     0.00    0.00    0.00    0.00    0.00    0.00   -0.49    0.30    3.60   -2.36   -5.93   41.20
G-C     0.00    0.00    0.00    0.00    0.00    0.00    0.01    2.43    3.29    1.91   -2.58   41.00
G-C     0.00    0.00    0.00    0.00    0.00    0.00   -0.49    0.16    2.65  -12.67    3.24   25.86
T-A     0.00    0.00    0.00    0.00    0.00    0.00    0.66   -0.41    3.19    3.96    6.89   31.01
A-T     0.00    0.00    0.00    0.00    0.00    0.00   -0.70    0.28    3.59    3.07   13.48   35.17
G-C     0.00    0.00    0.00    0.00    0.00    0.00    0.29    0.13    3.30    0.52    9.43   30.02
A-T     0.00    0.00    0.00    0.00    0.00    0.00   -0.47   -0.87    3.12   -4.94   14.32   24.54
A-T     0.00    0.00    0.00    0.00    0.00    0.00    0.98   -0.51    3.09   -7.08    3.28   37.02
T-A     0.00    0.00    0.00    0.00    0.00    0.00   -0.45   -1.12    3.32    0.06   -9.05   29.81
C-G     0.00    0.00    0.00    0.00    0.00    0.00    0.43   -0.60    3.44    3.56   -2.99   40.54
T-A     0.00    0.00    0.00    0.00    0.00    0.00   -0.88   -0.35    3.39   -6.02    4.21   31.89
G-C     0.00    0.00    0.00    0.00    0.00    0.00   -0.37    2.36    2.95    1.75  -18.70   45.96
C-G     0.00    0.00    0.00    0.00    0.00    0.00    0.27    0.56    3.07    4.31    5.66   30.93
A-T     0.00    0.00    0.00    0.00    0.00    0.00    0.22    2.52    3.51    1.79   -3.87   45.23
G-C     0.00    0.00    0.00    0.00    0.00    0.00    0.36    0.78    2.84   -5.64    9.83   28.29
G-C     0.00    0.00    0.00    0.00    0.00    0.00   -0.38   -0.44    3.56   -0.15   17.94   31.84
T-A     0.00    0.00    0.00    0.00    0.00    0.00   -0.56   -0.50    3.28   -2.27    5.35   32.83
G-C     0.00    0.00    0.00    0.00    0.00    0.00    0.08    0.06    3.45    1.55    7.96   33.65
G-C     0.00    0.00    0.00    0.00    0.00    0.00    0.62    0.39    3.16   -0.06    5.05   28.88
A-T     0.00    0.00    0.00    0.00    0.00    0.00   -0.57   -0.43    3.21   -3.70    3.54   39.49
T-A     0.00    0.00    0.00    0.00    0.00    0.00   -0.16   -0.85    3.29   -0.57   -1.91   30.01
A-T     0.00    0.00    0.00    0.00    0.00    0.00   -0.17   -0.03    3.72    1.97   -1.12   41.64
T-A     0.00    0.00    0.00    0.00    0.00    0.00   -0.49   -0.68    2.99   -5.82   -4.44   30.65
T-A     0.00    0.00    0.00    0.00    0.00    0.00    0.69    0.15    3.29    3.45    0.75   36.00
G-C     0.00    0.00    0.00    0.00    0.00    0.00   -0.20    0.02    3.39    4.53    2.25   37.34
A-T     0.00    0.00    0.00    0.00    0.00    0.00   -0.15    0.00    3.31   -2.80    7.00   30.08
T-A     0.00    0.00    0.00    0.00    0.00    0.00    0.78   -0.85    3.19   -0.73    0.72   36.58
