 146 base-pairs
   0  ***local base-pair & step parameters***
       Shear  Stretch  Stagger Buckle Prop-Tw Opening   Shift  Slide    Rise    Tilt    Roll   Twist
A-T     0.00    0.00    0.00    0.00    0.00    0.00    0.00    0.00    0.00    0.00    0.00    0.00
T-A     0.00    0.00    0.00    0.00    0.00    0.00   -1.17   -0.81    3.31   -3.35   -1.01   31.05
C-G     0.00    0.00    0.00    0.00    0.00    0.00    0.97   -0.08    2.90    5.75    2.72   36.49
A-T     0.00    0.00    0.00    0.00    0.00    0.00   -0.20    0.79    3.50   -3.70    3.59   35.26
A-T     0.00    0.00    0.00    0.00    0.00    0.00   -0.47    0.22    3.25   -3.94    0.03   38.66
T-A     0.00    0.00    0.00    0.00    0.00    0.00    0.50   -0.73    3.01    7.24   -1.82   33.39
A-T     0.00    0.00    0.00    0.00    0.00    0.00   -0.04   -0.13    3.63   -5.22   -2.77   40.67
T-A     0.00    0.00    0.00    0.00    0.00    0.00   -0.19   -1.07    3.21    5.58   -1.81   33.88
C-G     0.00    0.00    0.00    0.00    0.00    0.00    1.04    0.10    3.36    1.35   -0.78   33.09
C-G     0.00    0.00    0.00    0.00    0.00    0.00   -0.27    0.00    3.12   -0.87    9.42   27.01
A-T     0.00    0.00    0.00    0.00    0.00    0.00   -1.09    0.61    3.43   -1.03    5.69   32.45
C-G     0.00    0.00    0.00    0.00    0.00    0.00    0.50   -0.95    3.35   -1.17    6.04   33.98
C-G     0.00    0.00    0.00    0.00    0.00    0.00    0.54   -0.15    3.42    1.18   12.97   30.96
T-A     0.00    0.00    0.00    0.00    0.00    0.00   -1.17    0.24    3.56   -6.65    7.94   32.02
G-C     0.00    0.00    0.00    0.00    0.00    0.00    0.49    1.13    3.24    4.60   -6.64   39.89
C-G     0.00    0.00    0.00    0.00    0.00    0.00   -0.25    0.12    3.48   -6.56    4.83   37.74
A-T     0.00    0.00    0.00    0.00    0.00    0.00    0.08    1.71    3.01    3.63  -22.05   41.21
G-C     0.00    0.00    0.00    0.00    0.00    0.00    0.54    0.12    3.51    3.16    1.43   36.46
A-T     0.00    0.00    0.00    0.00    0.00    0.00    0.02   -0.85    3.26    0.65   -5.74   36.61
T-A     0.00    0.00    0.00    0.00    0.00    0.00    0.22    0.16    3.02    2.26   -4.75   36.88
T-A     0.00    0.00    0.00    0.00    0.00    0.00   -0.04   -1.42    3.40    3.26    4.62   29.51
C-G     0.00    0.00    0.00    0.00    0.00    0.00   -0.39   -0.36    2.70    4.06    9.73   26.85
T-A     0.00    0.00    0.00    0.00    0.00    0.00   -0.22   -0.40    3.79    1.60   11.27   28.42
A-T     0.00    0.00    0.00    0.00    0.00    0.00    1.97    0.83    3.67    2.33   21.63   33.82
C-G     0.00    0.00    0.00    0.00    0.00    0.00   -1.19   -0.13    2.94  -12.37    3.53   31.07
C-G     0.00    0.00    0.00    0.00    0.00    0.00    0.58   -0.23    2.73   13.48    8.13   29.86
A-T     0.00    0.00    0.00    0.00    0.00    0.00   -0.09    2.61    3.19   -4.86  -14.53   42.06
A-T     0.00    0.00    0.00    0.00    0.00    0.00    0.47    0.36    3.60    4.00    3.44   38.73
A-T     0.00    0.00    0.00    0.00    0.00    0.00    0.51   -0.26    3.28   -0.99   -8.55   40.05
A-T     0.00    0.00    0.00    0.00    0.00    0.00   -0.04   -0.41    3.26   -1.81    3.01   31.66
G-C     0.00    0.00    0.00    0.00    0.00    0.00    0.24   -0.49    3.54    0.94   -1.03   36.89
T-A     0.00    0.00    0.00    0.00    0.00    0.00   -0.38   -0.74    3.02    3.98   -1.75   28.10
G-C     0.00    0.00    0.00    0.00    0.00    0.00    1.19    0.08    3.84    2.49   13.93   34.36
T-A     0.00    0.00    0.00    0.00    0.00    0.00   -1.45   -0.62    2.86   -2.94   16.59   23.92
A-T     0.00    0.00    0.00    0.00    0.00    0.00    0.19   -0.65    3.78   -4.65    1.26   42.17
T-A     0.00    0.00    0.00    0.00    0.00    0.00    0.38   -1.04    3.40    1.98    1.94   31.22
T-A     0.00    0.00    0.00    0.00    0.00    0.00    0.26   -0.25    3.02    3.55   -8.29   39.10
T-A     0.00    0.00    0.00    0.00    0.00    0.00   -0.02   -0.31    3.57   -6.88    4.21   31.80
G-C     0.00    0.00    0.00    0.00    0.00    0.00   -0.87    2.30    3.20    0.96  -21.08   47.73
G-C     0.00    0.00    0.00    0.00    0.00    0.00    0.98    0.98    3.46    6.23    6.21   29.70
A-T     0.00    0.00    0.00    0.00    0.00    0.00   -1.38    0.90    3.05  -11.97    1.17   36.65
A-T     0.00    0.00    0.00    0.00    0.00    0.00    0.37   -0.30    3.22   -0.81    4.27   33.57
A-T     0.00    0.00    0.00    0.00    0.00    0.00   -0.14   -0.10    3.57   -1.64   14.28   31.42
C-G     0.00    0.00    0.00    0.00    0.00    0.00    0.32   -0.36    2.93    4.19   -2.79   33.27
T-A     0.00    0.00    0.00    0.00    0.00    0.00    1.24   -0.11    3.31    1.34   12.39   33.57
G-C     0.00    0.00    0.00    0.00    0.00    0.00   -1.50    0.40    3.66   -6.16   10.86   37.08
C-G     0.00    0.00    0.00    0.00    0.00    0.00    0.49    0.99    3.60   -0.28  -11.49   46.69
T-A     0.00    0.00    0.00    0.00    0.00    0.00   -1.30   -0.15    2.77   -0.06   -0.97   30.97
C-G     0.00    0.00    0.00    0.00    0.00    0.00    1.67    1.75    3.20    8.22  -10.96   42.59
C-G     0.00    0.00    0.00    0.00    0.00    0.00   -0.94    0.45    3.44   -4.43    5.54   35.93
A-T     0.00    0.00    0.00    0.00    0.00    0.00    0.48    1.06    3.38   -4.47   -4.41   41.55
T-A     0.00    0.00    0.00    0.00    0.00    0.00    0.71   -0.44    2.94    5.85    0.89   29.43
C-G     0.00    0.00    0.00    0.00    0.00    0.00    0.27   -0.17    3.53    3.14   10.64   33.19
A-T     0.00    0.00    0.00    0.00    0.00    0.00   -0.41    0.30    4.14    3.71   19.24   34.64
A-T     0.00    0.00    0.00    0.00    0.00    0.00    0.49    0.58    3.03   -3.97    6.81   42.65
A-T     0.00    0.00    0.00    0.00    0.00    0.00   -0.89    0.44    3.00   -4.35   -5.27   35.09
A-T     0.00    0.00    0.00    0.00    0.00    0.00   -0.12   -0.88    3.51   -3.94   -0.41   35.26
G-C     0.00    0.00    0.00    0.00    0.00    0.00   -0.24    1.03    3.66   -2.87   -6.72   40.77
G-C     0.00    0.00    0.00    0.00    0.00    0.00   -0.92    0.12    3.21   -6.91  -28.68   30.92
C-G     0.00    0.00    0.00    0.00    0.00    0.00    1.36   -0.04    4.56   -0.07  -20.15   38.61
A-T     0.00    0.00    0.00    0.00    0.00    0.00   -0.20    0.81    3.24   14.88    7.52   42.35
T-A     0.00    0.00    0.00    0.00    0.00    0.00    0.38   -0.58    3.31   -2.57   16.20   21.72
G-C     0.00    0.00    0.00    0.00    0.00    0.00    0.02    1.32    4.07   -0.21    7.73   40.95
T-A     0.00    0.00    0.00    0.00    0.00    0.00   -0.72   -0.66    3.38   -1.57    7.39   27.04
T-A     0.00    0.00    0.00    0.00    0.00    0.00    0.36    0.13    3.01    3.74    3.46   32.44
C-G     0.00    0.00    0.00    0.00    0.00    0.00    0.82    0.64    3.26    3.79    8.03   36.94
A-T     0.00    0.00    0.00    0.00    0.00    0.00   -0.79    1.53    3.66   -2.60   -5.23   44.67
G-C     0.00    0.00    0.00    0.00    0.00    0.00    0.70    0.98    3.50    5.27   -1.56   31.97
C-G     0.00    0.00    0.00    0.00    0.00    0.00   -0.45    0.69    3.26   -5.81   -4.87   40.86
T-A     0.00    0.00    0.00    0.00    0.00    0.00    0.11    0.93    3.29    4.28   -1.67   36.28
G-C     0.00    0.00    0.00    0.00    0.00    0.00    0.97    1.14    3.18    0.09    3.62   34.83
A-T     0.00    0.00    0.00    0.00    0.00    0.00   -0.77    0.07    3.37   -7.05    7.54   34.50
A-T     0.00    0.00    0.00    0.00    0.00    0.00   -0.18   -0.34    3.22    1.53    4.97   33.86
T-A     0.00    0.00    0.00    0.00    0.00    0.00    0.14   -0.78    3.39   -0.79    8.74   29.03
T-A     0.00    0.00    0.00    0.00    0.00    0.00   -0.12   -0.37    3.18    3.90    7.98   33.49
C-G     0.00    0.00    0.00    0.00    0.00    0.00    0.05    0.23    3.24    2.24    5.53   29.95
A-T     0.00    0.00    0.00    0.00    0.00    0.00   -0.61    1.84    3.41   -1.05   -0.68   42.29
G-C     0.00    0.00    0.00    0.00    0.00    0.00    0.99    0.76    3.34   -1.55   -3.83   36.30
C-G     0.00    0.00    0.00    0.00    0.00    0.00   -1.12    1.03    3.41   -3.50   -6.66   38.50
T-A     0.00    0.00    0.00    0.00    0.00    0.00    1.19    1.41    3.75    3.25   -4.51   43.41
G-C     0.00    0.00    0.00    0.00    0.00    0.00   -0.80    0.83    2.94   -2.86    6.27   33.37
A-T     0.00    0.00    0.00    0.00    0.00    0.00   -0.42    0.18    3.33   -1.45    4.51   33.10
A-T     0.00    0.00    0.00    0.00    0.00    0.00    0.40    0.16    3.30    2.61    8.97   33.61
C-G     0.00    0.00    0.00    0.00    0.00    0.00    0.28   -0.49    3.30    0.07    4.95   30.53
A-T     0.00    0.00    0.00    0.00    0.00    0.00   -0.44    0.56    3.69    0.00   11.72   35.58
T-A     0.00    0.00    0.00    0.00    0.00    0.00    0.20   -0.52    3.12    0.84    0.44   28.01
G-C     0.00    0.00    0.00    0.00    0.00    0.00    0.87    0.37    3.42   -0.56    9.17   35.89
C-G     0.00    0.00    0.00    0.00    0.00    0.00   -1.54    0.44    3.31   -1.79  -14.75   37.49
C-G     0.00    0.00    0.00    0.00    0.00    0.00    0.63    1.55    4.01    2.15   -8.21   45.69
T-A     0.00    0.00    0.00    0.00    0.00    0.00   -0.21    1.48    3.35    1.94   -9.54   41.42
T-A     0.00    0.00    0.00    0.00    0.00    0.00    0.37    0.16    2.94   -3.64    4.55   31.56
T-A     0.00    0.00    0.00    0.00    0.00    0.00    0.30   -0.03    3.30    1.12    9.74   31.56
T-A     0.00    0.00    0.00    0.00    0.00    0.00   -0.19    0.27    3.51    1.32   14.01   33.21
G-C     0.00    0.00    0.00    0.00    0.00    0.00   -0.03   -1.16    3.83    5.15   20.17   23.44
A-T     0.00    0.00    0.00    0.00    0.00    0.00    0.11   -0.05    2.89   -8.53    8.18   31.74
T-A     0.00    0.00    0.00    0.00    0.00    0.00   -0.18   -0.74    3.24   -1.94    3.22   25.48
G-C     0.00    0.00    0.00    0.00    0.00    0.00   -0.27    0.87    3.16    1.12   -1.81   39.01
G-C     0.00    0.00    0.00    0.00    0.00    0.00    1.00    0.40    3.47    6.97    2.26   34.04
A-T     0.00    0.00    0.00    0.00    0.00    0.00   -1.15    1.25    3.25   -9.26   -4.47   43.21
G-C     0.00    0.00    0.00    0.00    0.00    0.00    1.10    0.27    3.13    0.06   -6.84   35.21
C-G     0.00    0.00    0.00    0.00    0.00    0.00   -0.58    0.18    3.43    0.06   -3.04   35.03
A-T     0.00    0.00    0.00    0.00    0.00    0.00    1.12    0.52    3.41    4.50    3.24   36.59
G-C     0.00    0.00    0.00    0.00    0.00    0.00   -1.27   -0.20    3.69   -4.05    9.79   36.73
T-A     0.00    0.00    0.00    0.00    0.00    0.00   -0.88   -0.41    3.18   -0.25   13.17   30.21
T-A     0.00    0.00    0.00    0.00    0.00    0.00   -0.55   -0.25    3.24   -2.86    0.33   32.49
T-A     0.00    0.00    0.00    0.00    0.00    0.00    0.74    0.06    3.26    0.78    9.17   34.55
C-G     0.00    0.00    0.00    0.00    0.00    0.00    1.25    0.91    2.83    9.29    1.43   35.84
C-G     0.00    0.00    0.00    0.00    0.00    0.00   -1.24    1.02    3.60   -9.69    6.07   30.25
A-T     0.00    0.00    0.00    0.00    0.00    0.00    0.43    2.30    3.20    8.40  -20.36   48.09
A-T     0.00    0.00    0.00    0.00    0.00    0.00    0.20   -0.29    3.16   -2.50    4.24   32.07
A-T     0.00    0.00    0.00    0.00    0.00    0.00   -0.61   -0.42    3.65   -0.23    3.05   38.35
T-A     0.00    0.00    0.00    0.00    0.00    0.00   -0.38   -0.57    3.12    0.04   -4.85   31.17
A-T     0.00    0.00    0.00    0.00    0.00    0.00    0.24   -0.35    3.21  -12.20    5.35   38.29
C-G     0.00    0.00    0.00    0.00    0.00    0.00   -0.10   -0.97    3.04    3.28    3.18   22.26
A-T     0.00    0.00    0.00    0.00    0.00    0.00    0.24   -0.32    3.82    5.86   11.24   40.95
C-G     0.00    0.00    0.00    0.00    0.00    0.00    0.73   -0.37    3.37   -1.24    7.15   35.32
T-A     0.00    0.00    0.00    0.00    0.00    0.00   -0.39   -0.13    3.18    1.48    5.08   33.98
T-A     0.00    0.00    0.00    0.00    0.00    0.00    0.03   -0.04    3.54   -5.98   -3.72   34.46
T-A     0.00    0.00    0.00    0.00    0.00    0.00   -0.74   -0.29    3.01    2.41    1.66   33.94
T-A     0.00    0.00    0.00    0.00    0.00    0.00   -0.49    0.28    3.56   -2.71   -5.91   40.86
G-C     0.00    0.00    0.00    0.00    0.00    0.00    0.00    2.47    3.25    1.94   -3.99   40.71
G-C     0.00    0.00    0.00    0.00    0.00    0.00   -0.50    0.23    2.65  -12.27    1.69   25.87
T-A     0.00    0.00    0.00    0.00    0.00    0.00    0.66   -0.38    3.22    4.40    6.58   31.29
A-T     0.00    0.00    0.00    0.00    0.00    0.00   -0.68    0.25    3.64    3.16   14.67   35.47
G-C     0.00    0.00    0.00    0.00    0.00    0.00    0.30    0.07    3.31    0.17   11.02   30.08
A-T     0.00    0.00    0.00    0.00    0.00    0.00   -0.47   -0.91    3.09   -5.45   14.90   24.33
A-T     0.00    0.00    0.00    0.00    0.00    0.00    0.96   -0.49    3.05   -7.30    2.34   36.73
T-A     0.00    0.00    0.00    0.00    0.00    0.00   -0.48   -1.07    3.30    0.33  -10.62   29.70
C-G     0.00    0.00    0.00    0.00    0.00    0.00    0.42   -0.56    3.46    4.10   -3.79   40.69
T-A     0.00    0.00    0.00    0.00    0.00    0.00   -0.86   -0.36    3.43   -5.68    4.88   32.15
G-C     0.00    0.00    0.00    0.00    0.00    0.00   -0.34    2.32    2.97    1.60  -17.20   46.12
C-G     0.00    0.00    0.00    0.00    0.00    0.00    0.29    0.52    3.06    3.77    6.63   30.85
A-T     0.00    0.00    0.00    0.00    0.00    0.00    0.20    2.52    3.47    1.33   -4.29   45.01
G-C     0.00    0.00    0.00    0.00    0.00    0.00    0.32    0.81    2.81   -5.62    8.44   28.12
G-C     0.00    0.00    0.00    0.00    0.00    0.00   -0.41   -0.40    3.57    0.35   16.84   31.86
T-A     0.00    0.00    0.00    0.00    0.00    0.00   -0.55   -0.50    3.31   -1.71    5.52   33.00
G-C     0.00    0.00    0.00    0.00    0.00    0.00    0.13    0.03    3.47    1.67    9.21   33.82
G-C     0.00    0.00    0.00    0.00    0.00    0.00    0.66    0.35    3.16   -0.49    6.23   28.90
A-T     0.00    0.00    0.00    0.00    0.00    0.00   -0.58   -0.43    3.19   -4.32    3.59   39.36
T-A     0.00    0.00    0.00    0.00    0.00    0.00   -0.21   -0.83    3.26   -0.84   -2.99   29.86
A-T     0.00    0.00    0.00    0.00    0.00    0.00   -0.22    0.00    3.72    2.30   -2.32   41.59
T-A     0.00    0.00    0.00    0.00    0.00    0.00   -0.50   -0.67    3.01   -5.17   -4.69   30.73
T-A     0.00    0.00    0.00    0.00    0.00    0.00    0.73    0.13    3.32    3.86    1.66   36.12
G-C     0.00    0.00    0.00    0.00    0.00    0.00   -0.14   -0.01    3.40    4.33    3.46   37.41
A-T     0.00    0.00    0.00    0.00    0.00    0.00   -0.13    0.00    3.29   -3.43    7.40   30.05
T-A     0.00    0.00    0.00    0.00    0.00    0.00    0.75   -0.83    3.17   -1.26   -0.01   36.50
