 146 base-pairs
   0  ***local base-pair & step parameters***
       Shear  Stretch  Stagger Buckle Prop-Tw Opening   Shift  Slide    Rise    Tilt    Roll   Twist
A-T     0.00    0.00    0.00    0.00    0.00    0.00    0.00    0.00    0.00    0.00    0.00    0.00
T-A     0.00    0.00    0.00    0.00    0.00    0.00   -1.07   -0.90    3.25   -2.37   -1.74   30.67
C-G     0.00    0.00    0.00    0.00    0.00    0.00    1.06    0.00    3.00    7.06    3.68   37.10
A-T     0.00    0.00    0.00    0.00    0.00    0.00   -0.29    0.89    3.60   -4.68    4.90   36.04
A-T     0.00    0.00    0.00    0.00    0.00    0.00   -0.63    0.14    3.18   -5.84   -0.12   38.33
T-A     0.00    0.00    0.00    0.00    0.00    0.00    0.51   -0.89    2.88    7.70   -2.97   32.36
A-T     0.00    0.00    0.00    0.00    0.00    0.00    0.11   -0.10    3.64   -2.87   -3.16   40.47
T-A     0.00    0.00    0.00    0.00    0.00    0.00   -0.11   -0.88    3.32    6.14   -1.20   34.74
C-G     0.00    0.00    0.00    0.00    0.00    0.00    0.96    0.17    3.38   -0.76   -0.52   33.62
C-G     0.00    0.00    0.00    0.00    0.00    0.00   -0.35   -0.16    3.03   -2.28    8.98   26.55
A-T     0.00    0.00    0.00    0.00    0.00    0.00   -1.05    0.49    3.40    0.30    5.72   31.96
C-G     0.00    0.00    0.00    0.00    0.00    0.00    0.55   -0.87    3.43    0.42    6.86   34.27
C-G     0.00    0.00    0.00    0.00    0.00    0.00    0.49   -0.02    3.46    0.47   13.20   31.31
T-A     0.00    0.00    0.00    0.00    0.00    0.00   -1.22    0.20    3.47   -8.05    6.83   31.61
G-C     0.00    0.00    0.00    0.00    0.00    0.00    0.57    1.03    3.16    5.20   -7.61   39.39
C-G     0.00    0.00    0.00    0.00    0.00    0.00   -0.14    0.16    3.56   -5.05    5.51   38.18
A-T     0.00    0.00    0.00    0.00    0.00    0.00    0.02    1.83    3.13    3.11  -20.63   42.07
G-C     0.00    0.00    0.00    0.00    0.00    0.00    0.38    0.08    3.48    1.16    1.59   36.36
A-T     0.00    0.00    0.00    0.00    0.00    0.00   -0.01   -1.02    3.13    0.57   -6.85   35.59
T-A     0.00    0.00    0.00    0.00    0.00    0.00    0.36    0.14    3.00    4.52   -5.37   36.45
T-A     0.00    0.00    0.00    0.00    0.00    0.00    0.06   -1.24    3.51    4.36    5.13   30.25
C-G     0.00    0.00    0.00    0.00    0.00    0.00   -0.45   -0.25    2.75    2.26   10.14   27.55
T-A     0.00    0.00    0.00    0.00    0.00    0.00   -0.32   -0.53    3.71   -0.21   10.90   28.10
A-T     0.00    0.00    0.00    0.00    0.00    0.00    1.99    0.68    3.62    3.24   21.49   33.24
C-G     0.00    0.00    0.00    0.00    0.00    0.00   -1.13   -0.09    3.02  -10.55    4.28   31.23
C-G     0.00    0.00    0.00    0.00    0.00    0.00    0.55   -0.09    2.80   13.19    8.59   30.30
A-T     0.00    0.00    0.00    0.00    0.00    0.00   -0.15    2.60    3.11   -6.39  -15.45   41.79
A-T     0.00    0.00    0.00    0.00    0.00    0.00    0.53    0.25    3.51    4.18    2.29   38.15
A-T     0.00    0.00    0.00    0.00    0.00    0.00    0.63   -0.25    3.33    0.60   -8.18   40.30
A-T     0.00    0.00    0.00    0.00    0.00    0.00   -0.06   -0.29    3.39   -1.86    4.46   32.55
G-C     0.00    0.00    0.00    0.00    0.00    0.00    0.09   -0.49    3.54   -1.04   -0.56   37.02
T-A     0.00    0.00    0.00    0.00    0.00    0.00   -0.45   -0.90    2.89    3.36   -2.75   27.15
G-C     0.00    0.00    0.00    0.00    0.00    0.00    1.31    0.02    3.79    4.53   13.10   33.73
T-A     0.00    0.00    0.00    0.00    0.00    0.00   -1.32   -0.46    2.95   -1.36   16.95   24.50
A-T     0.00    0.00    0.00    0.00    0.00    0.00    0.15   -0.51    3.85   -6.03    1.79   42.99
T-A     0.00    0.00    0.00    0.00    0.00    0.00    0.28   -1.13    3.33   -0.13    1.66   31.08
T-A     0.00    0.00    0.00    0.00    0.00    0.00    0.25   -0.43    2.95    3.96   -8.57   38.46
T-A     0.00    0.00    0.00    0.00    0.00    0.00    0.05   -0.30    3.62   -4.95    4.84   31.81
G-C     0.00    0.00    0.00    0.00    0.00    0.00   -0.88    2.44    3.28    1.12  -20.44   48.20
G-C     0.00    0.00    0.00    0.00    0.00    0.00    0.91    1.00    3.40    4.68    5.52   29.58
A-T     0.00    0.00    0.00    0.00    0.00    0.00   -1.35    0.79    2.94  -12.22   -0.10   36.04
A-T     0.00    0.00    0.00    0.00    0.00    0.00    0.49   -0.32    3.24    0.74    4.31   33.63
A-T     0.00    0.00    0.00    0.00    0.00    0.00   -0.12    0.02    3.70   -1.23   15.68   32.29
C-G     0.00    0.00    0.00    0.00    0.00    0.00    0.18   -0.32    2.96    2.37   -2.02   33.63
T-A     0.00    0.00    0.00    0.00    0.00    0.00    1.14   -0.26    3.18    0.24   11.58   32.75
G-C     0.00    0.00    0.00    0.00    0.00    0.00   -1.41    0.30    3.58   -4.47    9.87   36.27
C-G     0.00    0.00    0.00    0.00    0.00    0.00    0.63    1.12    3.68    1.68  -11.31   47.08
T-A     0.00    0.00    0.00    0.00    0.00    0.00   -1.30    0.03    2.86   -0.94   -0.36   31.86
C-G     0.00    0.00    0.00    0.00    0.00    0.00    1.56    1.70    3.15    5.93  -11.10   42.64
C-G     0.00    0.00    0.00    0.00    0.00    0.00   -0.98    0.27    3.36   -4.55    5.16   35.28
A-T     0.00    0.00    0.00    0.00    0.00    0.00    0.54    1.03    3.42   -2.56   -3.93   41.41
T-A     0.00    0.00    0.00    0.00    0.00    0.00    0.72   -0.30    3.03    6.48    1.66   29.90
C-G     0.00    0.00    0.00    0.00    0.00    0.00    0.20   -0.12    3.50    1.70   10.22   33.22
A-T     0.00    0.00    0.00    0.00    0.00    0.00   -0.41    0.20    4.03    3.05   17.92   34.03
A-T     0.00    0.00    0.00    0.00    0.00    0.00    0.60    0.54    3.02   -2.58    6.53   42.52
A-T     0.00    0.00    0.00    0.00    0.00    0.00   -0.84    0.55    3.13   -3.51   -4.00   35.89
A-T     0.00    0.00    0.00    0.00    0.00    0.00   -0.24   -0.81    3.58   -5.50    0.61   35.81
G-C     0.00    0.00    0.00    0.00    0.00    0.00   -0.37    0.91    3.56   -4.37   -7.30   40.12
G-C     0.00    0.00    0.00    0.00    0.00    0.00   -0.86   -0.01    3.11   -5.66  -29.78   29.98
C-G     0.00    0.00    0.00    0.00    0.00    0.00    1.52    0.05    4.62    2.15  -20.18   38.77
A-T     0.00    0.00    0.00    0.00    0.00    0.00   -0.17    1.00    3.35   14.57    8.17   43.27
T-A     0.00    0.00    0.00    0.00    0.00    0.00    0.27   -0.58    3.29   -4.89   16.21   21.98
G-C     0.00    0.00    0.00    0.00    0.00    0.00   -0.03    1.14    3.98   -0.87    7.29   40.34
T-A     0.00    0.00    0.00    0.00    0.00    0.00   -0.66   -0.73    3.39    0.20    7.69   26.74
T-A     0.00    0.00    0.00    0.00    0.00    0.00    0.38    0.25    3.10    4.81    4.29   32.87
C-G     0.00    0.00    0.00    0.00    0.00    0.00    0.76    0.73    3.26    2.56    7.88   37.12
A-T     0.00    0.00    0.00    0.00    0.00    0.00   -0.81    1.45    3.54   -3.61   -6.51   44.12
G-C     0.00    0.00    0.00    0.00    0.00    0.00    0.80    0.90    3.47    6.41   -2.15   31.67
C-G     0.00    0.00    0.00    0.00    0.00    0.00   -0.38    0.77    3.37   -4.63   -3.79   41.55
T-A     0.00    0.00    0.00    0.00    0.00    0.00    0.01    1.02    3.38    3.10   -0.44   36.99
G-C     0.00    0.00    0.00    0.00    0.00    0.00    0.83    1.04    3.10   -1.71    3.32   34.38
A-T     0.00    0.00    0.00    0.00    0.00    0.00   -0.75   -0.09    3.25   -6.32    6.39   33.49
A-T     0.00    0.00    0.00    0.00    0.00    0.00   -0.03   -0.29    3.24    3.87    4.70   33.78
T-A     0.00    0.00    0.00    0.00    0.00    0.00    0.20   -0.59    3.50   -0.52    9.37   29.92
T-A     0.00    0.00    0.00    0.00    0.00    0.00   -0.22   -0.32    3.19    1.69    8.16   33.94
C-G     0.00    0.00    0.00    0.00    0.00    0.00   -0.02    0.06    3.15    1.06    5.08   29.43
A-T     0.00    0.00    0.00    0.00    0.00    0.00   -0.56    1.73    3.39    0.46   -0.56   41.85
G-C     0.00    0.00    0.00    0.00    0.00    0.00    1.03    0.86    3.43   -0.12   -2.99   36.64
C-G     0.00    0.00    0.00    0.00    0.00    0.00   -1.18    1.14    3.44   -4.41   -6.55   38.81
T-A     0.00    0.00    0.00    0.00    0.00    0.00    1.15    1.35    3.65    1.95   -5.69   42.95
G-C     0.00    0.00    0.00    0.00    0.00    0.00   -0.71    0.74    2.87   -2.07    5.41   32.93
A-T     0.00    0.00    0.00    0.00    0.00    0.00   -0.33    0.24    3.42   -0.02    5.34   33.63
A-T     0.00    0.00    0.00    0.00    0.00    0.00    0.33    0.28    3.42    1.86   10.35   34.44
C-G     0.00    0.00    0.00    0.00    0.00    0.00    0.12   -0.55    3.25   -1.90    4.95   30.31
A-T     0.00    0.00    0.00    0.00    0.00    0.00   -0.46    0.40    3.56    0.19   10.58   34.55
T-A     0.00    0.00    0.00    0.00    0.00    0.00    0.35   -0.51    3.11    3.16   -0.07   27.70
G-C     0.00    0.00    0.00    0.00    0.00    0.00    0.96    0.56    3.53    0.28    9.74   36.70
C-G     0.00    0.00    0.00    0.00    0.00    0.00   -1.62    0.52    3.35   -3.76  -14.41   38.11
C-G     0.00    0.00    0.00    0.00    0.00    0.00    0.53    1.40    3.92    0.53   -8.62   45.30
T-A     0.00    0.00    0.00    0.00    0.00    0.00   -0.18    1.34    3.31    3.07   -9.60   40.88
T-A     0.00    0.00    0.00    0.00    0.00    0.00    0.42    0.23    3.03   -1.93    5.35   31.78
T-A     0.00    0.00    0.00    0.00    0.00    0.00    0.26    0.10    3.36    0.61   10.08   31.95
T-A     0.00    0.00    0.00    0.00    0.00    0.00   -0.24    0.25    3.43   -0.17   12.99   32.87
G-C     0.00    0.00    0.00    0.00    0.00    0.00    0.03   -1.27    3.74    5.55   19.10   22.90
A-T     0.00    0.00    0.00    0.00    0.00    0.00    0.22   -0.02    2.96   -6.96    8.71   32.09
T-A     0.00    0.00    0.00    0.00    0.00    0.00   -0.21   -0.62    3.37   -2.23    4.67   26.36
G-C     0.00    0.00    0.00    0.00    0.00    0.00   -0.43    0.85    3.14   -0.88   -1.49   39.03
G-C     0.00    0.00    0.00    0.00    0.00    0.00    0.94    0.23    3.34    6.61    1.20   33.06
A-T     0.00    0.00    0.00    0.00    0.00    0.00   -1.02    1.21    3.21   -7.09   -5.19   42.67
G-C     0.00    0.00    0.00    0.00    0.00    0.00    1.21    0.44    3.23    1.41   -6.40   35.88
C-G     0.00    0.00    0.00    0.00    0.00    0.00   -0.63    0.31    3.50   -1.55   -2.57   35.79
A-T     0.00    0.00    0.00    0.00    0.00    0.00    1.01    0.41    3.33    2.52    2.91   36.36
G-C     0.00    0.00    0.00    0.00    0.00    0.00   -1.26   -0.37    3.63   -3.38    9.58   36.11
T-A     0.00    0.00    0.00    0.00    0.00    0.00   -0.82   -0.38    3.25    1.64   13.86   30.29
T-A     0.00    0.00    0.00    0.00    0.00    0.00   -0.58   -0.10    3.32   -2.93    0.88   32.95
T-A     0.00    0.00    0.00    0.00    0.00    0.00    0.68    0.06    3.19   -0.77    8.36   34.35
C-G     0.00    0.00    0.00    0.00    0.00    0.00    1.30    0.80    2.72    9.25    0.21   35.24
C-G     0.00    0.00    0.00    0.00    0.00    0.00   -1.12    1.02    3.64   -8.10    6.27   30.41
A-T     0.00    0.00    0.00    0.00    0.00    0.00    0.42    2.43    3.33    8.59  -18.93   48.98
A-T     0.00    0.00    0.00    0.00    0.00    0.00    0.05   -0.27    3.17   -4.42    4.86   32.31
A-T     0.00    0.00    0.00    0.00    0.00    0.00   -0.70   -0.58    3.52   -1.10    2.14   37.46
T-A     0.00    0.00    0.00    0.00    0.00    0.00   -0.28   -0.66    3.06    1.92   -5.76   30.44
A-T     0.00    0.00    0.00    0.00    0.00    0.00    0.38   -0.21    3.30  -10.42    5.62   38.78
C-G     0.00    0.00    0.00    0.00    0.00    0.00   -0.12   -0.82    3.12    2.14    3.76   23.13
A-T     0.00    0.00    0.00    0.00    0.00    0.00    0.13   -0.39    3.76    3.64   11.03   40.90
C-G     0.00    0.00    0.00    0.00    0.00    0.00    0.71   -0.55    3.29   -1.09    6.82   34.68
T-A     0.00    0.00    0.00    0.00    0.00    0.00   -0.33   -0.14    3.22    3.42    5.64   33.91
T-A     0.00    0.00    0.00    0.00    0.00    0.00    0.02    0.10    3.63   -5.58   -3.01   34.93
T-A     0.00    0.00    0.00    0.00    0.00    0.00   -0.81   -0.25    2.97    0.90    1.10   33.90
T-A     0.00    0.00    0.00    0.00    0.00    0.00   -0.47    0.17    3.45   -3.17   -7.21   40.25
G-C     0.00    0.00    0.00    0.00    0.00    0.00    0.12    2.43    3.26    3.43   -4.11   40.67
G-C     0.00    0.00    0.00    0.00    0.00    0.00   -0.47    0.34    2.78  -11.64    3.04   26.72
T-A     0.00    0.00    0.00    0.00    0.00    0.00    0.53   -0.33    3.27    2.70    7.48   31.75
A-T     0.00    0.00    0.00    0.00    0.00    0.00   -0.79    0.11    3.52    1.84   13.96   34.73
G-C     0.00    0.00    0.00    0.00    0.00    0.00    0.38   -0.04    3.22    1.65    9.97   29.20
A-T     0.00    0.00    0.00    0.00    0.00    0.00   -0.32   -0.80    3.16   -3.34   14.97   24.60
A-T     0.00    0.00    0.00    0.00    0.00    0.00    0.97   -0.31    3.15   -7.90    2.98   37.65
T-A     0.00    0.00    0.00    0.00    0.00    0.00   -0.59   -1.09    3.27   -1.99  -10.69   29.85
C-G     0.00    0.00    0.00    0.00    0.00    0.00    0.38   -0.74    3.37    3.71   -4.20   40.06
T-A     0.00    0.00    0.00    0.00    0.00    0.00   -0.80   -0.41    3.45   -3.81    5.28   31.93
G-C     0.00    0.00    0.00    0.00    0.00    0.00   -0.32    2.45    3.06    2.45  -16.39   46.57
C-G     0.00    0.00    0.00    0.00    0.00    0.00    0.22    0.59    3.05    2.43    6.34   30.95
A-T     0.00    0.00    0.00    0.00    0.00    0.00    0.19    2.43    3.36    0.48   -5.59   44.42
G-C     0.00    0.00    0.00    0.00    0.00    0.00    0.43    0.75    2.79   -4.34    8.00   27.90
G-C     0.00    0.00    0.00    0.00    0.00    0.00   -0.35   -0.30    3.69    1.37   18.03   32.61
T-A     0.00    0.00    0.00    0.00    0.00    0.00   -0.66   -0.42    3.39   -3.09    6.66   33.64
G-C     0.00    0.00    0.00    0.00    0.00    0.00   -0.01   -0.09    3.38    0.01    8.77   33.26
G-C     0.00    0.00    0.00    0.00    0.00    0.00    0.70    0.21    3.05    0.51    5.09   27.92
A-T     0.00    0.00    0.00    0.00    0.00    0.00   -0.42   -0.36    3.23   -2.01    3.43   39.41
T-A     0.00    0.00    0.00    0.00    0.00    0.00   -0.16   -0.64    3.38   -0.86   -2.34   30.77
A-T     0.00    0.00    0.00    0.00    0.00    0.00   -0.32    0.02    3.71    0.01   -2.23   41.94
T-A     0.00    0.00    0.00    0.00    0.00    0.00   -0.57   -0.85    2.92   -6.10   -5.14   30.16
T-A     0.00    0.00    0.00    0.00    0.00    0.00    0.78    0.04    3.31    5.51    1.87   35.75
G-C     0.00    0.00    0.00    0.00    0.00    0.00   -0.10    0.11    3.49    5.59    4.30   37.79
A-T     0.00    0.00    0.00    0.00    0.00    0.00   -0.19    0.10    3.31   -4.51    7.38   30.29
T-A     0.00    0.00    0.00    0.00    0.00    0.00    0.72   -0.90    3.06   -2.43   -1.25   35.99
