 146 base-pairs
   0  ***local base-pair & step parameters***
       Shear  Stretch  Stagger Buckle Prop-Tw Opening   Shift  Slide    Rise    Tilt    Roll   Twist
A-T     0.00    0.00    0.00    0.00    0.00    0.00    0.00    0.00    0.00    0.00    0.00    0.00
T-A     0.00    0.00    0.00    0.00    0.00    0.00   -1.21   -0.68    3.31   -4.53   -1.21   30.78
C-G     0.00    0.00    0.00    0.00    0.00    0.00    0.97   -0.13    2.92    4.51    2.10   36.47
A-T     0.00    0.00    0.00    0.00    0.00    0.00   -0.17    0.63    3.52   -3.31    3.85   35.73
A-T     0.00    0.00    0.00    0.00    0.00    0.00   -0.50    0.19    3.24   -2.84    1.14   38.91
T-A     0.00    0.00    0.00    0.00    0.00    0.00    0.43   -0.62    2.99    7.27   -1.49   32.87
A-T     0.00    0.00    0.00    0.00    0.00    0.00   -0.05   -0.07    3.60   -6.02   -3.96   40.01
T-A     0.00    0.00    0.00    0.00    0.00    0.00   -0.09   -1.14    3.21    5.58   -2.97   34.05
C-G     0.00    0.00    0.00    0.00    0.00    0.00    1.13    0.05    3.39    2.23   -0.29   33.89
C-G     0.00    0.00    0.00    0.00    0.00    0.00   -0.33    0.06    3.14   -0.78   10.85   27.35
A-T     0.00    0.00    0.00    0.00    0.00    0.00   -1.22    0.67    3.43   -2.23    6.09   31.93
C-G     0.00    0.00    0.00    0.00    0.00    0.00    0.47   -1.02    3.33   -1.87    5.10   33.41
C-G     0.00    0.00    0.00    0.00    0.00    0.00    0.64   -0.26    3.41    2.27   12.24   31.07
T-A     0.00    0.00    0.00    0.00    0.00    0.00   -1.09    0.28    3.55   -5.20    8.30   32.43
G-C     0.00    0.00    0.00    0.00    0.00    0.00    0.46    1.29    3.25    4.29   -6.17   39.89
C-G     0.00    0.00    0.00    0.00    0.00    0.00   -0.30    0.16    3.49   -8.18    4.50   37.48
A-T     0.00    0.00    0.00    0.00    0.00    0.00    0.08    1.57    3.03    3.04  -22.40   41.32
G-C     0.00    0.00    0.00    0.00    0.00    0.00    0.56    0.00    3.52    4.25    2.03   36.85
A-T     0.00    0.00    0.00    0.00    0.00    0.00   -0.01   -0.80    3.24    1.60   -4.93   36.52
T-A     0.00    0.00    0.00    0.00    0.00    0.00    0.18    0.29    2.99    1.78   -5.18   36.24
T-A     0.00    0.00    0.00    0.00    0.00    0.00    0.00   -1.41    3.40    2.47    3.27   29.22
C-G     0.00    0.00    0.00    0.00    0.00    0.00   -0.28   -0.45    2.73    4.39    9.34   27.44
T-A     0.00    0.00    0.00    0.00    0.00    0.00   -0.21   -0.42    3.82    2.32   12.51   29.13
A-T     0.00    0.00    0.00    0.00    0.00    0.00    1.86    0.91    3.68    1.91   22.80   33.68
C-G     0.00    0.00    0.00    0.00    0.00    0.00   -1.29   -0.12    2.92  -13.46    3.10   30.32
C-G     0.00    0.00    0.00    0.00    0.00    0.00    0.63   -0.33    2.71   13.59    6.90   29.56
A-T     0.00    0.00    0.00    0.00    0.00    0.00    0.03    2.56    3.18   -3.39  -14.82   42.50
A-T     0.00    0.00    0.00    0.00    0.00    0.00    0.50    0.47    3.61    4.72    4.17   39.13
A-T     0.00    0.00    0.00    0.00    0.00    0.00    0.44   -0.14    3.29   -2.19   -8.20   39.90
A-T     0.00    0.00    0.00    0.00    0.00    0.00   -0.09   -0.46    3.28   -3.25    2.58   31.42
G-C     0.00    0.00    0.00    0.00    0.00    0.00    0.26   -0.65    3.54    1.28   -1.15   37.08
T-A     0.00    0.00    0.00    0.00    0.00    0.00   -0.36   -0.78    3.01    5.44   -1.08   28.33
G-C     0.00    0.00    0.00    0.00    0.00    0.00    1.16    0.22    3.82    2.90   14.23   34.04
T-A     0.00    0.00    0.00    0.00    0.00    0.00   -1.46   -0.52    2.84   -3.90   15.66   23.40
A-T     0.00    0.00    0.00    0.00    0.00    0.00    0.26   -0.71    3.79   -5.22    0.27   42.32
T-A     0.00    0.00    0.00    0.00    0.00    0.00    0.45   -1.14    3.43    2.60    2.45   31.97
T-A     0.00    0.00    0.00    0.00    0.00    0.00    0.20   -0.23    3.03    4.00   -6.81   39.42
T-A     0.00    0.00    0.00    0.00    0.00    0.00   -0.14   -0.23    3.55   -7.60    4.63   31.21
G-C     0.00    0.00    0.00    0.00    0.00    0.00   -0.89    2.28    3.18    0.27  -22.24   47.03
G-C     0.00    0.00    0.00    0.00    0.00    0.00    1.09    0.89    3.44    7.00    5.15   29.82
A-T     0.00    0.00    0.00    0.00    0.00    0.00   -1.28    0.91    3.06  -10.68    1.55   37.29
A-T     0.00    0.00    0.00    0.00    0.00    0.00    0.34   -0.17    3.24   -1.05    5.21   33.79
A-T     0.00    0.00    0.00    0.00    0.00    0.00   -0.24   -0.05    3.58   -3.26   14.36   31.07
C-G     0.00    0.00    0.00    0.00    0.00    0.00    0.30   -0.49    2.93    3.48   -3.33   33.09
T-A     0.00    0.00    0.00    0.00    0.00    0.00    1.29   -0.24    3.30    2.54   12.45   33.81
G-C     0.00    0.00    0.00    0.00    0.00    0.00   -1.48    0.46    3.64   -4.85   11.42   37.15
C-G     0.00    0.00    0.00    0.00    0.00    0.00    0.46    1.15    3.58   -0.66  -11.66   46.30
T-A     0.00    0.00    0.00    0.00    0.00    0.00   -1.29   -0.11    2.78   -1.27   -1.98   30.73
C-G     0.00    0.00    0.00    0.00    0.00    0.00    1.74    1.63    3.22    8.08  -11.27   43.07
C-G     0.00    0.00    0.00    0.00    0.00    0.00   -0.94    0.38    3.47   -3.59    6.68   36.55
A-T     0.00    0.00    0.00    0.00    0.00    0.00    0.38    1.13    3.38   -4.33   -3.28   41.38
T-A     0.00    0.00    0.00    0.00    0.00    0.00    0.63   -0.37    2.91    5.04    0.39   28.62
C-G     0.00    0.00    0.00    0.00    0.00    0.00    0.33   -0.23    3.51    2.97    9.18   32.84
A-T     0.00    0.00    0.00    0.00    0.00    0.00   -0.28    0.23    4.15    4.80   18.82   35.18
A-T     0.00    0.00    0.00    0.00    0.00    0.00    0.51    0.65    3.05   -3.28    7.82   43.27
A-T     0.00    0.00    0.00    0.00    0.00    0.00   -0.99    0.55    3.01   -5.38   -4.44   34.97
A-T     0.00    0.00    0.00    0.00    0.00    0.00   -0.20   -0.91    3.51   -5.36   -0.77   34.78
G-C     0.00    0.00    0.00    0.00    0.00    0.00   -0.22    0.88    3.65   -2.57   -7.31   40.70
G-C     0.00    0.00    0.00    0.00    0.00    0.00   -0.85    0.07    3.20   -5.28  -28.46   31.19
C-G     0.00    0.00    0.00    0.00    0.00    0.00    1.37    0.10    4.55    0.56  -19.76   38.57
A-T     0.00    0.00    0.00    0.00    0.00    0.00   -0.22    0.94    3.24   13.76    7.05   42.01
T-A     0.00    0.00    0.00    0.00    0.00    0.00    0.40   -0.64    3.33   -3.63   15.45   21.78
G-C     0.00    0.00    0.00    0.00    0.00    0.00    0.06    1.18    4.10    0.24    8.11   41.53
T-A     0.00    0.00    0.00    0.00    0.00    0.00   -0.76   -0.67    3.38   -0.68    8.68   27.31
T-A     0.00    0.00    0.00    0.00    0.00    0.00    0.27    0.23    2.99    3.54    3.82   31.87
C-G     0.00    0.00    0.00    0.00    0.00    0.00    0.81    0.68    3.23    3.05    6.80   36.25
A-T     0.00    0.00    0.00    0.00    0.00    0.00   -0.68    1.45    3.65   -2.31   -6.41   44.83
G-C     0.00    0.00    0.00    0.00    0.00    0.00    0.79    0.95    3.53    6.29   -1.10   32.76
C-G     0.00    0.00    0.00    0.00    0.00    0.00   -0.51    0.77    3.28   -5.86   -3.55   41.19
T-A     0.00    0.00    0.00    0.00    0.00    0.00   -0.01    0.99    3.29    2.90   -1.34   35.81
G-C     0.00    0.00    0.00    0.00    0.00    0.00    0.94    1.04    3.17   -0.62    2.82   34.37
A-T     0.00    0.00    0.00    0.00    0.00    0.00   -0.69   -0.06    3.36   -5.88    7.06   34.64
A-T     0.00    0.00    0.00    0.00    0.00    0.00   -0.12   -0.29    3.20    2.98    5.37   34.15
T-A     0.00    0.00    0.00    0.00    0.00    0.00    0.12   -0.62    3.39   -1.12    8.97   28.91
T-A     0.00    0.00    0.00    0.00    0.00    0.00   -0.15   -0.32    3.19    2.38    7.42   33.26
C-G     0.00    0.00    0.00    0.00    0.00    0.00    0.08    0.10    3.26    1.75    5.21   30.20
A-T     0.00    0.00    0.00    0.00    0.00    0.00   -0.60    1.73    3.42   -0.04    0.15   42.76
G-C     0.00    0.00    0.00    0.00    0.00    0.00    0.93    0.82    3.32   -0.85   -2.89   36.16
C-G     0.00    0.00    0.00    0.00    0.00    0.00   -1.18    1.14    3.38   -4.07   -7.15   37.78
T-A     0.00    0.00    0.00    0.00    0.00    0.00    1.24    1.40    3.74    2.69   -5.97   43.10
G-C     0.00    0.00    0.00    0.00    0.00    0.00   -0.68    0.75    2.96   -2.27    5.85   33.97
A-T     0.00    0.00    0.00    0.00    0.00    0.00   -0.41    0.19    3.35   -0.75    5.71   33.81
A-T     0.00    0.00    0.00    0.00    0.00    0.00    0.28    0.25    3.32    1.95   10.09   33.48
C-G     0.00    0.00    0.00    0.00    0.00    0.00    0.18   -0.49    3.28   -1.16    4.56   29.85
A-T     0.00    0.00    0.00    0.00    0.00    0.00   -0.40    0.44    3.67    0.20   10.68   35.33
T-A     0.00    0.00    0.00    0.00    0.00    0.00    0.31   -0.57    3.11    2.42    0.28   28.38
G-C     0.00    0.00    0.00    0.00    0.00    0.00    0.89    0.49    3.42    0.16    9.77   36.16
C-G     0.00    0.00    0.00    0.00    0.00    0.00   -1.60    0.57    3.32   -3.00  -14.67   37.29
C-G     0.00    0.00    0.00    0.00    0.00    0.00    0.60    1.49    4.03    0.79   -8.72   45.57
T-A     0.00    0.00    0.00    0.00    0.00    0.00   -0.18    1.32    3.37    2.30   -9.46   41.75
T-A     0.00    0.00    0.00    0.00    0.00    0.00    0.36    0.13    2.94   -2.34    5.46   31.79
T-A     0.00    0.00    0.00    0.00    0.00    0.00    0.24    0.09    3.28    1.36   10.04   31.12
T-A     0.00    0.00    0.00    0.00    0.00    0.00   -0.20    0.36    3.49    0.44   12.93   32.62
G-C     0.00    0.00    0.00    0.00    0.00    0.00    0.05   -1.22    3.84    4.86   19.08   23.61
A-T     0.00    0.00    0.00    0.00    0.00    0.00    0.18   -0.13    2.92   -7.79    8.69   32.54
T-A     0.00    0.00    0.00    0.00    0.00    0.00   -0.24   -0.70    3.26   -1.68    4.71   25.82
G-C     0.00    0.00    0.00    0.00    0.00    0.00   -0.40    0.94    3.15    0.15   -1.38   38.44
G-C     0.00    0.00    0.00    0.00    0.00    0.00    0.97    0.35    3.45    6.28    1.20   33.40
A-T     0.00    0.00    0.00    0.00    0.00    0.00   -1.05    1.15    3.23   -8.30   -5.38   43.32
G-C     0.00    0.00    0.00    0.00    0.00    0.00    1.19    0.29    3.13    1.45   -6.49   35.75
C-G     0.00    0.00    0.00    0.00    0.00    0.00   -0.61    0.33    3.45   -0.22   -2.33   35.15
A-T     0.00    0.00    0.00    0.00    0.00    0.00    1.04    0.57    3.42    2.85    3.13   36.29
G-C     0.00    0.00    0.00    0.00    0.00    0.00   -1.28   -0.34    3.70   -4.72    9.36   36.69
T-A     0.00    0.00    0.00    0.00    0.00    0.00   -0.85   -0.54    3.18    0.91   13.51   30.51
T-A     0.00    0.00    0.00    0.00    0.00    0.00   -0.56   -0.19    3.22   -1.71    1.01   32.47
T-A     0.00    0.00    0.00    0.00    0.00    0.00    0.71    0.21    3.23    0.37    8.84   34.02
C-G     0.00    0.00    0.00    0.00    0.00    0.00    1.28    0.93    2.83    8.28    0.22   35.58
C-G     0.00    0.00    0.00    0.00    0.00    0.00   -1.16    0.92    3.62   -9.60    5.72   30.80
A-T     0.00    0.00    0.00    0.00    0.00    0.00    0.43    2.25    3.23    9.17  -19.14   48.76
A-T     0.00    0.00    0.00    0.00    0.00    0.00    0.09   -0.22    3.16   -2.65    5.41   31.90
A-T     0.00    0.00    0.00    0.00    0.00    0.00   -0.70   -0.38    3.62   -1.18    2.58   37.55
T-A     0.00    0.00    0.00    0.00    0.00    0.00   -0.33   -0.65    3.10    0.02   -6.22   30.83
A-T     0.00    0.00    0.00    0.00    0.00    0.00    0.37   -0.41    3.21  -10.91    4.97   38.79
C-G     0.00    0.00    0.00    0.00    0.00    0.00   -0.07   -0.89    3.05    3.98    4.05   22.78
A-T     0.00    0.00    0.00    0.00    0.00    0.00    0.15   -0.20    3.83    4.72   11.85   40.82
C-G     0.00    0.00    0.00    0.00    0.00    0.00    0.66   -0.42    3.38   -2.70    6.78   34.97
T-A     0.00    0.00    0.00    0.00    0.00    0.00   -0.37   -0.29    3.17    1.80    4.73   34.04
T-A     0.00    0.00    0.00    0.00    0.00    0.00    0.07   -0.09    3.53   -4.41   -3.27   34.70
T-A     0.00    0.00    0.00    0.00    0.00    0.00   -0.75   -0.15    2.99    2.96    1.99   33.75
T-A     0.00    0.00    0.00    0.00    0.00    0.00   -0.51    0.40    3.55   -3.76   -6.63   40.44
G-C     0.00    0.00    0.00    0.00    0.00    0.00    0.05    2.41    3.27    1.11   -4.86   40.82
G-C     0.00    0.00    0.00    0.00    0.00    0.00   -0.45    0.10    2.68  -11.75    2.16   26.56
T-A     0.00    0.00    0.00    0.00    0.00    0.00    0.61   -0.38    3.23    5.08    7.99   31.59
A-T     0.00    0.00    0.00    0.00    0.00    0.00   -0.79    0.34    3.61    2.70   15.07   34.88
G-C     0.00    0.00    0.00    0.00    0.00    0.00    0.29    0.08    3.29   -0.54    9.80   29.37
A-T     0.00    0.00    0.00    0.00    0.00    0.00   -0.35   -0.99    3.08   -4.91   13.75   24.47
A-T     0.00    0.00    0.00    0.00    0.00    0.00    1.05   -0.50    3.07   -6.13    2.75   37.46
T-A     0.00    0.00    0.00    0.00    0.00    0.00   -0.53   -0.96    3.32    0.17   -9.48   29.98
C-G     0.00    0.00    0.00    0.00    0.00    0.00    0.31   -0.51    3.47    2.57   -3.56   40.28
T-A     0.00    0.00    0.00    0.00    0.00    0.00   -0.89   -0.47    3.43   -6.39    4.22   31.82
G-C     0.00    0.00    0.00    0.00    0.00    0.00   -0.27    2.19    2.96    2.81  -17.42   46.29
C-G     0.00    0.00    0.00    0.00    0.00    0.00    0.33    0.57    3.04    5.18    7.10   31.03
A-T     0.00    0.00    0.00    0.00    0.00    0.00    0.17    2.68    3.46    0.98   -4.28   44.75
G-C     0.00    0.00    0.00    0.00    0.00    0.00    0.31    0.85    2.82   -7.00    7.65   27.90
G-C     0.00    0.00    0.00    0.00    0.00    0.00   -0.37   -0.53    3.59    0.02   16.54   32.24
T-A     0.00    0.00    0.00    0.00    0.00    0.00   -0.54   -0.60    3.33   -0.80    6.53   33.55
G-C     0.00    0.00    0.00    0.00    0.00    0.00    0.05    0.09    3.46    2.10   10.26   33.65
G-C     0.00    0.00    0.00    0.00    0.00    0.00    0.60    0.44    3.13   -1.17    5.71   28.12
A-T     0.00    0.00    0.00    0.00    0.00    0.00   -0.52   -0.46    3.17   -4.67    2.10   39.03
T-A     0.00    0.00    0.00    0.00    0.00    0.00   -0.08   -0.91    3.28    0.01   -3.42   30.45
A-T     0.00    0.00    0.00    0.00    0.00    0.00   -0.19    0.03    3.74    2.98   -1.21   42.27
T-A     0.00    0.00    0.00    0.00    0.00    0.00   -0.61   -0.58    3.03   -6.04   -3.69   30.61
T-A     0.00    0.00    0.00    0.00    0.00    0.00    0.64    0.11    3.31    2.52    1.30   35.53
G-C     0.00    0.00    0.00    0.00    0.00    0.00   -0.10   -0.14    3.38    4.60    2.63   37.24
A-T     0.00    0.00    0.00    0.00    0.00    0.00   -0.04   -0.06    3.28   -1.79    7.42   30.37
T-A     0.00    0.00    0.00    0.00    0.00    0.00    0.77   -0.70    3.16   -0.57    0.47   36.61
