 146 base-pairs
   0  ***local base-pair & step parameters***
       Shear  Stretch  Stagger Buckle Prop-Tw Opening   Shift  Slide    Rise    Tilt    Roll   Twist
A-T     0.00    0.00    0.00    0.00    0.00    0.00    0.00    0.00    0.00    0.00    0.00    0.00
T-A     0.00    0.00    0.00    0.00    0.00    0.00   -1.02   -0.64    3.36   -3.85   -1.71   31.85
C-G     0.00    0.00    0.00    0.00    0.00    0.00    1.09   -0.20    2.86    4.87    2.69   35.95
A-T     0.00    0.00    0.00    0.00    0.00    0.00   -0.36    0.62    3.47   -3.66    4.73   34.81
A-T     0.00    0.00    0.00    0.00    0.00    0.00   -0.64    0.31    3.30   -3.50    0.60   39.31
T-A     0.00    0.00    0.00    0.00    0.00    0.00    0.62   -0.62    3.03    7.20   -2.72   33.58
A-T     0.00    0.00    0.00    0.00    0.00    0.00    0.11   -0.23    3.55   -5.21   -3.59   39.67
T-A     0.00    0.00    0.00    0.00    0.00    0.00   -0.27   -1.15    3.18    6.12   -1.47   33.59
C-G     0.00    0.00    0.00    0.00    0.00    0.00    0.96    0.26    3.44    1.43   -0.41   34.25
C-G     0.00    0.00    0.00    0.00    0.00    0.00   -0.16    0.09    3.17   -1.77    9.19   27.56
A-T     0.00    0.00    0.00    0.00    0.00    0.00   -1.05    0.42    3.37   -1.59    5.90   31.50
C-G     0.00    0.00    0.00    0.00    0.00    0.00    0.33   -1.08    3.31   -0.50    6.78   33.44
C-G     0.00    0.00    0.00    0.00    0.00    0.00    0.48    0.02    3.47    1.93   12.74   31.64
T-A     0.00    0.00    0.00    0.00    0.00    0.00   -0.97    0.37    3.57   -6.83    6.73   32.21
G-C     0.00    0.00    0.00    0.00    0.00    0.00    0.60    1.01    3.18    4.26   -6.93   39.14
C-G     0.00    0.00    0.00    0.00    0.00    0.00   -0.40    0.04    3.48   -6.44    5.85   37.84
A-T     0.00    0.00    0.00    0.00    0.00    0.00   -0.03    1.85    3.10    3.48  -21.46   42.28
G-C     0.00    0.00    0.00    0.00    0.00    0.00    0.65    0.15    3.52    2.57    1.00   36.43
A-T     0.00    0.00    0.00    0.00    0.00    0.00    0.06   -1.04    3.17    0.78   -5.93   35.37
T-A     0.00    0.00    0.00    0.00    0.00    0.00    0.10    0.13    2.99    3.24   -4.50   36.65
T-A     0.00    0.00    0.00    0.00    0.00    0.00   -0.03   -1.21    3.47    3.60    4.20   30.55
C-G     0.00    0.00    0.00    0.00    0.00    0.00   -0.20   -0.29    2.72    3.27    9.01   27.09
T-A     0.00    0.00    0.00    0.00    0.00    0.00   -0.21   -0.59    3.74    1.03   11.77   27.68
A-T     0.00    0.00    0.00    0.00    0.00    0.00    1.76    0.76    3.68    2.62   22.83   33.91
C-G     0.00    0.00    0.00    0.00    0.00    0.00   -1.25    0.01    3.00  -12.15    3.54   31.81
C-G     0.00    0.00    0.00    0.00    0.00    0.00    0.76   -0.21    2.70   13.32    7.08   29.46
A-T     0.00    0.00    0.00    0.00    0.00    0.00   -0.03    2.47    3.10   -4.55  -14.88   41.03
A-T     0.00    0.00    0.00    0.00    0.00    0.00    0.35    0.39    3.62    4.59    3.90   39.10
A-T     0.00    0.00    0.00    0.00    0.00    0.00    0.52   -0.07    3.37   -1.33   -8.55   41.27
A-T     0.00    0.00    0.00    0.00    0.00    0.00    0.09   -0.44    3.26   -2.81    2.81   31.54
G-C     0.00    0.00    0.00    0.00    0.00    0.00    0.18   -0.71    3.47    0.83   -0.42   35.87
T-A     0.00    0.00    0.00    0.00    0.00    0.00   -0.57   -0.75    3.02    4.83   -1.15   28.16
G-C     0.00    0.00    0.00    0.00    0.00    0.00    1.24    0.28    3.89    2.87   13.17   35.05
T-A     0.00    0.00    0.00    0.00    0.00    0.00   -1.24   -0.61    2.83   -3.28   15.48   23.56
A-T     0.00    0.00    0.00    0.00    0.00    0.00    0.19   -0.80    3.72   -4.72    1.54   41.53
T-A     0.00    0.00    0.00    0.00    0.00    0.00    0.21   -1.00    3.45    2.12    2.95   31.91
T-A     0.00    0.00    0.00    0.00    0.00    0.00    0.25   -0.11    3.09    3.08   -8.17   40.00
T-A     0.00    0.00    0.00    0.00    0.00    0.00    0.10   -0.40    3.53   -7.40    3.79   31.11
G-C     0.00    0.00    0.00    0.00    0.00    0.00   -0.92    2.12    3.12    1.51  -20.92   46.64
G-C     0.00    0.00    0.00    0.00    0.00    0.00    0.86    1.07    3.48    7.18    6.29   30.12
A-T     0.00    0.00    0.00    0.00    0.00    0.00   -1.27    1.11    3.11  -12.09    0.39   37.56
A-T     0.00    0.00    0.00    0.00    0.00    0.00    0.54   -0.35    3.20   -1.66    3.84   33.25
A-T     0.00    0.00    0.00    0.00    0.00    0.00   -0.24   -0.28    3.53   -1.84   15.26   30.87
C-G     0.00    0.00    0.00    0.00    0.00    0.00    0.12   -0.32    2.97    4.51   -1.84   33.87
T-A     0.00    0.00    0.00    0.00    0.00    0.00    1.29    0.02    3.34    1.28   11.87   34.02
G-C     0.00    0.00    0.00    0.00    0.00    0.00   -1.34    0.32    3.59   -6.23    9.96   36.15
C-G     0.00    0.00    0.00    0.00    0.00    0.00    0.45    0.88    3.54    0.32  -11.41   46.02
T-A     0.00    0.00    0.00    0.00    0.00    0.00   -1.40   -0.01    2.83    0.34   -0.66   31.92
C-G     0.00    0.00    0.00    0.00    0.00    0.00    1.77    1.90    3.27    7.47  -11.24   43.47
C-G     0.00    0.00    0.00    0.00    0.00    0.00   -0.86    0.31    3.41   -5.27    5.63   35.26
A-T     0.00    0.00    0.00    0.00    0.00    0.00    0.32    0.88    3.34   -4.14   -3.51   40.85
T-A     0.00    0.00    0.00    0.00    0.00    0.00    0.58   -0.33    2.98    6.63    1.09   29.96
C-G     0.00    0.00    0.00    0.00    0.00    0.00    0.43   -0.02    3.55    3.18    9.51   33.52
A-T     0.00    0.00    0.00    0.00    0.00    0.00   -0.24    0.21    4.08    3.46   18.51   33.88
A-T     0.00    0.00    0.00    0.00    0.00    0.00    0.39    0.49    3.01   -3.80    7.53   42.47
A-T     0.00    0.00    0.00    0.00    0.00    0.00   -1.02    0.57    3.08   -4.40   -4.54   36.18
A-T     0.00    0.00    0.00    0.00    0.00    0.00   -0.04   -0.81    3.55   -4.66   -0.64   35.64
G-C     0.00    0.00    0.00    0.00    0.00    0.00   -0.18    0.86    3.59   -3.09   -6.87   39.64
G-C     0.00    0.00    0.00    0.00    0.00    0.00   -1.05    0.02    3.16   -6.02  -28.33   30.33
C-G     0.00    0.00    0.00    0.00    0.00    0.00    1.32    0.15    4.62    0.61  -20.45   39.46
A-T     0.00    0.00    0.00    0.00    0.00    0.00   -0.01    0.94    3.27   14.38    6.58   42.80
T-A     0.00    0.00    0.00    0.00    0.00    0.00    0.46   -0.73    3.26   -3.24   16.27   21.06
G-C     0.00    0.00    0.00    0.00    0.00    0.00   -0.17    1.21    4.07   -0.11    8.95   40.88
T-A     0.00    0.00    0.00    0.00    0.00    0.00   -0.84   -0.54    3.45   -1.42    7.85   27.88
T-A     0.00    0.00    0.00    0.00    0.00    0.00    0.49    0.18    3.00    3.50    2.63   32.32
C-G     0.00    0.00    0.00    0.00    0.00    0.00    0.91    0.49    3.17    4.00    7.51   35.78
A-T     0.00    0.00    0.00    0.00    0.00    0.00   -0.90    1.51    3.64   -1.83   -4.93   44.62
G-C     0.00    0.00    0.00    0.00    0.00    0.00    0.68    1.18    3.59    5.28   -1.59   33.19
C-G     0.00    0.00    0.00    0.00    0.00    0.00   -0.31    0.73    3.29   -6.80   -5.22   41.13
T-A     0.00    0.00    0.00    0.00    0.00    0.00    0.10    0.72    3.23    3.80   -1.15   35.35
G-C     0.00    0.00    0.00    0.00    0.00    0.00    0.77    1.06    3.17    0.72    4.53   34.67
A-T     0.00    0.00    0.00    0.00    0.00    0.00   -0.80    0.24    3.42   -6.54    7.18   35.20
A-T     0.00    0.00    0.00    0.00    0.00    0.00    0.02   -0.28    3.20    1.35    3.73   33.64
T-A     0.00    0.00    0.00    0.00    0.00    0.00    0.21   -0.92    3.32   -0.81    8.56   28.21
T-A     0.00    0.00    0.00    0.00    0.00    0.00   -0.28   -0.37    3.21    4.16    8.85   33.93
C-G     0.00    0.00    0.00    0.00    0.00    0.00    0.01    0.39    3.33    1.85    5.83   31.08
A-T     0.00    0.00    0.00    0.00    0.00    0.00   -0.49    1.80    3.40   -1.81   -0.98   42.00
G-C     0.00    0.00    0.00    0.00    0.00    0.00    0.96    0.55    3.25   -1.34   -3.62   35.11
C-G     0.00    0.00    0.00    0.00    0.00    0.00   -1.27    1.05    3.41   -2.48   -6.39   38.56
T-A     0.00    0.00    0.00    0.00    0.00    0.00    1.25    1.63    3.81    3.51   -5.26   44.32
G-C     0.00    0.00    0.00    0.00    0.00    0.00   -0.59    0.85    2.93   -3.55    5.46   33.25
A-T     0.00    0.00    0.00    0.00    0.00    0.00   -0.45    0.00    3.28   -1.79    5.15   32.48
A-T     0.00    0.00    0.00    0.00    0.00    0.00    0.19    0.16    3.35    2.82   10.14   34.10
C-G     0.00    0.00    0.00    0.00    0.00    0.00    0.27   -0.35    3.36   -0.06    4.86   31.24
A-T     0.00    0.00    0.00    0.00    0.00    0.00   -0.29    0.51    3.64   -0.22   10.89   34.84
T-A     0.00    0.00    0.00    0.00    0.00    0.00    0.19   -0.66    3.04    1.40    0.34   27.01
G-C     0.00    0.00    0.00    0.00    0.00    0.00    0.76    0.46    3.45    0.14    9.41   36.50
C-G     0.00    0.00    0.00    0.00    0.00    0.00   -1.46    0.63    3.39   -2.23  -15.12   38.56
C-G     0.00    0.00    0.00    0.00    0.00    0.00    0.75    1.47    3.99    1.16   -8.34   45.34
T-A     0.00    0.00    0.00    0.00    0.00    0.00   -0.33    1.27    3.30    1.90   -8.62   40.63
T-A     0.00    0.00    0.00    0.00    0.00    0.00    0.18    0.20    2.97   -2.96    5.18   31.94
T-A     0.00    0.00    0.00    0.00    0.00    0.00    0.39    0.13    3.34    1.30    8.86   32.03
T-A     0.00    0.00    0.00    0.00    0.00    0.00    0.01    0.22    3.45    1.14   12.99   32.49
G-C     0.00    0.00    0.00    0.00    0.00    0.00   -0.08   -1.28    3.79    5.40   20.50   22.95
A-T     0.00    0.00    0.00    0.00    0.00    0.00   -0.03    0.06    2.96   -8.41    8.91   32.73
T-A     0.00    0.00    0.00    0.00    0.00    0.00   -0.13   -0.62    3.31   -2.67    3.16   26.25
G-C     0.00    0.00    0.00    0.00    0.00    0.00   -0.19    0.72    3.11    0.55   -1.92   38.14
G-C     0.00    0.00    0.00    0.00    0.00    0.00    0.88    0.24    3.40    7.62    2.74   33.18
A-T     0.00    0.00    0.00    0.00    0.00    0.00   -1.25    1.38    3.29   -8.36   -4.54   43.80
G-C     0.00    0.00    0.00    0.00    0.00    0.00    1.26    0.45    3.16   -0.11   -7.90   35.80
C-G     0.00    0.00    0.00    0.00    0.00    0.00   -0.43    0.09    3.39   -0.57   -3.42   34.46
A-T     0.00    0.00    0.00    0.00    0.00    0.00    0.98    0.38    3.39    4.46    4.29   36.35
G-C     0.00    0.00    0.00    0.00    0.00    0.00   -1.43   -0.11    3.76   -3.95   10.60   37.61
T-A     0.00    0.00    0.00    0.00    0.00    0.00   -0.79   -0.33    3.20   -0.60   12.66   30.43
T-A     0.00    0.00    0.00    0.00    0.00    0.00   -0.45   -0.39    3.16   -2.84   -0.25   31.34
T-A     0.00    0.00    0.00    0.00    0.00    0.00    0.66   -0.02    3.21    1.63    9.35   34.07
C-G     0.00    0.00    0.00    0.00    0.00    0.00    1.20    1.10    2.90    9.68    1.37   36.90
C-G     0.00    0.00    0.00    0.00    0.00    0.00   -1.09    1.14    3.65  -10.50    5.53   30.84
A-T     0.00    0.00    0.00    0.00    0.00    0.00    0.48    2.13    3.15    7.65  -20.06   47.33
A-T     0.00    0.00    0.00    0.00    0.00    0.00    0.00   -0.42    3.14   -2.17    5.35   31.74
A-T     0.00    0.00    0.00    0.00    0.00    0.00   -0.72   -0.29    3.70    0.29    3.16   39.03
T-A     0.00    0.00    0.00    0.00    0.00    0.00   -0.21   -0.48    3.12   -0.04   -6.01   31.13
A-T     0.00    0.00    0.00    0.00    0.00    0.00    0.36   -0.47    3.13  -12.18    4.79   37.34
C-G     0.00    0.00    0.00    0.00    0.00    0.00   -0.21   -1.01    3.04    3.68    3.80   22.36
A-T     0.00    0.00    0.00    0.00    0.00    0.00    0.17   -0.15    3.91    5.66   11.63   42.17
C-G     0.00    0.00    0.00    0.00    0.00    0.00    0.84   -0.35    3.39   -2.15    6.92   35.47
T-A     0.00    0.00    0.00    0.00    0.00    0.00   -0.39   -0.34    3.10    1.30    5.32   32.84
T-A     0.00    0.00    0.00    0.00    0.00    0.00   -0.14   -0.10    3.52   -5.06   -3.20   34.18
T-A     0.00    0.00    0.00    0.00    0.00    0.00   -0.74   -0.08    3.06    2.97    1.11   34.76
T-A     0.00    0.00    0.00    0.00    0.00    0.00   -0.28    0.36    3.56   -3.16   -7.00   40.91
G-C     0.00    0.00    0.00    0.00    0.00    0.00    0.05    2.31    3.20    1.55   -3.80   40.02
G-C     0.00    0.00    0.00    0.00    0.00    0.00   -0.70    0.19    2.68  -12.13    2.88   26.20
T-A     0.00    0.00    0.00    0.00    0.00    0.00    0.59   -0.24    3.30    4.24    6.87   32.22
A-T     0.00    0.00    0.00    0.00    0.00    0.00   -0.54    0.23    3.61    2.75   14.00   35.05
G-C     0.00    0.00    0.00    0.00    0.00    0.00    0.32   -0.10    3.22    0.57   10.83   28.89
A-T     0.00    0.00    0.00    0.00    0.00    0.00   -0.59   -0.87    3.09   -4.54   15.10   24.53
A-T     0.00    0.00    0.00    0.00    0.00    0.00    1.01   -0.27    3.13   -7.36    1.91   37.86
T-A     0.00    0.00    0.00    0.00    0.00    0.00   -0.31   -1.07    3.30   -0.64  -11.04   29.66
C-G     0.00    0.00    0.00    0.00    0.00    0.00    0.36   -0.77    3.41    3.74   -3.00   39.90
T-A     0.00    0.00    0.00    0.00    0.00    0.00   -1.08   -0.38    3.45   -5.17    5.87   32.38
G-C     0.00    0.00    0.00    0.00    0.00    0.00   -0.32    2.48    3.02    1.83  -17.67   46.72
C-G     0.00    0.00    0.00    0.00    0.00    0.00    0.48    0.51    3.01    3.64    5.50   30.24
A-T     0.00    0.00    0.00    0.00    0.00    0.00    0.21    2.38    3.41    1.64   -4.33   44.21
G-C     0.00    0.00    0.00    0.00    0.00    0.00    0.19    0.89    2.86   -5.26    9.07   28.86
G-C     0.00    0.00    0.00    0.00    0.00    0.00   -0.38   -0.24    3.65   -0.24   16.85   32.93
T-A     0.00    0.00    0.00    0.00    0.00    0.00   -0.44   -0.60    3.28   -2.57    5.40   32.49
G-C     0.00    0.00    0.00    0.00    0.00    0.00    0.03   -0.18    3.40    1.96    9.80   32.81
G-C     0.00    0.00    0.00    0.00    0.00    0.00    0.52    0.42    3.18    0.46    6.48   29.21
A-T     0.00    0.00    0.00    0.00    0.00    0.00   -0.46   -0.24    3.23   -4.17    2.60   40.02
T-A     0.00    0.00    0.00    0.00    0.00    0.00   -0.01   -0.87    3.23   -1.34   -3.80   29.39
A-T     0.00    0.00    0.00    0.00    0.00    0.00   -0.29   -0.15    3.69    2.21   -1.61   41.16
T-A     0.00    0.00    0.00    0.00    0.00    0.00   -0.68   -0.61    3.08   -5.09   -3.69   31.57
T-A     0.00    0.00    0.00    0.00    0.00    0.00    0.77    0.24    3.37    3.42    1.49   36.70
G-C     0.00    0.00    0.00    0.00    0.00    0.00   -0.02   -0.13    3.33    4.10    2.93   36.42
A-T     0.00    0.00    0.00    0.00    0.00    0.00   -0.20   -0.14    3.22   -2.66    7.54   29.21
T-A     0.00    0.00    0.00    0.00    0.00    0.00    0.67   -0.68    3.21   -0.53   -0.04   37.27
