 146 base-pairs
   0  ***local base-pair & step parameters***
       Shear  Stretch  Stagger Buckle Prop-Tw Opening   Shift  Slide    Rise    Tilt    Roll   Twist
A-T     0.00    0.00    0.00    0.00    0.00    0.00    0.00    0.00    0.00    0.00    0.00    0.00
T-A     0.00    0.00    0.00    0.00    0.00    0.00   -1.18   -0.80    3.38   -3.23   -1.43   31.91
C-G     0.00    0.00    0.00    0.00    0.00    0.00    0.94   -0.09    2.89    5.83    2.69   36.53
A-T     0.00    0.00    0.00    0.00    0.00    0.00   -0.20    0.77    3.45   -4.21    4.34   34.66
A-T     0.00    0.00    0.00    0.00    0.00    0.00   -0.49    0.19    3.26   -4.46    0.68   38.57
T-A     0.00    0.00    0.00    0.00    0.00    0.00    0.46   -0.75    3.06    7.66   -2.23   33.80
A-T     0.00    0.00    0.00    0.00    0.00    0.00   -0.03   -0.11    3.61   -4.26   -3.75   40.58
T-A     0.00    0.00    0.00    0.00    0.00    0.00   -0.10   -1.02    3.14    5.73   -2.07   33.32
C-G     0.00    0.00    0.00    0.00    0.00    0.00    1.10    0.14    3.37    0.52   -0.19   33.18
C-G     0.00    0.00    0.00    0.00    0.00    0.00   -0.33   -0.03    3.20   -1.47    9.91   27.85
A-T     0.00    0.00    0.00    0.00    0.00    0.00   -1.19    0.55    3.46   -0.74    5.64   32.71
C-G     0.00    0.00    0.00    0.00    0.00    0.00    0.49   -0.97    3.27   -0.72    5.96   33.14
C-G     0.00    0.00    0.00    0.00    0.00    0.00    0.61   -0.12    3.37    1.16   13.03   30.29
T-A     0.00    0.00    0.00    0.00    0.00    0.00   -1.13    0.28    3.60   -6.67    7.65   32.48
G-C     0.00    0.00    0.00    0.00    0.00    0.00    0.48    1.15    3.29    4.92   -7.23   40.61
C-G     0.00    0.00    0.00    0.00    0.00    0.00   -0.25    0.12    3.45   -6.54    4.84   37.61
A-T     0.00    0.00    0.00    0.00    0.00    0.00    0.08    1.70    2.98    2.93  -21.18   40.73
G-C     0.00    0.00    0.00    0.00    0.00    0.00    0.50    0.09    3.55    2.63    2.08   36.61
A-T     0.00    0.00    0.00    0.00    0.00    0.00   -0.04   -0.89    3.30    1.19   -6.20   36.98
T-A     0.00    0.00    0.00    0.00    0.00    0.00    0.24    0.17    2.98    3.21   -5.65   36.54
T-A     0.00    0.00    0.00    0.00    0.00    0.00    0.06   -1.36    3.34    3.32    4.44   28.90
C-G     0.00    0.00    0.00    0.00    0.00    0.00   -0.33   -0.32    2.73    3.29   10.20   27.14
T-A     0.00    0.00    0.00    0.00    0.00    0.00   -0.28   -0.42    3.88    1.17   11.57   29.34
A-T     0.00    0.00    0.00    0.00    0.00    0.00    1.88    0.78    3.68    2.59   21.62   33.93
C-G     0.00    0.00    0.00    0.00    0.00    0.00   -1.20   -0.16    2.86  -12.15    3.69   30.18
C-G     0.00    0.00    0.00    0.00    0.00    0.00    0.63   -0.21    2.70   13.38    8.28   29.37
A-T     0.00    0.00    0.00    0.00    0.00    0.00   -0.07    2.64    3.23   -4.69  -14.98   42.60
A-T     0.00    0.00    0.00    0.00    0.00    0.00    0.47    0.38    3.64    4.50    2.72   39.26
A-T     0.00    0.00    0.00    0.00    0.00    0.00    0.54   -0.25    3.24   -1.05   -8.49   39.78
A-T     0.00    0.00    0.00    0.00    0.00    0.00   -0.03   -0.42    3.24   -2.66    3.95   31.35
G-C     0.00    0.00    0.00    0.00    0.00    0.00    0.18   -0.53    3.59    0.43   -0.43   37.25
T-A     0.00    0.00    0.00    0.00    0.00    0.00   -0.45   -0.78    3.05    4.60   -2.23   28.38
G-C     0.00    0.00    0.00    0.00    0.00    0.00    1.22    0.10    3.78    3.38   13.16   33.80
T-A     0.00    0.00    0.00    0.00    0.00    0.00   -1.35   -0.56    2.79   -2.97   16.47   23.32
A-T     0.00    0.00    0.00    0.00    0.00    0.00    0.23   -0.61    3.82   -5.31    1.58   42.64
T-A     0.00    0.00    0.00    0.00    0.00    0.00    0.32   -1.06    3.48    1.72    2.05   32.14
T-A     0.00    0.00    0.00    0.00    0.00    0.00    0.19   -0.30    3.01    3.74   -8.22   39.05
T-A     0.00    0.00    0.00    0.00    0.00    0.00   -0.02   -0.34    3.49   -6.90    4.59   30.92
G-C     0.00    0.00    0.00    0.00    0.00    0.00   -0.84    2.30    3.19    0.79  -20.88   47.42
G-C     0.00    0.00    0.00    0.00    0.00    0.00    0.98    1.00    3.51    6.59    5.61   30.25
A-T     0.00    0.00    0.00    0.00    0.00    0.00   -1.37    0.92    3.06  -11.35    0.37   36.94
A-T     0.00    0.00    0.00    0.00    0.00    0.00    0.42   -0.27    3.17   -0.97    4.39   33.20
A-T     0.00    0.00    0.00    0.00    0.00    0.00   -0.12   -0.10    3.57   -2.59   15.24   31.32
C-G     0.00    0.00    0.00    0.00    0.00    0.00    0.25   -0.41    2.99    3.74   -2.27   33.81
T-A     0.00    0.00    0.00    0.00    0.00    0.00    1.16   -0.16    3.32    2.01   11.94   33.73
G-C     0.00    0.00    0.00    0.00    0.00    0.00   -1.47    0.41    3.58   -5.38   10.26   36.33
C-G     0.00    0.00    0.00    0.00    0.00    0.00    0.59    1.05    3.55   -0.38  -11.55   46.16
T-A     0.00    0.00    0.00    0.00    0.00    0.00   -1.26   -0.11    2.83   -0.56   -0.85   31.60
C-G     0.00    0.00    0.00    0.00    0.00    0.00    1.62    1.73    3.27    8.13  -11.02   43.45
C-G     0.00    0.00    0.00    0.00    0.00    0.00   -1.00    0.41    3.42   -4.34    5.71   35.73
A-T     0.00    0.00    0.00    0.00    0.00    0.00    0.48    1.04    3.32   -4.73   -3.83   40.75
T-A     0.00    0.00    0.00    0.00    0.00    0.00    0.72   -0.44    2.95    5.67    1.11   29.33
C-G     0.00    0.00    0.00    0.00    0.00    0.00    0.26   -0.17    3.57    3.69    9.92   33.70
A-T     0.00    0.00    0.00    0.00    0.00    0.00   -0.39    0.33    4.13    4.41   18.40   34.68
A-T     0.00    0.00    0.00    0.00    0.00    0.00    0.55    0.62    2.98   -4.24    7.00   42.23
A-T     0.00    0.00    0.00    0.00    0.00    0.00   -0.87    0.44    3.02   -5.34   -4.36   35.22
A-T     0.00    0.00    0.00    0.00    0.00    0.00   -0.20   -0.93    3.59   -4.30    0.00   35.92
G-C     0.00    0.00    0.00    0.00    0.00    0.00   -0.32    0.98    3.66   -2.20   -7.10   40.76
G-C     0.00    0.00    0.00    0.00    0.00    0.00   -0.88    0.13    3.13   -6.30  -29.08   30.03
C-G     0.00    0.00    0.00    0.00    0.00    0.00    1.46    0.02    4.52   -0.21  -20.18   38.20
A-T     0.00    0.00    0.00    0.00    0.00    0.00   -0.17    0.85    3.31   14.58    7.43   43.09
T-A     0.00    0.00    0.00    0.00    0.00    0.00    0.33   -0.59    3.37   -2.51   15.98   22.45
G-C     0.00    0.00    0.00    0.00    0.00    0.00   -0.01    1.29    4.04   -0.25    8.00   40.62
T-A     0.00    0.00    0.00    0.00    0.00    0.00   -0.72   -0.68    3.33   -2.04    8.14   26.39
T-A     0.00    0.00    0.00    0.00    0.00    0.00    0.34    0.11    3.03    3.59    3.67   32.54
C-G     0.00    0.00    0.00    0.00    0.00    0.00    0.80    0.64    3.29    4.51    7.23   37.36
A-T     0.00    0.00    0.00    0.00    0.00    0.00   -0.75    1.56    3.62   -1.87   -6.04   44.46
G-C     0.00    0.00    0.00    0.00    0.00    0.00    0.78    1.03    3.46    4.91   -1.33   31.56
C-G     0.00    0.00    0.00    0.00    0.00    0.00   -0.45    0.69    3.30   -6.77   -4.06   41.23
T-A     0.00    0.00    0.00    0.00    0.00    0.00    0.02    0.88    3.37    4.04   -1.37   37.01
G-C     0.00    0.00    0.00    0.00    0.00    0.00    0.90    1.09    3.16    0.70    3.34   34.65
A-T     0.00    0.00    0.00    0.00    0.00    0.00   -0.73    0.07    3.28   -6.63    7.36   33.55
A-T     0.00    0.00    0.00    0.00    0.00    0.00   -0.10   -0.29    3.19    1.38    4.94   33.59
T-A     0.00    0.00    0.00    0.00    0.00    0.00    0.16   -0.75    3.46   -0.87    8.43   29.82
T-A     0.00    0.00    0.00    0.00    0.00    0.00   -0.16   -0.37    3.22    4.09    7.65   34.05
C-G     0.00    0.00    0.00    0.00    0.00    0.00    0.04    0.22    3.20    2.04    5.92   29.53
A-T     0.00    0.00    0.00    0.00    0.00    0.00   -0.61    1.82    3.38   -1.70    0.19   41.83
G-C     0.00    0.00    0.00    0.00    0.00    0.00    0.95    0.73    3.38   -1.66   -3.66   36.56
C-G     0.00    0.00    0.00    0.00    0.00    0.00   -1.15    1.02    3.43   -2.66   -7.51   38.77
T-A     0.00    0.00    0.00    0.00    0.00    0.00    1.24    1.45    3.69    3.95   -5.25   42.97
G-C     0.00    0.00    0.00    0.00    0.00    0.00   -0.71    0.89    2.90   -3.30    6.52   33.01
A-T     0.00    0.00    0.00    0.00    0.00    0.00   -0.42    0.18    3.39   -2.33    5.18   33.69
A-T     0.00    0.00    0.00    0.00    0.00    0.00    0.30    0.11    3.38    2.47    9.17   34.34
C-G     0.00    0.00    0.00    0.00    0.00    0.00    0.21   -0.54    3.26    0.56    4.81   30.18
A-T     0.00    0.00    0.00    0.00    0.00    0.00   -0.40    0.57    3.61    0.22   11.75   34.62
T-A     0.00    0.00    0.00    0.00    0.00    0.00    0.27   -0.48    3.11    0.72    0.38   27.91
G-C     0.00    0.00    0.00    0.00    0.00    0.00    0.88    0.40    3.49   -0.39    8.65   36.68
C-G     0.00    0.00    0.00    0.00    0.00    0.00   -1.56    0.45    3.33   -1.50  -15.15   37.84
C-G     0.00    0.00    0.00    0.00    0.00    0.00    0.64    1.54    3.96    1.79   -7.70   45.24
T-A     0.00    0.00    0.00    0.00    0.00    0.00   -0.22    1.46    3.35    1.16   -8.61   41.19
T-A     0.00    0.00    0.00    0.00    0.00    0.00    0.30    0.12    2.99   -3.67    4.67   31.95
T-A     0.00    0.00    0.00    0.00    0.00    0.00    0.26   -0.05    3.30    2.05    8.89   31.63
T-A     0.00    0.00    0.00    0.00    0.00    0.00   -0.12    0.31    3.44    1.94   13.38   32.58
G-C     0.00    0.00    0.00    0.00    0.00    0.00    0.06   -1.10    3.80    4.68   20.41   23.19
A-T     0.00    0.00    0.00    0.00    0.00    0.00    0.10   -0.04    2.96   -9.27    8.65   32.50
T-A     0.00    0.00    0.00    0.00    0.00    0.00   -0.27   -0.79    3.31   -1.98    3.32   26.14
G-C     0.00    0.00    0.00    0.00    0.00    0.00   -0.32    0.83    3.12    1.47   -1.78   38.51
G-C     0.00    0.00    0.00    0.00    0.00    0.00    1.03    0.40    3.40    6.98    2.49   33.16
A-T     0.00    0.00    0.00    0.00    0.00    0.00   -1.11    1.28    3.26   -9.31   -4.57   43.27
G-C     0.00    0.00    0.00    0.00    0.00    0.00    1.10    0.29    3.18    0.46   -7.55   35.92
C-G     0.00    0.00    0.00    0.00    0.00    0.00   -0.57    0.20    3.43    0.39   -3.48   35.15
A-T     0.00    0.00    0.00    0.00    0.00    0.00    1.15    0.52    3.37    3.97    3.84   36.14
G-C     0.00    0.00    0.00    0.00    0.00    0.00   -1.29   -0.23    3.71   -4.91   10.74   36.76
T-A     0.00    0.00    0.00    0.00    0.00    0.00   -0.96   -0.46    3.24   -0.19   13.22   30.69
T-A     0.00    0.00    0.00    0.00    0.00    0.00   -0.59   -0.27    3.22   -1.92   -0.45   32.35
T-A     0.00    0.00    0.00    0.00    0.00    0.00    0.82    0.10    3.17    1.29    8.67   33.78
C-G     0.00    0.00    0.00    0.00    0.00    0.00    1.34    0.97    2.81    8.81    1.62   35.73
C-G     0.00    0.00    0.00    0.00    0.00    0.00   -1.25    1.03    3.68  -10.24    6.32   31.14
A-T     0.00    0.00    0.00    0.00    0.00    0.00    0.34    2.26    3.25    8.44  -20.34   48.64
A-T     0.00    0.00    0.00    0.00    0.00    0.00    0.16   -0.33    3.10   -2.35    4.46   31.46
A-T     0.00    0.00    0.00    0.00    0.00    0.00   -0.59   -0.43    3.59   -0.40    3.45   37.61
T-A     0.00    0.00    0.00    0.00    0.00    0.00   -0.36   -0.56    3.15    0.08   -5.03   31.38
A-T     0.00    0.00    0.00    0.00    0.00    0.00    0.24   -0.33    3.25  -11.59    4.50   38.86
C-G     0.00    0.00    0.00    0.00    0.00    0.00   -0.07   -0.94    3.01    3.61    2.74   22.16
A-T     0.00    0.00    0.00    0.00    0.00    0.00    0.28   -0.30    3.78    5.19   11.90   40.58
C-G     0.00    0.00    0.00    0.00    0.00    0.00    0.70   -0.40    3.41   -2.11    8.05   35.61
T-A     0.00    0.00    0.00    0.00    0.00    0.00   -0.49   -0.19    3.23    1.63    5.08   34.48
T-A     0.00    0.00    0.00    0.00    0.00    0.00   -0.01   -0.06    3.50   -5.08   -4.38   34.11
T-A     0.00    0.00    0.00    0.00    0.00    0.00   -0.66   -0.25    2.92    2.79    1.32   33.10
T-A     0.00    0.00    0.00    0.00    0.00    0.00   -0.41    0.33    3.56   -3.14   -5.80   40.91
G-C     0.00    0.00    0.00    0.00    0.00    0.00   -0.02    2.48    3.34    1.59   -3.97   41.66
G-C     0.00    0.00    0.00    0.00    0.00    0.00   -0.57    0.19    2.68  -12.18    1.67   26.27
T-A     0.00    0.00    0.00    0.00    0.00    0.00    0.64   -0.41    3.17    4.34    6.99   30.62
A-T     0.00    0.00    0.00    0.00    0.00    0.00   -0.66    0.24    3.60    2.83   15.20   34.91
G-C     0.00    0.00    0.00    0.00    0.00    0.00    0.30    0.08    3.35    0.33   10.76   30.41
A-T     0.00    0.00    0.00    0.00    0.00    0.00   -0.47   -0.89    3.11   -4.67   13.95   24.71
A-T     0.00    0.00    0.00    0.00    0.00    0.00    1.01   -0.45    3.01   -7.00    1.94   36.44
T-A     0.00    0.00    0.00    0.00    0.00    0.00   -0.43   -1.04    3.28   -0.44   -9.94   29.44
C-G     0.00    0.00    0.00    0.00    0.00    0.00    0.38   -0.59    3.52    3.27   -2.99   41.20
T-A     0.00    0.00    0.00    0.00    0.00    0.00   -0.96   -0.42    3.48   -5.45    4.84   32.62
G-C     0.00    0.00    0.00    0.00    0.00    0.00   -0.36    2.29    2.92    2.40  -17.70   45.57
C-G     0.00    0.00    0.00    0.00    0.00    0.00    0.37    0.56    2.98    4.01    6.44   30.01
A-T     0.00    0.00    0.00    0.00    0.00    0.00    0.27    2.57    3.49    1.00   -4.29   45.22
G-C     0.00    0.00    0.00    0.00    0.00    0.00    0.30    0.82    2.89   -5.73    8.23   29.06
G-C     0.00    0.00    0.00    0.00    0.00    0.00   -0.46   -0.42    3.58    0.45   16.81   32.09
T-A     0.00    0.00    0.00    0.00    0.00    0.00   -0.56   -0.53    3.25   -2.00    6.12   32.33
G-C     0.00    0.00    0.00    0.00    0.00    0.00    0.13    0.00    3.46    1.23    9.83   33.48
G-C     0.00    0.00    0.00    0.00    0.00    0.00    0.64    0.34    3.21   -0.19    5.89   29.29
A-T     0.00    0.00    0.00    0.00    0.00    0.00   -0.57   -0.42    3.19   -3.42    2.60   39.52
T-A     0.00    0.00    0.00    0.00    0.00    0.00   -0.14   -0.78    3.21   -0.60   -3.33   29.41
A-T     0.00    0.00    0.00    0.00    0.00    0.00   -0.16    0.03    3.71    1.47   -1.66   41.50
T-A     0.00    0.00    0.00    0.00    0.00    0.00   -0.55   -0.70    3.09   -5.91   -4.03   31.43
T-A     0.00    0.00    0.00    0.00    0.00    0.00    0.63    0.07    3.36    4.13    1.60   36.50
G-C     0.00    0.00    0.00    0.00    0.00    0.00   -0.16   -0.03    3.33    4.98    3.15   36.69
A-T     0.00    0.00    0.00    0.00    0.00    0.00   -0.05    0.03    3.22   -3.33    7.35   29.27
T-A     0.00    0.00    0.00    0.00    0.00    0.00    0.81   -0.79    3.20   -1.46   -0.15   36.85
