 146 base-pairs
   0  ***local base-pair & step parameters***
       Shear  Stretch  Stagger Buckle Prop-Tw Opening   Shift  Slide    Rise    Tilt    Roll   Twist
A-T     0.00    0.00    0.00    0.00    0.00    0.00    0.00    0.00    0.00    0.00    0.00    0.00
T-A     0.00    0.00    0.00    0.00    0.00    0.00   -1.16   -0.77    3.37   -3.52   -0.95   31.55
C-G     0.00    0.00    0.00    0.00    0.00    0.00    0.94   -0.10    2.88    5.08    3.16   36.96
A-T     0.00    0.00    0.00    0.00    0.00    0.00   -0.23    0.72    3.43   -4.17    3.98   35.19
A-T     0.00    0.00    0.00    0.00    0.00    0.00   -0.49    0.19    3.23   -3.75    0.11   38.19
T-A     0.00    0.00    0.00    0.00    0.00    0.00    0.50   -0.71    3.07    7.83   -2.04   33.07
A-T     0.00    0.00    0.00    0.00    0.00    0.00   -0.03   -0.09    3.66   -4.84   -3.13   40.80
T-A     0.00    0.00    0.00    0.00    0.00    0.00   -0.16   -1.05    3.17    5.44   -2.07   34.21
C-G     0.00    0.00    0.00    0.00    0.00    0.00    1.08    0.09    3.30    0.94   -0.78   33.22
C-G     0.00    0.00    0.00    0.00    0.00    0.00   -0.27   -0.01    3.13   -1.14    9.75   26.92
A-T     0.00    0.00    0.00    0.00    0.00    0.00   -1.14    0.60    3.52   -1.03    6.14   32.37
C-G     0.00    0.00    0.00    0.00    0.00    0.00    0.44   -0.97    3.38   -1.01    6.22   34.00
C-G     0.00    0.00    0.00    0.00    0.00    0.00    0.54   -0.16    3.36    1.38   12.65   30.92
T-A     0.00    0.00    0.00    0.00    0.00    0.00   -1.10    0.25    3.47   -6.45    7.34   31.84
G-C     0.00    0.00    0.00    0.00    0.00    0.00    0.56    1.18    3.24    4.70   -6.95   39.80
C-G     0.00    0.00    0.00    0.00    0.00    0.00   -0.25    0.15    3.58   -6.74    5.14   37.97
A-T     0.00    0.00    0.00    0.00    0.00    0.00    0.00    1.69    3.08    3.21  -21.39   41.59
G-C     0.00    0.00    0.00    0.00    0.00    0.00    0.47    0.06    3.47    2.87    1.81   36.53
A-T     0.00    0.00    0.00    0.00    0.00    0.00    0.03   -0.90    3.16    0.86   -6.01   36.19
T-A     0.00    0.00    0.00    0.00    0.00    0.00    0.29    0.19    2.99    2.86   -5.38   36.41
T-A     0.00    0.00    0.00    0.00    0.00    0.00    0.01   -1.35    3.48    3.65    4.24   29.54
C-G     0.00    0.00    0.00    0.00    0.00    0.00   -0.39   -0.32    2.77    3.80    9.90   27.38
T-A     0.00    0.00    0.00    0.00    0.00    0.00   -0.26   -0.43    3.77    0.92   11.78   28.86
A-T     0.00    0.00    0.00    0.00    0.00    0.00    1.94    0.76    3.60    1.93   21.99   33.69
C-G     0.00    0.00    0.00    0.00    0.00    0.00   -1.20   -0.16    2.92  -12.08    3.51   30.56
C-G     0.00    0.00    0.00    0.00    0.00    0.00    0.59   -0.20    2.79   14.12    7.82   29.56
A-T     0.00    0.00    0.00    0.00    0.00    0.00   -0.07    2.66    3.22   -4.52  -14.89   42.25
A-T     0.00    0.00    0.00    0.00    0.00    0.00    0.50    0.38    3.57    3.77    3.27   39.11
A-T     0.00    0.00    0.00    0.00    0.00    0.00    0.54   -0.28    3.22   -1.47   -8.45   40.19
A-T     0.00    0.00    0.00    0.00    0.00    0.00   -0.05   -0.43    3.27   -2.06    3.37   31.52
G-C     0.00    0.00    0.00    0.00    0.00    0.00    0.19   -0.50    3.62    1.03   -0.65   36.75
T-A     0.00    0.00    0.00    0.00    0.00    0.00   -0.43   -0.75    3.05    4.22   -1.68   28.10
G-C     0.00    0.00    0.00    0.00    0.00    0.00    1.20    0.08    3.78    2.69   13.55   34.36
T-A     0.00    0.00    0.00    0.00    0.00    0.00   -1.38   -0.61    2.77   -2.82   16.03   23.80
A-T     0.00    0.00    0.00    0.00    0.00    0.00    0.25   -0.61    3.78   -4.64    1.06   42.12
T-A     0.00    0.00    0.00    0.00    0.00    0.00    0.37   -1.01    3.50    1.77    2.33   31.43
T-A     0.00    0.00    0.00    0.00    0.00    0.00    0.18   -0.28    3.08    3.18   -7.64   39.42
T-A     0.00    0.00    0.00    0.00    0.00    0.00   -0.08   -0.37    3.52   -7.08    4.49   31.82
G-C     0.00    0.00    0.00    0.00    0.00    0.00   -0.85    2.26    3.10    1.22  -21.45   47.31
G-C     0.00    0.00    0.00    0.00    0.00    0.00    1.05    1.02    3.43    6.80    5.56   29.28
A-T     0.00    0.00    0.00    0.00    0.00    0.00   -1.33    0.97    3.13  -11.67    0.87   36.74
A-T     0.00    0.00    0.00    0.00    0.00    0.00    0.36   -0.27    3.29   -1.15    4.55   34.12
A-T     0.00    0.00    0.00    0.00    0.00    0.00   -0.19   -0.14    3.55   -2.32   14.84   31.82
C-G     0.00    0.00    0.00    0.00    0.00    0.00    0.29   -0.43    2.85    3.87   -2.48   33.08
T-A     0.00    0.00    0.00    0.00    0.00    0.00    1.24   -0.13    3.28    1.72   12.26   33.03
G-C     0.00    0.00    0.00    0.00    0.00    0.00   -1.48    0.44    3.72   -5.50   10.47   36.80
C-G     0.00    0.00    0.00    0.00    0.00    0.00    0.51    1.04    3.64   -0.01  -11.82   46.94
T-A     0.00    0.00    0.00    0.00    0.00    0.00   -1.28   -0.13    2.74   -0.39   -1.04   31.39
C-G     0.00    0.00    0.00    0.00    0.00    0.00    1.69    1.72    3.14    7.69  -10.76   42.72
C-G     0.00    0.00    0.00    0.00    0.00    0.00   -0.96    0.43    3.45   -4.64    5.91   35.74
A-T     0.00    0.00    0.00    0.00    0.00    0.00    0.43    1.05    3.46   -4.29   -4.11   41.36
T-A     0.00    0.00    0.00    0.00    0.00    0.00    0.67   -0.44    2.97    6.16    0.86   29.42
C-G     0.00    0.00    0.00    0.00    0.00    0.00    0.29   -0.17    3.47    3.33   10.23   33.23
A-T     0.00    0.00    0.00    0.00    0.00    0.00   -0.34    0.31    4.06    3.75   18.74   34.58
A-T     0.00    0.00    0.00    0.00    0.00    0.00    0.54    0.62    3.04   -4.05    6.72   42.63
A-T     0.00    0.00    0.00    0.00    0.00    0.00   -0.91    0.46    3.10   -4.57   -4.81   35.27
A-T     0.00    0.00    0.00    0.00    0.00    0.00   -0.20   -0.91    3.57   -4.24    0.20   35.52
G-C     0.00    0.00    0.00    0.00    0.00    0.00   -0.30    0.98    3.61   -2.97   -6.54   40.75
G-C     0.00    0.00    0.00    0.00    0.00    0.00   -0.89    0.09    3.11   -6.61  -29.14   30.52
C-G     0.00    0.00    0.00    0.00    0.00    0.00    1.44    0.01    4.54    0.45  -20.79   38.25
A-T     0.00    0.00    0.00    0.00    0.00    0.00   -0.15    0.88    3.33   15.09    7.31   42.49
T-A     0.00    0.00    0.00    0.00    0.00    0.00    0.35   -0.56    3.38   -2.97   16.58   22.27
G-C     0.00    0.00    0.00    0.00    0.00    0.00   -0.04    1.27    4.05   -0.86    8.31   41.30
T-A     0.00    0.00    0.00    0.00    0.00    0.00   -0.75   -0.73    3.30   -1.80    7.63   26.79
T-A     0.00    0.00    0.00    0.00    0.00    0.00    0.37    0.12    2.98    4.20    3.22   31.88
C-G     0.00    0.00    0.00    0.00    0.00    0.00    0.85    0.69    3.32    4.45    7.59   36.70
A-T     0.00    0.00    0.00    0.00    0.00    0.00   -0.77    1.58    3.70   -2.40   -5.52   44.98
G-C     0.00    0.00    0.00    0.00    0.00    0.00    0.71    0.99    3.48    4.85   -1.52   32.43
C-G     0.00    0.00    0.00    0.00    0.00    0.00   -0.45    0.65    3.20   -6.36   -4.59   40.97
T-A     0.00    0.00    0.00    0.00    0.00    0.00    0.09    0.90    3.29    4.13   -1.32   36.03
G-C     0.00    0.00    0.00    0.00    0.00    0.00    0.93    1.13    3.25    0.37    3.82   34.59
A-T     0.00    0.00    0.00    0.00    0.00    0.00   -0.80    0.07    3.40   -6.69    7.41   34.50
A-T     0.00    0.00    0.00    0.00    0.00    0.00   -0.16   -0.33    3.16    1.68    4.54   33.95
T-A     0.00    0.00    0.00    0.00    0.00    0.00    0.21   -0.77    3.31   -0.85    8.32   29.03
T-A     0.00    0.00    0.00    0.00    0.00    0.00   -0.08   -0.34    3.19    3.75    7.99   33.48
C-G     0.00    0.00    0.00    0.00    0.00    0.00    0.02    0.24    3.34    2.02    6.03   30.09
A-T     0.00    0.00    0.00    0.00    0.00    0.00   -0.69    1.81    3.46   -1.26   -0.12   42.49
G-C     0.00    0.00    0.00    0.00    0.00    0.00    0.94    0.71    3.28   -1.57   -3.76   36.25
C-G     0.00    0.00    0.00    0.00    0.00    0.00   -1.08    1.01    3.31   -3.18   -7.19   38.13
T-A     0.00    0.00    0.00    0.00    0.00    0.00    1.27    1.46    3.73    3.71   -5.13   43.11
G-C     0.00    0.00    0.00    0.00    0.00    0.00   -0.76    0.90    3.03   -2.75    6.16   33.55
A-T     0.00    0.00    0.00    0.00    0.00    0.00   -0.46    0.19    3.40   -1.89    4.99   33.64
A-T     0.00    0.00    0.00    0.00    0.00    0.00    0.33    0.11    3.28    2.00    9.56   33.91
C-G     0.00    0.00    0.00    0.00    0.00    0.00    0.25   -0.56    3.21   -0.07    5.10   30.23
A-T     0.00    0.00    0.00    0.00    0.00    0.00   -0.42    0.56    3.66    0.52   11.38   35.01
T-A     0.00    0.00    0.00    0.00    0.00    0.00    0.24   -0.46    3.18    1.48   -0.04   27.81
G-C     0.00    0.00    0.00    0.00    0.00    0.00    0.89    0.42    3.47   -0.45    8.95   36.26
C-G     0.00    0.00    0.00    0.00    0.00    0.00   -1.54    0.44    3.29   -2.29  -14.60   37.97
C-G     0.00    0.00    0.00    0.00    0.00    0.00    0.62    1.50    3.95    1.59   -7.87   45.77
T-A     0.00    0.00    0.00    0.00    0.00    0.00   -0.23    1.45    3.35    1.86   -9.23   41.11
T-A     0.00    0.00    0.00    0.00    0.00    0.00    0.33    0.16    3.01   -3.27    4.65   31.28
T-A     0.00    0.00    0.00    0.00    0.00    0.00    0.28   -0.02    3.33    1.52    9.52   31.57
T-A     0.00    0.00    0.00    0.00    0.00    0.00   -0.16    0.29    3.46    1.42   13.59   33.36
G-C     0.00    0.00    0.00    0.00    0.00    0.00    0.03   -1.15    3.76    5.00   19.85   23.49
A-T     0.00    0.00    0.00    0.00    0.00    0.00    0.14   -0.03    2.90   -8.74    8.29   31.73
T-A     0.00    0.00    0.00    0.00    0.00    0.00   -0.22   -0.74    3.34   -2.13    3.75   25.57
G-C     0.00    0.00    0.00    0.00    0.00    0.00   -0.35    0.84    3.21    1.00   -1.33   39.16
G-C     0.00    0.00    0.00    0.00    0.00    0.00    0.96    0.36    3.41    7.03    2.22   33.98
A-T     0.00    0.00    0.00    0.00    0.00    0.00   -1.10    1.24    3.15   -8.94   -5.05   42.87
G-C     0.00    0.00    0.00    0.00    0.00    0.00    1.18    0.32    3.11    0.44   -7.41   34.97
C-G     0.00    0.00    0.00    0.00    0.00    0.00   -0.55    0.24    3.53    0.08   -3.04   35.24
A-T     0.00    0.00    0.00    0.00    0.00    0.00    1.07    0.52    3.48    4.03    3.79   37.10
G-C     0.00    0.00    0.00    0.00    0.00    0.00   -1.34   -0.26    3.66   -4.60   10.36   36.97
T-A     0.00    0.00    0.00    0.00    0.00    0.00   -0.90   -0.48    3.09   -0.29   13.22   29.86
T-A     0.00    0.00    0.00    0.00    0.00    0.00   -0.52   -0.24    3.21   -2.29   -0.11   31.93
T-A     0.00    0.00    0.00    0.00    0.00    0.00    0.79    0.12    3.32    1.39    8.68   34.40
C-G     0.00    0.00    0.00    0.00    0.00    0.00    1.27    0.96    2.88    9.30    1.29   36.26
C-G     0.00    0.00    0.00    0.00    0.00    0.00   -1.25    1.02    3.58  -10.26    6.32   30.74
A-T     0.00    0.00    0.00    0.00    0.00    0.00    0.41    2.25    3.14    7.85  -19.98   48.12
A-T     0.00    0.00    0.00    0.00    0.00    0.00    0.18   -0.32    3.15   -2.50    4.49   31.70
A-T     0.00    0.00    0.00    0.00    0.00    0.00   -0.64   -0.42    3.71    0.23    3.04   38.05
T-A     0.00    0.00    0.00    0.00    0.00    0.00   -0.39   -0.55    3.15    0.45   -5.13   31.21
A-T     0.00    0.00    0.00    0.00    0.00    0.00    0.27   -0.33    3.16  -12.17    4.96   38.50
C-G     0.00    0.00    0.00    0.00    0.00    0.00   -0.04   -0.97    2.97    3.03    2.96   22.35
A-T     0.00    0.00    0.00    0.00    0.00    0.00    0.26   -0.31    3.83    5.61   11.44   40.92
C-G     0.00    0.00    0.00    0.00    0.00    0.00    0.68   -0.38    3.46   -1.38    7.68   35.36
T-A     0.00    0.00    0.00    0.00    0.00    0.00   -0.47   -0.16    3.22    1.45    5.47   34.08
T-A     0.00    0.00    0.00    0.00    0.00    0.00    0.00   -0.07    3.48   -5.86   -3.86   34.39
T-A     0.00    0.00    0.00    0.00    0.00    0.00   -0.68   -0.29    2.91    2.71    1.05   33.65
T-A     0.00    0.00    0.00    0.00    0.00    0.00   -0.41    0.33    3.55   -2.42   -6.41   40.68
G-C     0.00    0.00    0.00    0.00    0.00    0.00    0.02    2.52    3.35    1.88   -3.88   40.94
G-C     0.00    0.00    0.00    0.00    0.00    0.00   -0.56    0.22    2.72  -12.74    2.30   26.35
T-A     0.00    0.00    0.00    0.00    0.00    0.00    0.59   -0.44    3.19    3.93    7.10   31.47
A-T     0.00    0.00    0.00    0.00    0.00    0.00   -0.69    0.19    3.54    3.21   14.61   35.09
G-C     0.00    0.00    0.00    0.00    0.00    0.00    0.35    0.09    3.28    0.77   10.50   29.54
A-T     0.00    0.00    0.00    0.00    0.00    0.00   -0.42   -0.84    3.16   -4.90   14.42   24.24
A-T     0.00    0.00    0.00    0.00    0.00    0.00    0.97   -0.44    3.11   -7.38    2.30   37.20
T-A     0.00    0.00    0.00    0.00    0.00    0.00   -0.50   -1.08    3.28   -0.30  -10.27   30.18
C-G     0.00    0.00    0.00    0.00    0.00    0.00    0.40   -0.62    3.40    3.58   -3.39   40.67
T-A     0.00    0.00    0.00    0.00    0.00    0.00   -0.88   -0.39    3.42   -5.58    5.06   31.73
G-C     0.00    0.00    0.00    0.00    0.00    0.00   -0.35    2.33    3.03    2.13  -17.32   45.80
C-G     0.00    0.00    0.00    0.00    0.00    0.00    0.29    0.55    3.09    4.18    6.30   30.93
A-T     0.00    0.00    0.00    0.00    0.00    0.00    0.23    2.54    3.43    1.28   -4.62   45.28
G-C     0.00    0.00    0.00    0.00    0.00    0.00    0.37    0.81    2.75   -5.95    8.33   28.24
G-C     0.00    0.00    0.00    0.00    0.00    0.00   -0.40   -0.40    3.58    0.08   17.12   31.81
T-A     0.00    0.00    0.00    0.00    0.00    0.00   -0.60   -0.51    3.40   -1.79    6.02   32.98
G-C     0.00    0.00    0.00    0.00    0.00    0.00    0.06    0.00    3.51    1.74    9.50   33.87
G-C     0.00    0.00    0.00    0.00    0.00    0.00    0.65    0.33    3.10   -0.32    5.99   28.84
A-T     0.00    0.00    0.00    0.00    0.00    0.00   -0.51   -0.43    3.09   -4.06    2.97   39.13
T-A     0.00    0.00    0.00    0.00    0.00    0.00   -0.13   -0.78    3.26   -0.64   -3.40   29.73
A-T     0.00    0.00    0.00    0.00    0.00    0.00   -0.21    0.04    3.82    2.17   -2.11   41.83
T-A     0.00    0.00    0.00    0.00    0.00    0.00   -0.57   -0.69    3.08   -5.63   -4.04   31.16
T-A     0.00    0.00    0.00    0.00    0.00    0.00    0.66    0.07    3.28    3.47    2.12   36.24
G-C     0.00    0.00    0.00    0.00    0.00    0.00   -0.14   -0.06    3.30    4.47    3.29   37.00
A-T     0.00    0.00    0.00    0.00    0.00    0.00   -0.07    0.02    3.26   -2.82    6.82   29.54
T-A     0.00    0.00    0.00    0.00    0.00    0.00    0.80   -0.76    3.24   -0.78   -0.45   36.47
