 146 base-pairs
   0  ***local base-pair & step parameters***
       Shear  Stretch  Stagger Buckle Prop-Tw Opening   Shift  Slide    Rise    Tilt    Roll   Twist
A-T     0.00    0.00    0.00    0.00    0.00    0.00    0.00    0.00    0.00    0.00    0.00    0.00
T-A     0.00    0.00    0.00    0.00    0.00    0.00   -1.20   -0.79    3.33   -4.23    0.53   31.19
C-G     0.00    0.00    0.00    0.00    0.00    0.00    0.92   -0.03    2.95    4.75    2.73   37.53
A-T     0.00    0.00    0.00    0.00    0.00    0.00   -0.18    0.76    3.49   -3.23    2.52   35.31
A-T     0.00    0.00    0.00    0.00    0.00    0.00   -0.49    0.13    3.21   -3.47    0.84   37.70
T-A     0.00    0.00    0.00    0.00    0.00    0.00    0.42   -0.74    3.01    6.72   -0.58   33.25
A-T     0.00    0.00    0.00    0.00    0.00    0.00   -0.02   -0.05    3.64   -5.12   -4.10   41.29
T-A     0.00    0.00    0.00    0.00    0.00    0.00   -0.06   -1.04    3.18    6.62   -3.51   33.74
C-G     0.00    0.00    0.00    0.00    0.00    0.00    1.06    0.07    3.36    1.23    0.35   32.64
C-G     0.00    0.00    0.00    0.00    0.00    0.00   -0.38    0.00    3.17   -2.27   11.09   27.58
A-T     0.00    0.00    0.00    0.00    0.00    0.00   -1.13    0.62    3.46   -1.28    4.91   33.07
C-G     0.00    0.00    0.00    0.00    0.00    0.00    0.55   -1.01    3.30   -0.01    5.05   33.26
C-G     0.00    0.00    0.00    0.00    0.00    0.00    0.54   -0.18    3.39    1.50   13.93   30.12
T-A     0.00    0.00    0.00    0.00    0.00    0.00   -1.19    0.31    3.58   -7.28    8.26   32.54
G-C     0.00    0.00    0.00    0.00    0.00    0.00    0.56    1.21    3.26    4.79   -8.29   40.60
C-G     0.00    0.00    0.00    0.00    0.00    0.00   -0.18    0.08    3.47   -6.05    4.53   37.38
A-T     0.00    0.00    0.00    0.00    0.00    0.00   -0.01    1.65    3.03    2.84  -19.97   40.91
G-C     0.00    0.00    0.00    0.00    0.00    0.00    0.43    0.12    3.54    2.26    2.08   37.02
A-T     0.00    0.00    0.00    0.00    0.00    0.00    0.06   -0.84    3.24    1.51   -7.53   36.64
T-A     0.00    0.00    0.00    0.00    0.00    0.00    0.32    0.13    2.97    3.46   -5.35   35.96
T-A     0.00    0.00    0.00    0.00    0.00    0.00   -0.05   -1.40    3.41    2.78    5.86   29.39
C-G     0.00    0.00    0.00    0.00    0.00    0.00   -0.41   -0.28    2.75    3.16    9.61   27.88
T-A     0.00    0.00    0.00    0.00    0.00    0.00   -0.17   -0.40    3.80    1.91   10.08   28.73
A-T     0.00    0.00    0.00    0.00    0.00    0.00    1.96    0.74    3.65    2.61   22.49   33.05
C-G     0.00    0.00    0.00    0.00    0.00    0.00   -1.30   -0.17    2.95  -13.08    5.21   30.89
C-G     0.00    0.00    0.00    0.00    0.00    0.00    0.56   -0.18    2.74   13.47    7.17   30.38
A-T     0.00    0.00    0.00    0.00    0.00    0.00    0.04    2.65    3.15   -3.59  -16.51   41.82
A-T     0.00    0.00    0.00    0.00    0.00    0.00    0.53    0.35    3.58    4.30    4.04   38.15
A-T     0.00    0.00    0.00    0.00    0.00    0.00    0.44   -0.24    3.33   -2.29   -7.00   40.60
A-T     0.00    0.00    0.00    0.00    0.00    0.00   -0.08   -0.39    3.30   -2.38    2.46   32.52
G-C     0.00    0.00    0.00    0.00    0.00    0.00    0.27   -0.55    3.51    1.78   -1.85   36.41
T-A     0.00    0.00    0.00    0.00    0.00    0.00   -0.41   -0.81    2.98    4.25   -0.60   27.18
G-C     0.00    0.00    0.00    0.00    0.00    0.00    1.14    0.13    3.85    1.96   14.46   34.63
T-A     0.00    0.00    0.00    0.00    0.00    0.00   -1.38   -0.54    2.86   -2.56   14.76   24.52
A-T     0.00    0.00    0.00    0.00    0.00    0.00    0.29   -0.65    3.76   -3.87    0.42   41.84
T-A     0.00    0.00    0.00    0.00    0.00    0.00    0.34   -1.08    3.41    1.26    3.81   30.97
T-A     0.00    0.00    0.00    0.00    0.00    0.00    0.14   -0.25    3.06    2.31   -7.23   39.79
T-A     0.00    0.00    0.00    0.00    0.00    0.00   -0.02   -0.32    3.56   -6.42    2.83   32.01
G-C     0.00    0.00    0.00    0.00    0.00    0.00   -0.81    2.25    3.15    2.18  -21.66   46.75
G-C     0.00    0.00    0.00    0.00    0.00    0.00    0.97    0.98    3.44    6.08    7.33   29.28
A-T     0.00    0.00    0.00    0.00    0.00    0.00   -1.38    0.99    3.08  -12.64    0.92   37.53
A-T     0.00    0.00    0.00    0.00    0.00    0.00    0.45   -0.26    3.23   -0.46    2.76   34.03
A-T     0.00    0.00    0.00    0.00    0.00    0.00   -0.12   -0.17    3.56   -1.43   14.94   30.83
C-G     0.00    0.00    0.00    0.00    0.00    0.00    0.20   -0.41    2.94    3.23   -0.76   33.16
T-A     0.00    0.00    0.00    0.00    0.00    0.00    1.18   -0.09    3.32    1.01   11.98   34.10
G-C     0.00    0.00    0.00    0.00    0.00    0.00   -1.41    0.41    3.62   -4.88    8.90   36.78
C-G     0.00    0.00    0.00    0.00    0.00    0.00    0.56    0.98    3.56    0.43  -11.31   45.89
T-A     0.00    0.00    0.00    0.00    0.00    0.00   -1.34   -0.11    2.80   -1.06    0.33   31.36
C-G     0.00    0.00    0.00    0.00    0.00    0.00    1.66    1.80    3.24    7.54  -11.53   43.61
C-G     0.00    0.00    0.00    0.00    0.00    0.00   -0.91    0.41    3.43   -3.86    4.73   35.74
A-T     0.00    0.00    0.00    0.00    0.00    0.00    0.43    0.97    3.36   -4.38   -3.05   40.69
T-A     0.00    0.00    0.00    0.00    0.00    0.00    0.62   -0.43    2.95    5.22    1.86   29.55
C-G     0.00    0.00    0.00    0.00    0.00    0.00    0.32   -0.10    3.53    3.59    8.90   33.66
A-T     0.00    0.00    0.00    0.00    0.00    0.00   -0.28    0.31    4.11    4.83   17.89   34.23
A-T     0.00    0.00    0.00    0.00    0.00    0.00    0.49    0.57    3.04   -4.38    8.26   42.35
A-T     0.00    0.00    0.00    0.00    0.00    0.00   -0.98    0.46    3.05   -5.73   -4.08   35.89
A-T     0.00    0.00    0.00    0.00    0.00    0.00   -0.14   -0.88    3.53   -3.90   -1.46   35.73
G-C     0.00    0.00    0.00    0.00    0.00    0.00   -0.21    0.96    3.62   -1.84   -7.14   39.89
G-C     0.00    0.00    0.00    0.00    0.00    0.00   -0.96    0.09    3.19   -6.93  -27.44   30.28
C-G     0.00    0.00    0.00    0.00    0.00    0.00    1.35    0.04    4.58   -0.55  -20.37   39.25
A-T     0.00    0.00    0.00    0.00    0.00    0.00   -0.10    0.88    3.25   15.44    5.66   42.81
T-A     0.00    0.00    0.00    0.00    0.00    0.00    0.43   -0.62    3.30   -2.20   16.40   21.25
G-C     0.00    0.00    0.00    0.00    0.00    0.00   -0.08    1.27    4.10   -1.30    9.87   40.93
T-A     0.00    0.00    0.00    0.00    0.00    0.00   -0.81   -0.65    3.41   -2.32    7.53   27.71
T-A     0.00    0.00    0.00    0.00    0.00    0.00    0.41    0.12    2.98    4.80    1.75   32.21
C-G     0.00    0.00    0.00    0.00    0.00    0.00    0.88    0.61    3.21    4.75    8.03   35.96
A-T     0.00    0.00    0.00    0.00    0.00    0.00   -0.81    1.57    3.67   -3.22   -4.13   44.79
G-C     0.00    0.00    0.00    0.00    0.00    0.00    0.71    1.06    3.55    4.70   -2.29   32.99
C-G     0.00    0.00    0.00    0.00    0.00    0.00   -0.39    0.67    3.26   -5.33   -5.91   40.92
T-A     0.00    0.00    0.00    0.00    0.00    0.00    0.07    0.84    3.28    4.21   -0.27   35.58
G-C     0.00    0.00    0.00    0.00    0.00    0.00    0.85    1.11    3.20   -0.80    5.10   34.94
A-T     0.00    0.00    0.00    0.00    0.00    0.00   -0.77    0.11    3.37   -6.77    6.16   34.93
A-T     0.00    0.00    0.00    0.00    0.00    0.00   -0.06   -0.33    3.17    2.89    3.33   33.33
T-A     0.00    0.00    0.00    0.00    0.00    0.00    0.18   -0.79    3.37   -0.77    9.71   28.53
T-A     0.00    0.00    0.00    0.00    0.00    0.00   -0.19   -0.32    3.23    2.62    9.07   34.28
C-G     0.00    0.00    0.00    0.00    0.00    0.00    0.05    0.25    3.27    1.98    4.59   30.69
A-T     0.00    0.00    0.00    0.00    0.00    0.00   -0.59    1.77    3.38   -0.30   -0.99   41.63
G-C     0.00    0.00    0.00    0.00    0.00    0.00    0.92    0.69    3.31   -1.65   -2.31   35.57
C-G     0.00    0.00    0.00    0.00    0.00    0.00   -1.17    1.08    3.42   -3.95   -6.59   38.93
T-A     0.00    0.00    0.00    0.00    0.00    0.00    1.29    1.48    3.74    4.00   -6.59   43.77
G-C     0.00    0.00    0.00    0.00    0.00    0.00   -0.70    0.82    2.92   -2.15    5.89   32.87
A-T     0.00    0.00    0.00    0.00    0.00    0.00   -0.49    0.16    3.36   -2.44    6.48   33.11
A-T     0.00    0.00    0.00    0.00    0.00    0.00    0.30    0.18    3.35    1.51    9.48   34.46
C-G     0.00    0.00    0.00    0.00    0.00    0.00    0.29   -0.51    3.28    0.74    3.57   30.51
A-T     0.00    0.00    0.00    0.00    0.00    0.00   -0.41    0.50    3.64    0.97   11.77   34.52
T-A     0.00    0.00    0.00    0.00    0.00    0.00    0.17   -0.50    3.12    0.47    1.54   27.82
G-C     0.00    0.00    0.00    0.00    0.00    0.00    0.89    0.46    3.45   -0.92    8.31   36.77
C-G     0.00    0.00    0.00    0.00    0.00    0.00   -1.45    0.46    3.31   -1.19  -16.20   37.67
C-G     0.00    0.00    0.00    0.00    0.00    0.00    0.62    1.48    4.00    2.08   -7.04   45.14
T-A     0.00    0.00    0.00    0.00    0.00    0.00   -0.34    1.45    3.38    0.77   -7.67   41.61
T-A     0.00    0.00    0.00    0.00    0.00    0.00    0.32    0.18    2.95   -3.72    3.69   32.06
T-A     0.00    0.00    0.00    0.00    0.00    0.00    0.39   -0.05    3.25    2.51    8.10   30.98
T-A     0.00    0.00    0.00    0.00    0.00    0.00   -0.14    0.26    3.48    1.75   14.64   32.46
G-C     0.00    0.00    0.00    0.00    0.00    0.00   -0.07   -1.10    3.87    4.15   21.06   24.06
A-T     0.00    0.00    0.00    0.00    0.00    0.00    0.13    0.01    2.92   -8.85    7.13   32.65
T-A     0.00    0.00    0.00    0.00    0.00    0.00   -0.14   -0.80    3.23   -1.39    2.82   25.09
G-C     0.00    0.00    0.00    0.00    0.00    0.00   -0.35    0.79    3.15    0.83   -0.05   38.34
G-C     0.00    0.00    0.00    0.00    0.00    0.00    0.91    0.42    3.48    6.34    2.83   34.37
A-T     0.00    0.00    0.00    0.00    0.00    0.00   -1.08    1.31    3.23   -8.48   -6.48   43.46
G-C     0.00    0.00    0.00    0.00    0.00    0.00    1.22    0.27    3.09    1.15   -7.73   34.59
C-G     0.00    0.00    0.00    0.00    0.00    0.00   -0.60    0.18    3.45   -0.62   -1.45   34.93
A-T     0.00    0.00    0.00    0.00    0.00    0.00    1.04    0.56    3.46    3.26    3.85   37.56
G-C     0.00    0.00    0.00    0.00    0.00    0.00   -1.26   -0.22    3.69   -3.76    8.64   37.00
T-A     0.00    0.00    0.00    0.00    0.00    0.00   -0.87   -0.50    3.14    0.54   13.37   29.24
T-A     0.00    0.00    0.00    0.00    0.00    0.00   -0.61   -0.27    3.23   -3.17    1.66   32.09
T-A     0.00    0.00    0.00    0.00    0.00    0.00    0.75    0.14    3.27    0.56    8.38   35.22
C-G     0.00    0.00    0.00    0.00    0.00    0.00    1.37    0.96    2.81   10.13   -0.45   36.00
C-G     0.00    0.00    0.00    0.00    0.00    0.00   -1.20    0.99    3.59   -9.53    6.77   29.75
A-T     0.00    0.00    0.00    0.00    0.00    0.00    0.31    2.28    3.24    7.10  -18.36   48.37
A-T     0.00    0.00    0.00    0.00    0.00    0.00    0.13   -0.28    3.19   -3.02    3.88   32.76
A-T     0.00    0.00    0.00    0.00    0.00    0.00   -0.56   -0.46    3.61    0.94    1.62   37.86
T-A     0.00    0.00    0.00    0.00    0.00    0.00   -0.35   -0.61    3.08    0.69   -4.31   30.21
A-T     0.00    0.00    0.00    0.00    0.00    0.00    0.21   -0.29    3.23  -12.89    6.13   38.63
C-G     0.00    0.00    0.00    0.00    0.00    0.00   -0.05   -0.89    3.07    3.08    1.91   23.17
A-T     0.00    0.00    0.00    0.00    0.00    0.00    0.31   -0.34    3.81    6.41   10.50   40.77
C-G     0.00    0.00    0.00    0.00    0.00    0.00    0.66   -0.46    3.37   -1.68    8.98   34.79
T-A     0.00    0.00    0.00    0.00    0.00    0.00   -0.52   -0.14    3.20    0.52    6.20   34.34
T-A     0.00    0.00    0.00    0.00    0.00    0.00    0.05   -0.01    3.53   -5.40   -5.39   34.71
T-A     0.00    0.00    0.00    0.00    0.00    0.00   -0.63   -0.30    2.96    3.75    0.50   33.18
T-A     0.00    0.00    0.00    0.00    0.00    0.00   -0.48    0.28    3.56   -2.95   -4.72   40.53
G-C     0.00    0.00    0.00    0.00    0.00    0.00   -0.05    2.53    3.30    0.79   -3.48   41.66
G-C     0.00    0.00    0.00    0.00    0.00    0.00   -0.48    0.24    2.67  -12.21    0.54   26.42
T-A     0.00    0.00    0.00    0.00    0.00    0.00    0.67   -0.47    3.20    4.96    6.84   30.53
A-T     0.00    0.00    0.00    0.00    0.00    0.00   -0.77    0.20    3.63    2.71   16.36   35.00
G-C     0.00    0.00    0.00    0.00    0.00    0.00    0.27    0.13    3.32   -0.10   10.57   30.60
A-T     0.00    0.00    0.00    0.00    0.00    0.00   -0.35   -0.86    3.07   -4.40   12.77   24.39
A-T     0.00    0.00    0.00    0.00    0.00    0.00    1.04   -0.50    3.03   -6.76    2.47   36.15
T-A     0.00    0.00    0.00    0.00    0.00    0.00   -0.55   -1.07    3.34   -0.87   -8.77   29.98
C-G     0.00    0.00    0.00    0.00    0.00    0.00    0.35   -0.54    3.51    3.23   -3.84   41.59
T-A     0.00    0.00    0.00    0.00    0.00    0.00   -0.83   -0.40    3.41   -4.87    3.70   31.89
G-C     0.00    0.00    0.00    0.00    0.00    0.00   -0.33    2.25    2.92    2.24  -16.55   45.08
C-G     0.00    0.00    0.00    0.00    0.00    0.00    0.24    0.55    3.06    3.28    7.53   30.90
A-T     0.00    0.00    0.00    0.00    0.00    0.00    0.24    2.61    3.49    1.33   -5.69   45.80
G-C     0.00    0.00    0.00    0.00    0.00    0.00    0.43    0.82    2.80   -4.87    7.21   28.03
G-C     0.00    0.00    0.00    0.00    0.00    0.00   -0.44   -0.46    3.57   -0.04   18.44   31.43
T-A     0.00    0.00    0.00    0.00    0.00    0.00   -0.68   -0.52    3.35   -2.98    7.05   33.47
G-C     0.00    0.00    0.00    0.00    0.00    0.00    0.11    0.03    3.47    1.87    8.01   34.20
G-C     0.00    0.00    0.00    0.00    0.00    0.00    0.75    0.32    3.11    0.87    5.06   28.08
A-T     0.00    0.00    0.00    0.00    0.00    0.00   -0.56   -0.44    3.16   -4.18    4.55   38.75
T-A     0.00    0.00    0.00    0.00    0.00    0.00   -0.23   -0.75    3.30   -1.73   -2.64   30.64
A-T     0.00    0.00    0.00    0.00    0.00    0.00   -0.17    0.04    3.74    2.33   -3.69   42.30
T-A     0.00    0.00    0.00    0.00    0.00    0.00   -0.48   -0.74    3.00   -4.74   -4.58   30.20
T-A     0.00    0.00    0.00    0.00    0.00    0.00    0.63    0.06    3.32    3.20    3.66   35.71
G-C     0.00    0.00    0.00    0.00    0.00    0.00   -0.22    0.02    3.41    3.81    3.54   37.88
A-T     0.00    0.00    0.00    0.00    0.00    0.00   -0.04    0.03    3.26   -2.36    5.32   30.04
T-A     0.00    0.00    0.00    0.00    0.00    0.00    0.85   -0.84    3.13   -0.32   -0.36   35.74
