 146 base-pairs
   0  ***local base-pair & step parameters***
       Shear  Stretch  Stagger Buckle Prop-Tw Opening   Shift  Slide    Rise    Tilt    Roll   Twist
A-T     0.00    0.00    0.00    0.00    0.00    0.00    0.00    0.00    0.00    0.00    0.00    0.00
T-A     0.00    0.00    0.00    0.00    0.00    0.00   -1.11   -0.74    3.36   -3.48   -0.62   31.63
C-G     0.00    0.00    0.00    0.00    0.00    0.00    0.93   -0.04    2.91    4.78    3.44   36.69
A-T     0.00    0.00    0.00    0.00    0.00    0.00   -0.29    0.73    3.47   -4.30    3.77   34.96
A-T     0.00    0.00    0.00    0.00    0.00    0.00   -0.50    0.13    3.23   -3.49   -0.25   38.37
T-A     0.00    0.00    0.00    0.00    0.00    0.00    0.54   -0.74    3.03    8.05   -1.97   33.43
A-T     0.00    0.00    0.00    0.00    0.00    0.00    0.00   -0.05    3.64   -5.04   -2.74   40.78
T-A     0.00    0.00    0.00    0.00    0.00    0.00   -0.18   -1.01    3.18    5.13   -2.00   33.79
C-G     0.00    0.00    0.00    0.00    0.00    0.00    1.04    0.08    3.34    1.04   -1.15   33.01
C-G     0.00    0.00    0.00    0.00    0.00    0.00   -0.27   -0.06    3.15   -0.77    9.52   27.26
A-T     0.00    0.00    0.00    0.00    0.00    0.00   -1.10    0.59    3.48   -0.99    6.43   32.78
C-G     0.00    0.00    0.00    0.00    0.00    0.00    0.45   -0.93    3.34   -1.40    6.58   33.85
C-G     0.00    0.00    0.00    0.00    0.00    0.00    0.52   -0.14    3.36    1.17   12.49   30.39
T-A     0.00    0.00    0.00    0.00    0.00    0.00   -1.12    0.23    3.52   -6.11    6.91   31.72
G-C     0.00    0.00    0.00    0.00    0.00    0.00    0.57    1.15    3.27    5.08   -6.97   40.29
C-G     0.00    0.00    0.00    0.00    0.00    0.00   -0.23    0.16    3.54   -6.93    5.59   38.36
A-T     0.00    0.00    0.00    0.00    0.00    0.00    0.00    1.72    3.02    2.71  -21.17   41.28
G-C     0.00    0.00    0.00    0.00    0.00    0.00    0.45    0.06    3.47    2.84    1.43   35.95
A-T     0.00    0.00    0.00    0.00    0.00    0.00    0.03   -0.92    3.23    1.39   -6.41   36.21
T-A     0.00    0.00    0.00    0.00    0.00    0.00    0.30    0.18    3.04    3.15   -5.17   37.01
T-A     0.00    0.00    0.00    0.00    0.00    0.00    0.01   -1.33    3.43    3.23    4.76   29.85
C-G     0.00    0.00    0.00    0.00    0.00    0.00   -0.40   -0.30    2.70    3.28    9.92   26.92
T-A     0.00    0.00    0.00    0.00    0.00    0.00   -0.26   -0.45    3.77    1.12   11.24   28.30
A-T     0.00    0.00    0.00    0.00    0.00    0.00    1.95    0.75    3.69    2.58   21.72   33.86
C-G     0.00    0.00    0.00    0.00    0.00    0.00   -1.19   -0.15    2.97  -11.97    3.94   31.22
C-G     0.00    0.00    0.00    0.00    0.00    0.00    0.58   -0.18    2.72   13.50    8.31   29.73
A-T     0.00    0.00    0.00    0.00    0.00    0.00   -0.08    2.65    3.13   -4.96  -15.10   41.67
A-T     0.00    0.00    0.00    0.00    0.00    0.00    0.52    0.35    3.58    4.20    2.65   38.63
A-T     0.00    0.00    0.00    0.00    0.00    0.00    0.56   -0.28    3.32   -0.80   -8.53   40.52
A-T     0.00    0.00    0.00    0.00    0.00    0.00   -0.06   -0.40    3.32   -2.17    3.97   32.17
G-C     0.00    0.00    0.00    0.00    0.00    0.00    0.16   -0.49    3.53    0.28   -0.28   36.76
T-A     0.00    0.00    0.00    0.00    0.00    0.00   -0.44   -0.78    2.96    3.96   -2.11   27.46
G-C     0.00    0.00    0.00    0.00    0.00    0.00    1.23    0.05    3.81    3.32   12.95   34.01
T-A     0.00    0.00    0.00    0.00    0.00    0.00   -1.36   -0.59    2.89   -2.23   16.19   24.25
A-T     0.00    0.00    0.00    0.00    0.00    0.00    0.23   -0.57    3.82   -4.99    1.74   42.69
T-A     0.00    0.00    0.00    0.00    0.00    0.00    0.33   -1.01    3.40    1.00    2.51   31.29
T-A     0.00    0.00    0.00    0.00    0.00    0.00    0.19   -0.33    2.99    3.14   -8.24   38.79
T-A     0.00    0.00    0.00    0.00    0.00    0.00   -0.03   -0.39    3.56   -6.32    4.01   31.63
G-C     0.00    0.00    0.00    0.00    0.00    0.00   -0.83    2.31    3.22    1.64  -21.07   47.82
G-C     0.00    0.00    0.00    0.00    0.00    0.00    1.01    1.06    3.45    6.24    6.22   29.72
A-T     0.00    0.00    0.00    0.00    0.00    0.00   -1.37    0.95    3.01  -12.37    0.81   36.48
A-T     0.00    0.00    0.00    0.00    0.00    0.00    0.38   -0.33    3.21   -0.95    3.86   33.57
A-T     0.00    0.00    0.00    0.00    0.00    0.00   -0.13   -0.15    3.61   -1.52   14.55   31.78
C-G     0.00    0.00    0.00    0.00    0.00    0.00    0.30   -0.36    2.97    4.07   -1.93   33.58
T-A     0.00    0.00    0.00    0.00    0.00    0.00    1.18   -0.10    3.29    1.03   12.81   33.31
G-C     0.00    0.00    0.00    0.00    0.00    0.00   -1.52    0.39    3.60   -6.03   10.19   36.47
C-G     0.00    0.00    0.00    0.00    0.00    0.00    0.55    0.98    3.58    0.40  -12.50   46.52
T-A     0.00    0.00    0.00    0.00    0.00    0.00   -1.22   -0.12    2.81    0.33   -1.10   31.48
C-G     0.00    0.00    0.00    0.00    0.00    0.00    1.68    1.80    3.25    7.65  -10.11   43.15
C-G     0.00    0.00    0.00    0.00    0.00    0.00   -1.03    0.45    3.44   -5.37    6.27   35.86
A-T     0.00    0.00    0.00    0.00    0.00    0.00    0.40    0.99    3.34   -4.60   -4.57   41.04
T-A     0.00    0.00    0.00    0.00    0.00    0.00    0.73   -0.50    2.92    6.70    0.29   29.15
C-G     0.00    0.00    0.00    0.00    0.00    0.00    0.35   -0.14    3.55    3.89   10.40   33.38
A-T     0.00    0.00    0.00    0.00    0.00    0.00   -0.37    0.39    4.16    3.50   19.38   34.88
A-T     0.00    0.00    0.00    0.00    0.00    0.00    0.47    0.62    3.02   -4.71    6.85   42.63
A-T     0.00    0.00    0.00    0.00    0.00    0.00   -0.92    0.38    2.99   -4.64   -5.36   35.02
A-T     0.00    0.00    0.00    0.00    0.00    0.00   -0.13   -0.95    3.54   -3.65   -0.18   35.41
G-C     0.00    0.00    0.00    0.00    0.00    0.00   -0.25    1.03    3.69   -2.63   -6.19   40.90
G-C     0.00    0.00    0.00    0.00    0.00    0.00   -0.94    0.17    3.19   -7.00  -28.61   30.67
C-G     0.00    0.00    0.00    0.00    0.00    0.00    1.37   -0.01    4.51   -0.05  -20.89   38.18
A-T     0.00    0.00    0.00    0.00    0.00    0.00   -0.14    0.80    3.23   15.23    6.76   42.36
T-A     0.00    0.00    0.00    0.00    0.00    0.00    0.42   -0.58    3.36   -2.44   16.43   22.29
G-C     0.00    0.00    0.00    0.00    0.00    0.00   -0.01    1.34    4.12   -0.76    8.76   41.39
T-A     0.00    0.00    0.00    0.00    0.00    0.00   -0.81   -0.67    3.36   -2.24    7.98   26.78
T-A     0.00    0.00    0.00    0.00    0.00    0.00    0.31    0.08    2.95    3.91    2.94   31.80
C-G     0.00    0.00    0.00    0.00    0.00    0.00    0.88    0.61    3.24    4.73    7.14   36.73
A-T     0.00    0.00    0.00    0.00    0.00    0.00   -0.70    1.58    3.69   -2.03   -5.44   45.07
G-C     0.00    0.00    0.00    0.00    0.00    0.00    0.72    1.06    3.54    4.74   -1.07   32.40
C-G     0.00    0.00    0.00    0.00    0.00    0.00   -0.51    0.69    3.25   -6.74   -4.47   40.83
T-A     0.00    0.00    0.00    0.00    0.00    0.00    0.05    0.84    3.27    4.08   -1.71   36.02
G-C     0.00    0.00    0.00    0.00    0.00    0.00    0.97    1.07    3.19    0.71    3.55   34.77
A-T     0.00    0.00    0.00    0.00    0.00    0.00   -0.74    0.09    3.39   -6.53    7.68   34.60
A-T     0.00    0.00    0.00    0.00    0.00    0.00   -0.17   -0.26    3.20    1.42    4.90   33.76
T-A     0.00    0.00    0.00    0.00    0.00    0.00    0.15   -0.75    3.35   -1.08    8.21   28.81
T-A     0.00    0.00    0.00    0.00    0.00    0.00   -0.10   -0.40    3.18    3.92    7.59   33.59
C-G     0.00    0.00    0.00    0.00    0.00    0.00    0.06    0.20    3.29    2.31    5.99   30.41
A-T     0.00    0.00    0.00    0.00    0.00    0.00   -0.65    1.85    3.44   -1.34    0.26   42.53
G-C     0.00    0.00    0.00    0.00    0.00    0.00    0.92    0.76    3.30   -1.89   -3.58   35.90
C-G     0.00    0.00    0.00    0.00    0.00    0.00   -1.13    1.01    3.35   -3.20   -7.49   37.90
T-A     0.00    0.00    0.00    0.00    0.00    0.00    1.27    1.40    3.74    4.03   -5.43   43.37
G-C     0.00    0.00    0.00    0.00    0.00    0.00   -0.72    0.88    2.99   -2.61    6.35   33.95
A-T     0.00    0.00    0.00    0.00    0.00    0.00   -0.44    0.23    3.37   -2.19    5.38   33.56
A-T     0.00    0.00    0.00    0.00    0.00    0.00    0.31    0.14    3.29    1.73    9.52   33.43
C-G     0.00    0.00    0.00    0.00    0.00    0.00    0.22   -0.58    3.26    0.15    4.69   30.06
A-T     0.00    0.00    0.00    0.00    0.00    0.00   -0.41    0.52    3.69    0.91   11.25   35.43
T-A     0.00    0.00    0.00    0.00    0.00    0.00    0.27   -0.46    3.14    1.41    0.34   28.22
G-C     0.00    0.00    0.00    0.00    0.00    0.00    0.89    0.46    3.42   -0.91    9.25   36.03
C-G     0.00    0.00    0.00    0.00    0.00    0.00   -1.56    0.45    3.29   -2.42  -14.88   37.41
C-G     0.00    0.00    0.00    0.00    0.00    0.00    0.61    1.48    4.01    2.03   -8.30   45.71
T-A     0.00    0.00    0.00    0.00    0.00    0.00   -0.22    1.43    3.39    2.21   -9.14   41.66
T-A     0.00    0.00    0.00    0.00    0.00    0.00    0.34    0.18    2.96   -3.58    5.15   31.64
T-A     0.00    0.00    0.00    0.00    0.00    0.00    0.27    0.01    3.26    0.99    9.65   31.18
T-A     0.00    0.00    0.00    0.00    0.00    0.00   -0.17    0.28    3.46    1.50   13.12   32.78
G-C     0.00    0.00    0.00    0.00    0.00    0.00    0.03   -1.17    3.84    5.60   19.50   23.58
A-T     0.00    0.00    0.00    0.00    0.00    0.00    0.15   -0.03    2.95   -8.53    8.62   32.37
T-A     0.00    0.00    0.00    0.00    0.00    0.00   -0.23   -0.72    3.28   -2.66    4.27   25.81
G-C     0.00    0.00    0.00    0.00    0.00    0.00   -0.36    0.85    3.13    0.51   -1.42   38.63
G-C     0.00    0.00    0.00    0.00    0.00    0.00    0.97    0.34    3.42    7.35    1.63   33.45
A-T     0.00    0.00    0.00    0.00    0.00    0.00   -1.08    1.23    3.25   -8.27   -5.23   43.12
G-C     0.00    0.00    0.00    0.00    0.00    0.00    1.18    0.34    3.16    0.44   -6.89   35.63
C-G     0.00    0.00    0.00    0.00    0.00    0.00   -0.57    0.26    3.45   -0.62   -2.60   35.33
A-T     0.00    0.00    0.00    0.00    0.00    0.00    1.06    0.50    3.39    3.67    3.47   36.48
G-C     0.00    0.00    0.00    0.00    0.00    0.00   -1.32   -0.29    3.68   -4.06    9.74   36.55
T-A     0.00    0.00    0.00    0.00    0.00    0.00   -0.88   -0.47    3.20    0.35   13.26   30.25
T-A     0.00    0.00    0.00    0.00    0.00    0.00   -0.53   -0.21    3.25   -2.52    0.54   32.54
T-A     0.00    0.00    0.00    0.00    0.00    0.00    0.75    0.13    3.23    0.62    8.96   34.33
C-G     0.00    0.00    0.00    0.00    0.00    0.00    1.27    0.92    2.79    9.14    0.76   35.62
C-G     0.00    0.00    0.00    0.00    0.00    0.00   -1.21    0.99    3.62   -9.55    5.77   30.47
A-T     0.00    0.00    0.00    0.00    0.00    0.00    0.43    2.29    3.26    8.37  -19.71   48.60
A-T     0.00    0.00    0.00    0.00    0.00    0.00    0.15   -0.28    3.18   -2.96    5.17   32.21
A-T     0.00    0.00    0.00    0.00    0.00    0.00   -0.68   -0.43    3.60   -0.52    3.10   37.84
T-A     0.00    0.00    0.00    0.00    0.00    0.00   -0.38   -0.60    3.06    0.53   -5.79   30.61
A-T     0.00    0.00    0.00    0.00    0.00    0.00    0.33   -0.35    3.21  -11.38    4.57   38.39
C-G     0.00    0.00    0.00    0.00    0.00    0.00   -0.03   -0.91    3.09    3.35    3.44   22.86
A-T     0.00    0.00    0.00    0.00    0.00    0.00    0.21   -0.27    3.84    4.98   12.06   41.28
C-G     0.00    0.00    0.00    0.00    0.00    0.00    0.64   -0.41    3.34   -2.01    7.51   35.06
T-A     0.00    0.00    0.00    0.00    0.00    0.00   -0.44   -0.22    3.15    1.76    4.78   33.59
T-A     0.00    0.00    0.00    0.00    0.00    0.00    0.06   -0.07    3.55   -5.09   -4.03   34.42
T-A     0.00    0.00    0.00    0.00    0.00    0.00   -0.68   -0.22    3.03    2.79    1.66   34.12
T-A     0.00    0.00    0.00    0.00    0.00    0.00   -0.48    0.36    3.55   -3.14   -5.95   40.88
G-C     0.00    0.00    0.00    0.00    0.00    0.00   -0.01    2.46    3.23    1.45   -4.26   40.61
G-C     0.00    0.00    0.00    0.00    0.00    0.00   -0.51    0.16    2.66  -12.25    1.67   26.00
T-A     0.00    0.00    0.00    0.00    0.00    0.00    0.65   -0.42    3.27    4.58    7.16   31.60
A-T     0.00    0.00    0.00    0.00    0.00    0.00   -0.71    0.27    3.64    3.06   15.27   35.46
G-C     0.00    0.00    0.00    0.00    0.00    0.00    0.28    0.10    3.26    0.06   10.75   29.60
A-T     0.00    0.00    0.00    0.00    0.00    0.00   -0.44   -0.91    3.04   -5.09   13.90   23.94
A-T     0.00    0.00    0.00    0.00    0.00    0.00    1.04   -0.49    3.07   -6.80    1.82   37.01
T-A     0.00    0.00    0.00    0.00    0.00    0.00   -0.45   -1.04    3.36    0.16  -10.00   30.34
C-G     0.00    0.00    0.00    0.00    0.00    0.00    0.36   -0.54    3.49    3.25   -2.79   40.90
T-A     0.00    0.00    0.00    0.00    0.00    0.00   -0.95   -0.40    3.39   -6.17    5.07   31.69
G-C     0.00    0.00    0.00    0.00    0.00    0.00   -0.35    2.25    2.93    2.17  -17.89   45.60
C-G     0.00    0.00    0.00    0.00    0.00    0.00    0.36    0.52    3.07    4.75    6.03   30.89
A-T     0.00    0.00    0.00    0.00    0.00    0.00    0.27    2.60    3.51    1.50   -4.21   45.41
G-C     0.00    0.00    0.00    0.00    0.00    0.00    0.32    0.88    2.82   -6.38    8.78   28.31
G-C     0.00    0.00    0.00    0.00    0.00    0.00   -0.46   -0.43    3.55   -0.32   16.92   31.73
T-A     0.00    0.00    0.00    0.00    0.00    0.00   -0.58   -0.59    3.31   -1.57    5.51   32.93
G-C     0.00    0.00    0.00    0.00    0.00    0.00    0.13   -0.01    3.50    2.20    9.47   33.93
G-C     0.00    0.00    0.00    0.00    0.00    0.00    0.67    0.40    3.16   -0.33    6.46   28.87
A-T     0.00    0.00    0.00    0.00    0.00    0.00   -0.57   -0.38    3.14   -4.48    3.21   39.05
T-A     0.00    0.00    0.00    0.00    0.00    0.00   -0.18   -0.83    3.23   -0.81   -3.75   29.68
A-T     0.00    0.00    0.00    0.00    0.00    0.00   -0.18   -0.03    3.75    2.49   -2.48   41.94
T-A     0.00    0.00    0.00    0.00    0.00    0.00   -0.51   -0.68    3.07   -5.36   -3.86   31.26
T-A     0.00    0.00    0.00    0.00    0.00    0.00    0.66    0.14    3.33    3.27    2.54   36.13
G-C     0.00    0.00    0.00    0.00    0.00    0.00   -0.20   -0.03    3.34    4.15    3.29   36.81
A-T     0.00    0.00    0.00    0.00    0.00    0.00   -0.10   -0.04    3.24   -2.75    6.41   29.58
T-A     0.00    0.00    0.00    0.00    0.00    0.00    0.84   -0.81    3.19   -0.46   -0.61   36.72
