 146 base-pairs
   0  ***local base-pair & step parameters***
       Shear  Stretch  Stagger Buckle Prop-Tw Opening   Shift  Slide    Rise    Tilt    Roll   Twist
A-T     0.00    0.00    0.00    0.00    0.00    0.00    0.00    0.00    0.00    0.00    0.00    0.00
T-A     0.00    0.00    0.00    0.00    0.00    0.00   -1.10   -0.81    3.34   -3.67    0.29   31.49
C-G     0.00    0.00    0.00    0.00    0.00    0.00    0.84    0.02    2.92    3.85    2.45   36.60
A-T     0.00    0.00    0.00    0.00    0.00    0.00   -0.29    0.79    3.49   -4.02    2.63   35.10
A-T     0.00    0.00    0.00    0.00    0.00    0.00   -0.41    0.08    3.24   -2.45    0.72   38.60
T-A     0.00    0.00    0.00    0.00    0.00    0.00    0.55   -0.79    3.01    7.74   -0.55   33.35
A-T     0.00    0.00    0.00    0.00    0.00    0.00   -0.11   -0.01    3.61   -6.27   -3.58   40.43
T-A     0.00    0.00    0.00    0.00    0.00    0.00   -0.20   -0.97    3.19    5.39   -3.70   33.75
C-G     0.00    0.00    0.00    0.00    0.00    0.00    1.16    0.03    3.37    2.49   -0.53   33.43
C-G     0.00    0.00    0.00    0.00    0.00    0.00   -0.23   -0.09    3.16   -0.86   11.45   27.47
A-T     0.00    0.00    0.00    0.00    0.00    0.00   -1.23    0.65    3.45   -2.63    6.15   32.37
C-G     0.00    0.00    0.00    0.00    0.00    0.00    0.39   -0.90    3.31   -1.58    4.51   33.47
C-G     0.00    0.00    0.00    0.00    0.00    0.00    0.64   -0.21    3.39    2.93   12.37   30.72
T-A     0.00    0.00    0.00    0.00    0.00    0.00   -1.03    0.19    3.57   -5.59    8.99   32.24
G-C     0.00    0.00    0.00    0.00    0.00    0.00    0.46    1.23    3.26    3.30   -6.44   40.10
C-G     0.00    0.00    0.00    0.00    0.00    0.00   -0.35    0.21    3.48   -7.83    3.62   37.75
A-T     0.00    0.00    0.00    0.00    0.00    0.00    0.09    1.63    3.01    4.38  -22.07   41.28
G-C     0.00    0.00    0.00    0.00    0.00    0.00    0.60   -0.02    3.52    4.11    3.17   36.58
A-T     0.00    0.00    0.00    0.00    0.00    0.00   -0.04   -0.83    3.26   -0.05   -5.21   36.40
T-A     0.00    0.00    0.00    0.00    0.00    0.00    0.15    0.28    2.99    1.58   -6.60   36.45
T-A     0.00    0.00    0.00    0.00    0.00    0.00    0.05   -1.41    3.38    4.34    3.39   29.48
C-G     0.00    0.00    0.00    0.00    0.00    0.00   -0.24   -0.44    2.73    5.04   11.02   27.35
T-A     0.00    0.00    0.00    0.00    0.00    0.00   -0.27   -0.39    3.83    0.38   12.67   28.77
A-T     0.00    0.00    0.00    0.00    0.00    0.00    1.80    0.90    3.67    0.76   20.93   33.60
C-G     0.00    0.00    0.00    0.00    0.00    0.00   -1.22   -0.17    2.91  -11.61    2.55   30.70
C-G     0.00    0.00    0.00    0.00    0.00    0.00    0.71   -0.34    2.72   15.26    8.85   29.81
A-T     0.00    0.00    0.00    0.00    0.00    0.00   -0.04    2.64    3.19   -4.98  -13.83   42.15
A-T     0.00    0.00    0.00    0.00    0.00    0.00    0.40    0.51    3.61    2.60    2.27   38.71
A-T     0.00    0.00    0.00    0.00    0.00    0.00    0.51   -0.23    3.28   -1.01   -9.65   40.14
A-T     0.00    0.00    0.00    0.00    0.00    0.00    0.04   -0.55    3.28   -0.78    4.29   31.98
G-C     0.00    0.00    0.00    0.00    0.00    0.00    0.22   -0.56    3.56    0.63    0.72   37.00
T-A     0.00    0.00    0.00    0.00    0.00    0.00   -0.52   -0.66    3.00    2.78   -2.46   27.68
G-C     0.00    0.00    0.00    0.00    0.00    0.00    1.18    0.14    3.80    2.96   12.01   33.92
T-A     0.00    0.00    0.00    0.00    0.00    0.00   -1.29   -0.68    2.85   -1.23   16.61   24.06
A-T     0.00    0.00    0.00    0.00    0.00    0.00    0.27   -0.67    3.81   -4.68    2.71   42.65
T-A     0.00    0.00    0.00    0.00    0.00    0.00    0.26   -0.95    3.42    0.09    2.01   31.37
T-A     0.00    0.00    0.00    0.00    0.00    0.00    0.15   -0.23    3.01    2.92   -9.34   38.90
T-A     0.00    0.00    0.00    0.00    0.00    0.00    0.04   -0.44    3.55   -5.41    4.55   31.68
G-C     0.00    0.00    0.00    0.00    0.00    0.00   -0.80    2.22    3.20    1.79  -19.78   47.71
G-C     0.00    0.00    0.00    0.00    0.00    0.00    0.93    1.09    3.45    5.25    5.73   29.53
A-T     0.00    0.00    0.00    0.00    0.00    0.00   -1.41    1.02    3.03  -12.49   -0.71   36.52
A-T     0.00    0.00    0.00    0.00    0.00    0.00    0.47   -0.35    3.23    0.19    4.20   33.86
A-T     0.00    0.00    0.00    0.00    0.00    0.00   -0.08   -0.21    3.61   -1.34   16.30   31.87
C-G     0.00    0.00    0.00    0.00    0.00    0.00    0.20   -0.34    2.94    2.76   -2.00   33.23
T-A     0.00    0.00    0.00    0.00    0.00    0.00    1.11   -0.05    3.27    0.68   10.90   33.06
G-C     0.00    0.00    0.00    0.00    0.00    0.00   -1.42    0.36    3.62   -4.58    9.92   36.80
C-G     0.00    0.00    0.00    0.00    0.00    0.00    0.65    0.93    3.60    1.02  -10.53   46.93
T-A     0.00    0.00    0.00    0.00    0.00    0.00   -1.31   -0.07    2.80   -1.18   -0.43   31.25
C-G     0.00    0.00    0.00    0.00    0.00    0.00    1.56    1.85    3.21    6.70  -12.01   42.61
C-G     0.00    0.00    0.00    0.00    0.00    0.00   -0.95    0.39    3.44   -3.90    5.22   35.93
A-T     0.00    0.00    0.00    0.00    0.00    0.00    0.55    0.91    3.39   -3.30   -2.86   41.64
T-A     0.00    0.00    0.00    0.00    0.00    0.00    0.67   -0.43    2.94    5.41    1.68   29.27
C-G     0.00    0.00    0.00    0.00    0.00    0.00    0.19   -0.04    3.50    2.28    8.98   32.79
A-T     0.00    0.00    0.00    0.00    0.00    0.00   -0.35    0.34    4.12    4.51   17.75   34.57
A-T     0.00    0.00    0.00    0.00    0.00    0.00    0.63    0.50    3.06   -2.86    7.91   43.13
A-T     0.00    0.00    0.00    0.00    0.00    0.00   -0.91    0.42    3.04   -5.28   -3.62   35.48
A-T     0.00    0.00    0.00    0.00    0.00    0.00   -0.29   -0.81    3.52   -5.62   -0.87   35.06
G-C     0.00    0.00    0.00    0.00    0.00    0.00   -0.29    1.02    3.63   -2.39   -7.93   40.35
G-C     0.00    0.00    0.00    0.00    0.00    0.00   -0.79    0.01    3.19   -5.04  -28.25   30.83
C-G     0.00    0.00    0.00    0.00    0.00    0.00    1.44   -0.03    4.57    0.10  -19.26   38.75
A-T     0.00    0.00    0.00    0.00    0.00    0.00   -0.27    0.95    3.25   13.40    6.66   42.38
T-A     0.00    0.00    0.00    0.00    0.00    0.00    0.34   -0.53    3.31   -2.91   14.97   21.77
G-C     0.00    0.00    0.00    0.00    0.00    0.00    0.09    1.19    4.09    0.85    8.70   41.21
T-A     0.00    0.00    0.00    0.00    0.00    0.00   -0.72   -0.75    3.40   -1.55    9.25   27.17
T-A     0.00    0.00    0.00    0.00    0.00    0.00    0.23    0.20    2.99    2.57    3.06   32.07
C-G     0.00    0.00    0.00    0.00    0.00    0.00    0.79    0.72    3.22    3.94    6.02   36.49
A-T     0.00    0.00    0.00    0.00    0.00    0.00   -0.64    1.48    3.64   -0.94   -5.53   44.78
G-C     0.00    0.00    0.00    0.00    0.00    0.00    0.80    0.94    3.54    5.54   -0.04   32.48
C-G     0.00    0.00    0.00    0.00    0.00    0.00   -0.56    0.76    3.29   -7.62   -4.45   41.07
T-A     0.00    0.00    0.00    0.00    0.00    0.00   -0.02    0.97    3.28    3.36   -2.74   36.06
G-C     0.00    0.00    0.00    0.00    0.00    0.00    1.01    1.03    3.16    1.46    3.60   34.64
A-T     0.00    0.00    0.00    0.00    0.00    0.00   -0.68   -0.03    3.37   -5.92    8.80   34.49
A-T     0.00    0.00    0.00    0.00    0.00    0.00   -0.21   -0.25    3.21    0.69    4.83   33.75
T-A     0.00    0.00    0.00    0.00    0.00    0.00    0.09   -0.65    3.37   -1.60    6.93   28.91
T-A     0.00    0.00    0.00    0.00    0.00    0.00   -0.05   -0.40    3.18    4.72    7.60   33.73
C-G     0.00    0.00    0.00    0.00    0.00    0.00    0.13    0.11    3.27    2.80    7.45   30.39
A-T     0.00    0.00    0.00    0.00    0.00    0.00   -0.71    1.84    3.43   -2.26    0.42   42.29
G-C     0.00    0.00    0.00    0.00    0.00    0.00    0.85    0.83    3.31   -2.44   -5.20   35.79
C-G     0.00    0.00    0.00    0.00    0.00    0.00   -1.06    1.01    3.37   -2.15   -7.91   38.17
T-A     0.00    0.00    0.00    0.00    0.00    0.00    1.36    1.34    3.75    4.75   -3.72   43.64
G-C     0.00    0.00    0.00    0.00    0.00    0.00   -0.79    0.89    2.97   -3.75    7.11   33.71
A-T     0.00    0.00    0.00    0.00    0.00    0.00   -0.55    0.29    3.34   -3.15    3.67   33.14
A-T     0.00    0.00    0.00    0.00    0.00    0.00    0.36    0.13    3.30    2.88    8.38   33.55
C-G     0.00    0.00    0.00    0.00    0.00    0.00    0.35   -0.64    3.30    1.41    6.26   30.58
A-T     0.00    0.00    0.00    0.00    0.00    0.00   -0.45    0.54    3.69   -0.14   12.73   35.47
T-A     0.00    0.00    0.00    0.00    0.00    0.00    0.12   -0.38    3.10   -0.15   -0.98   27.66
G-C     0.00    0.00    0.00    0.00    0.00    0.00    0.91    0.43    3.40   -0.08    7.49   35.80
C-G     0.00    0.00    0.00    0.00    0.00    0.00   -1.40    0.35    3.33   -0.60  -13.90   37.93
C-G     0.00    0.00    0.00    0.00    0.00    0.00    0.63    1.50    4.05    1.53   -6.37   46.12
T-A     0.00    0.00    0.00    0.00    0.00    0.00   -0.38    1.54    3.36    0.22   -9.72   41.25
T-A     0.00    0.00    0.00    0.00    0.00    0.00    0.29    0.17    2.91   -3.46    3.17   31.09
T-A     0.00    0.00    0.00    0.00    0.00    0.00    0.42   -0.13    3.28    3.02    9.84   31.42
T-A     0.00    0.00    0.00    0.00    0.00    0.00   -0.09    0.26    3.52    1.79   15.02   33.39
G-C     0.00    0.00    0.00    0.00    0.00    0.00   -0.10   -1.03    3.84    3.66   19.66   23.53
A-T     0.00    0.00    0.00    0.00    0.00    0.00    0.05    0.02    2.89   -9.20    6.88   31.77
T-A     0.00    0.00    0.00    0.00    0.00    0.00   -0.12   -0.86    3.25   -0.92    3.87   25.68
G-C     0.00    0.00    0.00    0.00    0.00    0.00   -0.25    0.76    3.18    1.48    0.08   39.15
G-C     0.00    0.00    0.00    0.00    0.00    0.00    0.89    0.46    3.46    5.89    2.17   33.73
A-T     0.00    0.00    0.00    0.00    0.00    0.00   -1.20    1.35    3.21   -9.42   -6.50   42.75
G-C     0.00    0.00    0.00    0.00    0.00    0.00    1.23    0.24    3.11    1.58   -7.47   35.27
C-G     0.00    0.00    0.00    0.00    0.00    0.00   -0.46    0.12    3.47    0.60   -1.52   35.54
A-T     0.00    0.00    0.00    0.00    0.00    0.00    1.03    0.57    3.44    2.83    4.01   36.84
G-C     0.00    0.00    0.00    0.00    0.00    0.00   -1.42   -0.15    3.68   -5.23    8.78   36.50
T-A     0.00    0.00    0.00    0.00    0.00    0.00   -0.86   -0.50    3.15    0.97   12.80   29.96
T-A     0.00    0.00    0.00    0.00    0.00    0.00   -0.44   -0.35    3.23   -1.46    1.47   32.48
T-A     0.00    0.00    0.00    0.00    0.00    0.00    0.74    0.13    3.26    0.14    9.35   34.51
C-G     0.00    0.00    0.00    0.00    0.00    0.00    1.19    1.05    2.82    8.22   -0.22   35.74
C-G     0.00    0.00    0.00    0.00    0.00    0.00   -1.19    1.01    3.60   -9.11    5.41   30.43
A-T     0.00    0.00    0.00    0.00    0.00    0.00    0.51    2.17    3.23    9.18  -18.60   48.50
A-T     0.00    0.00    0.00    0.00    0.00    0.00    0.12   -0.31    3.18   -3.45    5.60   32.11
A-T     0.00    0.00    0.00    0.00    0.00    0.00   -0.76   -0.34    3.62   -1.28    1.85   37.86
T-A     0.00    0.00    0.00    0.00    0.00    0.00   -0.35   -0.56    3.08    1.12   -6.38   30.79
A-T     0.00    0.00    0.00    0.00    0.00    0.00    0.41   -0.42    3.21  -10.57    5.93   38.50
C-G     0.00    0.00    0.00    0.00    0.00    0.00   -0.06   -0.95    3.07    2.66    4.28   22.66
A-T     0.00    0.00    0.00    0.00    0.00    0.00    0.11   -0.21    3.84    4.03   10.66   41.02
C-G     0.00    0.00    0.00    0.00    0.00    0.00    0.67   -0.39    3.36   -1.26    6.35   35.21
T-A     0.00    0.00    0.00    0.00    0.00    0.00   -0.32   -0.28    3.17    2.93    6.10   33.98
T-A     0.00    0.00    0.00    0.00    0.00    0.00    0.05   -0.08    3.54   -5.80   -2.55   34.39
T-A     0.00    0.00    0.00    0.00    0.00    0.00   -0.82   -0.16    2.99    1.36    0.53   33.64
T-A     0.00    0.00    0.00    0.00    0.00    0.00   -0.48    0.36    3.54   -2.56   -7.73   40.74
G-C     0.00    0.00    0.00    0.00    0.00    0.00    0.13    2.39    3.27    3.13   -3.43   41.10
G-C     0.00    0.00    0.00    0.00    0.00    0.00   -0.48    0.16    2.69  -12.58    3.66   26.32
T-A     0.00    0.00    0.00    0.00    0.00    0.00    0.50   -0.33    3.23    2.71    6.72   31.16
A-T     0.00    0.00    0.00    0.00    0.00    0.00   -0.77    0.28    3.60    3.04   13.17   34.98
G-C     0.00    0.00    0.00    0.00    0.00    0.00    0.42   -0.01    3.28    2.03   10.78   29.90
A-T     0.00    0.00    0.00    0.00    0.00    0.00   -0.35   -0.94    3.10   -4.67   15.96   24.54
A-T     0.00    0.00    0.00    0.00    0.00    0.00    0.91   -0.37    3.07   -8.73    2.18   36.89
T-A     0.00    0.00    0.00    0.00    0.00    0.00   -0.56   -0.98    3.30   -0.66  -11.91   29.71
C-G     0.00    0.00    0.00    0.00    0.00    0.00    0.46   -0.66    3.47    5.01   -3.48   40.82
T-A     0.00    0.00    0.00    0.00    0.00    0.00   -0.82   -0.49    3.45   -5.01    6.74   32.28
G-C     0.00    0.00    0.00    0.00    0.00    0.00   -0.42    2.36    2.96    0.68  -16.97   45.85
C-G     0.00    0.00    0.00    0.00    0.00    0.00    0.22    0.63    3.02    3.34    4.65   30.40
A-T     0.00    0.00    0.00    0.00    0.00    0.00    0.31    2.51    3.45    2.66   -5.23   45.03
G-C     0.00    0.00    0.00    0.00    0.00    0.00    0.46    0.74    2.84   -4.83    9.88   28.64
G-C     0.00    0.00    0.00    0.00    0.00    0.00   -0.48   -0.37    3.61   -1.12   17.95   32.17
T-A     0.00    0.00    0.00    0.00    0.00    0.00   -0.71   -0.44    3.31   -3.12    4.64   32.77
G-C     0.00    0.00    0.00    0.00    0.00    0.00    0.13   -0.04    3.44    2.68    8.52   33.50
G-C     0.00    0.00    0.00    0.00    0.00    0.00    0.79    0.24    3.15    1.13    7.18   28.87
A-T     0.00    0.00    0.00    0.00    0.00    0.00   -0.56   -0.38    3.19   -4.72    4.05   39.39
T-A     0.00    0.00    0.00    0.00    0.00    0.00   -0.28   -0.68    3.26   -2.10   -4.43   29.79
A-T     0.00    0.00    0.00    0.00    0.00    0.00   -0.20    0.01    3.72    2.59   -3.23   41.72
T-A     0.00    0.00    0.00    0.00    0.00    0.00   -0.42   -0.81    3.04   -4.24   -3.14   31.10
T-A     0.00    0.00    0.00    0.00    0.00    0.00    0.68    0.08    3.34    3.22    3.25   36.20
G-C     0.00    0.00    0.00    0.00    0.00    0.00   -0.28    0.08    3.38    3.18    2.48   36.95
A-T     0.00    0.00    0.00    0.00    0.00    0.00   -0.11    0.03    3.25   -2.65    5.65   29.64
T-A     0.00    0.00    0.00    0.00    0.00    0.00    0.92   -0.90    3.16    0.45    0.31   36.68
