 146 base-pairs
   0  ***local base-pair & step parameters***
       Shear  Stretch  Stagger Buckle Prop-Tw Opening   Shift  Slide    Rise    Tilt    Roll   Twist
A-T     0.00    0.00    0.00    0.00    0.00    0.00    0.00    0.00    0.00    0.00    0.00    0.00
T-A     0.00    0.00    0.00    0.00    0.00    0.00   -1.06   -0.71    3.34   -2.87   -2.52   31.76
C-G     0.00    0.00    0.00    0.00    0.00    0.00    1.04   -0.12    2.88    5.31    4.65   35.85
A-T     0.00    0.00    0.00    0.00    0.00    0.00   -0.32    0.68    3.49   -4.67    5.55   34.83
A-T     0.00    0.00    0.00    0.00    0.00    0.00   -0.60    0.22    3.28   -3.92   -1.29   39.37
T-A     0.00    0.00    0.00    0.00    0.00    0.00    0.57   -0.67    3.01    8.23   -3.55   33.63
A-T     0.00    0.00    0.00    0.00    0.00    0.00    0.08   -0.13    3.57   -4.79   -1.77   39.65
T-A     0.00    0.00    0.00    0.00    0.00    0.00   -0.21   -1.10    3.19    5.06   -0.63   33.46
C-G     0.00    0.00    0.00    0.00    0.00    0.00    0.98    0.15    3.42    1.03   -2.14   34.23
C-G     0.00    0.00    0.00    0.00    0.00    0.00   -0.24    0.05    3.17   -0.70    8.33   27.77
A-T     0.00    0.00    0.00    0.00    0.00    0.00   -1.06    0.54    3.40   -1.21    7.56   31.56
C-G     0.00    0.00    0.00    0.00    0.00    0.00    0.41   -1.05    3.30   -1.59    7.66   33.16
C-G     0.00    0.00    0.00    0.00    0.00    0.00    0.47   -0.11    3.44    1.56   11.16   31.55
T-A     0.00    0.00    0.00    0.00    0.00    0.00   -1.06    0.35    3.58   -5.72    5.83   32.57
G-C     0.00    0.00    0.00    0.00    0.00    0.00    0.62    1.14    3.21    4.60   -5.44   39.26
C-G     0.00    0.00    0.00    0.00    0.00    0.00   -0.31    0.05    3.47   -7.57    6.77   37.40
A-T     0.00    0.00    0.00    0.00    0.00    0.00   -0.06    1.71    3.07    3.16  -22.87   42.13
G-C     0.00    0.00    0.00    0.00    0.00    0.00    0.55    0.15    3.54    3.72    0.05   36.95
A-T     0.00    0.00    0.00    0.00    0.00    0.00    0.10   -0.89    3.20    1.07   -4.60   35.53
T-A     0.00    0.00    0.00    0.00    0.00    0.00    0.21    0.11    2.97    2.08   -3.54   36.06
T-A     0.00    0.00    0.00    0.00    0.00    0.00   -0.08   -1.36    3.44    3.32    2.96   30.37
C-G     0.00    0.00    0.00    0.00    0.00    0.00   -0.31   -0.26    2.75    4.44    8.02   27.77
T-A     0.00    0.00    0.00    0.00    0.00    0.00   -0.15   -0.43    3.77    1.28   12.92   27.88
A-T     0.00    0.00    0.00    0.00    0.00    0.00    1.87    0.72    3.65    1.45   23.86   33.15
C-G     0.00    0.00    0.00    0.00    0.00    0.00   -1.32   -0.15    2.97  -12.38    2.46   31.61
C-G     0.00    0.00    0.00    0.00    0.00    0.00    0.64   -0.16    2.74   14.50    6.02   30.30
A-T     0.00    0.00    0.00    0.00    0.00    0.00    0.05    2.63    3.13   -4.34  -13.89   41.24
A-T     0.00    0.00    0.00    0.00    0.00    0.00    0.47    0.33    3.58    3.41    5.00   38.19
A-T     0.00    0.00    0.00    0.00    0.00    0.00    0.43   -0.23    3.34   -1.51   -9.45   41.06
A-T     0.00    0.00    0.00    0.00    0.00    0.00   -0.04   -0.37    3.31   -1.64    1.68   32.54
G-C     0.00    0.00    0.00    0.00    0.00    0.00    0.29   -0.55    3.50    0.98    0.40   36.08
T-A     0.00    0.00    0.00    0.00    0.00    0.00   -0.44   -0.83    2.97    3.66    0.03   27.09
G-C     0.00    0.00    0.00    0.00    0.00    0.00    1.12    0.11    3.86    2.74   12.44   34.85
T-A     0.00    0.00    0.00    0.00    0.00    0.00   -1.36   -0.51    2.89   -2.11   14.26   24.70
A-T     0.00    0.00    0.00    0.00    0.00    0.00    0.32   -0.63    3.76   -4.61    2.19   41.73
T-A     0.00    0.00    0.00    0.00    0.00    0.00    0.33   -1.12    3.38    0.97    4.21   30.70
T-A     0.00    0.00    0.00    0.00    0.00    0.00    0.11   -0.28    3.06    3.00   -8.74   39.81
T-A     0.00    0.00    0.00    0.00    0.00    0.00   -0.02   -0.27    3.60   -6.26    2.49   32.40
G-C     0.00    0.00    0.00    0.00    0.00    0.00   -0.77    2.28    3.15    1.56  -20.43   46.80
G-C     0.00    0.00    0.00    0.00    0.00    0.00    0.99    0.93    3.40    6.06    7.64   28.77
A-T     0.00    0.00    0.00    0.00    0.00    0.00   -1.43    0.95    3.08  -12.13   -0.01   37.41
A-T     0.00    0.00    0.00    0.00    0.00    0.00    0.42   -0.20    3.28   -0.55    2.44   34.66
A-T     0.00    0.00    0.00    0.00    0.00    0.00   -0.07   -0.13    3.56   -1.83   15.58   31.00
C-G     0.00    0.00    0.00    0.00    0.00    0.00    0.24   -0.48    2.89    3.43   -0.39   32.39
T-A     0.00    0.00    0.00    0.00    0.00    0.00    1.11   -0.14    3.32    1.29   11.62   33.91
G-C     0.00    0.00    0.00    0.00    0.00    0.00   -1.45    0.49    3.68   -5.16    8.46   37.68
C-G     0.00    0.00    0.00    0.00    0.00    0.00    0.64    1.03    3.56    0.29  -11.24   46.10
T-A     0.00    0.00    0.00    0.00    0.00    0.00   -1.29   -0.19    2.74   -0.70    0.89   30.33
C-G     0.00    0.00    0.00    0.00    0.00    0.00    1.57    1.75    3.25    7.53  -11.34   43.42
C-G     0.00    0.00    0.00    0.00    0.00    0.00   -0.97    0.50    3.50   -4.27    4.03   36.89
A-T     0.00    0.00    0.00    0.00    0.00    0.00    0.53    1.02    3.35   -4.21   -3.48   40.86
T-A     0.00    0.00    0.00    0.00    0.00    0.00    0.68   -0.53    2.88    5.65    2.75   28.27
C-G     0.00    0.00    0.00    0.00    0.00    0.00    0.21   -0.15    3.54    3.26    9.55   33.54
A-T     0.00    0.00    0.00    0.00    0.00    0.00   -0.34    0.42    4.18    4.40   16.80   35.61
A-T     0.00    0.00    0.00    0.00    0.00    0.00    0.61    0.61    3.02   -3.90    7.42   42.42
A-T     0.00    0.00    0.00    0.00    0.00    0.00   -0.93    0.35    2.98   -5.31   -2.77   34.41
A-T     0.00    0.00    0.00    0.00    0.00    0.00   -0.27   -0.93    3.54   -4.54   -0.46   35.73
G-C     0.00    0.00    0.00    0.00    0.00    0.00   -0.27    1.08    3.69   -2.21   -8.69   41.45
G-C     0.00    0.00    0.00    0.00    0.00    0.00   -0.81    0.13    3.17   -6.15  -28.56   30.20
C-G     0.00    0.00    0.00    0.00    0.00    0.00    1.40   -0.08    4.51   -0.23  -18.57   37.62
A-T     0.00    0.00    0.00    0.00    0.00    0.00   -0.25    0.84    3.27   14.52    6.87   42.97
T-A     0.00    0.00    0.00    0.00    0.00    0.00    0.39   -0.49    3.37   -2.44   14.34   22.93
G-C     0.00    0.00    0.00    0.00    0.00    0.00    0.08    1.30    4.07   -0.26    8.61   40.67
T-A     0.00    0.00    0.00    0.00    0.00    0.00   -0.78   -0.78    3.34   -2.17    9.84   25.99
T-A     0.00    0.00    0.00    0.00    0.00    0.00    0.24    0.10    3.01    3.66    3.03   32.57
C-G     0.00    0.00    0.00    0.00    0.00    0.00    0.85    0.73    3.29    4.72    5.46   37.69
A-T     0.00    0.00    0.00    0.00    0.00    0.00   -0.63    1.58    3.63   -1.99   -5.38   44.33
G-C     0.00    0.00    0.00    0.00    0.00    0.00    0.73    0.94    3.47    4.61    0.51   31.27
C-G     0.00    0.00    0.00    0.00    0.00    0.00   -0.58    0.66    3.30   -6.63   -4.72   41.47
T-A     0.00    0.00    0.00    0.00    0.00    0.00    0.06    0.96    3.35    4.43   -3.30   37.28
G-C     0.00    0.00    0.00    0.00    0.00    0.00    1.04    1.12    3.15    0.56    4.00   34.29
A-T     0.00    0.00    0.00    0.00    0.00    0.00   -0.77   -0.01    3.30   -7.12    9.38   33.26
A-T     0.00    0.00    0.00    0.00    0.00    0.00   -0.25   -0.33    3.22    1.51    4.31   34.06
T-A     0.00    0.00    0.00    0.00    0.00    0.00    0.19   -0.67    3.44   -0.28    6.30   30.15
T-A     0.00    0.00    0.00    0.00    0.00    0.00   -0.01   -0.33    3.18    4.00    8.23   33.47
C-G     0.00    0.00    0.00    0.00    0.00    0.00    0.03    0.14    3.21    1.36    8.14   29.15
A-T     0.00    0.00    0.00    0.00    0.00    0.00   -0.76    1.78    3.43   -1.66   -0.33   42.49
G-C     0.00    0.00    0.00    0.00    0.00    0.00    0.95    0.80    3.37   -0.90   -5.97   37.03
C-G     0.00    0.00    0.00    0.00    0.00    0.00   -1.00    1.06    3.38   -2.62   -7.07   38.02
T-A     0.00    0.00    0.00    0.00    0.00    0.00    1.25    1.38    3.69    3.12   -2.86   42.41
G-C     0.00    0.00    0.00    0.00    0.00    0.00   -0.86    0.84    2.96   -3.42    6.18   33.82
A-T     0.00    0.00    0.00    0.00    0.00    0.00   -0.44    0.25    3.40   -1.45    2.71   34.37
A-T     0.00    0.00    0.00    0.00    0.00    0.00    0.45    0.16    3.31    2.70    9.40   33.49
C-G     0.00    0.00    0.00    0.00    0.00    0.00    0.25   -0.60    3.24   -0.35    7.34   29.37
A-T     0.00    0.00    0.00    0.00    0.00    0.00   -0.55    0.52    3.68   -0.12   11.65   35.49
T-A     0.00    0.00    0.00    0.00    0.00    0.00    0.22   -0.42    3.15    1.65   -2.19   28.86
G-C     0.00    0.00    0.00    0.00    0.00    0.00    1.02    0.44    3.41    0.06    8.63   35.82
C-G     0.00    0.00    0.00    0.00    0.00    0.00   -1.50    0.39    3.28   -2.43  -12.56   36.75
C-G     0.00    0.00    0.00    0.00    0.00    0.00    0.50    1.50    4.04    1.22   -7.54   46.05
T-A     0.00    0.00    0.00    0.00    0.00    0.00   -0.28    1.51    3.41    2.06  -11.21   42.41
T-A     0.00    0.00    0.00    0.00    0.00    0.00    0.43    0.16    2.92   -2.99    4.36   31.20
T-A     0.00    0.00    0.00    0.00    0.00    0.00    0.33   -0.10    3.23    1.19   11.48   30.28
T-A     0.00    0.00    0.00    0.00    0.00    0.00   -0.24    0.28    3.51    1.16   13.82   33.25
G-C     0.00    0.00    0.00    0.00    0.00    0.00   -0.02   -1.05    3.89    5.47   17.86   24.65
A-T     0.00    0.00    0.00    0.00    0.00    0.00    0.21    0.00    2.90   -8.40    8.07   31.94
T-A     0.00    0.00    0.00    0.00    0.00    0.00   -0.19   -0.84    3.21   -2.69    5.83   24.59
G-C     0.00    0.00    0.00    0.00    0.00    0.00   -0.42    0.79    3.16    0.51   -1.08   38.95
G-C     0.00    0.00    0.00    0.00    0.00    0.00    0.95    0.45    3.50    7.60    0.05   34.79
A-T     0.00    0.00    0.00    0.00    0.00    0.00   -1.02    1.31    3.23   -8.29   -5.39   42.98
G-C     0.00    0.00    0.00    0.00    0.00    0.00    1.18    0.25    3.07   -0.05   -5.19   34.24
C-G     0.00    0.00    0.00    0.00    0.00    0.00   -0.65    0.17    3.45   -0.67   -2.57   35.29
A-T     0.00    0.00    0.00    0.00    0.00    0.00    1.06    0.57    3.48    4.36    1.57   37.85
G-C     0.00    0.00    0.00    0.00    0.00    0.00   -1.22   -0.20    3.70   -3.82    9.74   36.77
T-A     0.00    0.00    0.00    0.00    0.00    0.00   -0.88   -0.51    3.12   -0.46   15.39   28.98
T-A     0.00    0.00    0.00    0.00    0.00    0.00   -0.65   -0.29    3.22   -3.00    0.61   32.19
T-A     0.00    0.00    0.00    0.00    0.00    0.00    0.75    0.15    3.29    1.45    6.62   35.46
C-G     0.00    0.00    0.00    0.00    0.00    0.00    1.40    0.99    2.83    9.88    0.51   36.05
C-G     0.00    0.00    0.00    0.00    0.00    0.00   -1.19    0.98    3.57  -10.29    8.27   29.51
A-T     0.00    0.00    0.00    0.00    0.00    0.00    0.29    2.23    3.22    7.41  -19.20   48.18
A-T     0.00    0.00    0.00    0.00    0.00    0.00    0.11   -0.27    3.21   -2.41    2.61   33.01
A-T     0.00    0.00    0.00    0.00    0.00    0.00   -0.54   -0.40    3.63    0.57    2.31   38.19
T-A     0.00    0.00    0.00    0.00    0.00    0.00   -0.31   -0.62    3.05    0.24   -3.28   29.92
A-T     0.00    0.00    0.00    0.00    0.00    0.00    0.20   -0.36    3.20  -12.50    5.64   38.17
C-G     0.00    0.00    0.00    0.00    0.00    0.00   -0.11   -0.88    3.10    3.38    1.09   23.50
A-T     0.00    0.00    0.00    0.00    0.00    0.00    0.32   -0.27    3.84    6.01   10.78   41.35
C-G     0.00    0.00    0.00    0.00    0.00    0.00    0.73   -0.47    3.33   -1.82    9.63   34.39
T-A     0.00    0.00    0.00    0.00    0.00    0.00   -0.53   -0.22    3.16    0.90    6.16   33.64
T-A     0.00    0.00    0.00    0.00    0.00    0.00   -0.03    0.01    3.57   -5.41   -5.89   35.19
T-A     0.00    0.00    0.00    0.00    0.00    0.00   -0.61   -0.21    3.00    3.41    0.28   33.98
T-A     0.00    0.00    0.00    0.00    0.00    0.00   -0.39    0.27    3.51   -2.78   -4.34   39.97
G-C     0.00    0.00    0.00    0.00    0.00    0.00   -0.07    2.44    3.26    1.07   -2.97   40.77
G-C     0.00    0.00    0.00    0.00    0.00    0.00   -0.59    0.26    2.72  -12.53    0.24   27.08
T-A     0.00    0.00    0.00    0.00    0.00    0.00    0.70   -0.37    3.24    4.76    6.05   31.49
A-T     0.00    0.00    0.00    0.00    0.00    0.00   -0.65    0.17    3.57    3.16   16.61   34.24
G-C     0.00    0.00    0.00    0.00    0.00    0.00    0.23    0.02    3.28    0.01   11.65   29.58
A-T     0.00    0.00    0.00    0.00    0.00    0.00   -0.48   -0.82    3.13   -4.96   12.53   25.27
A-T     0.00    0.00    0.00    0.00    0.00    0.00    1.09   -0.39    3.07   -6.75    1.10   37.20
T-A     0.00    0.00    0.00    0.00    0.00    0.00   -0.42   -1.11    3.27   -0.20   -8.51   28.99
C-G     0.00    0.00    0.00    0.00    0.00    0.00    0.30   -0.65    3.47    3.10   -2.19   40.52
T-A     0.00    0.00    0.00    0.00    0.00    0.00   -0.97   -0.35    3.48   -5.62    3.38   33.00
G-C     0.00    0.00    0.00    0.00    0.00    0.00   -0.27    2.36    2.96    2.51  -18.47   46.16
C-G     0.00    0.00    0.00    0.00    0.00    0.00    0.39    0.49    2.99    4.09    7.95   29.69
A-T     0.00    0.00    0.00    0.00    0.00    0.00    0.17    2.50    3.46    0.91   -3.53   44.73
G-C     0.00    0.00    0.00    0.00    0.00    0.00    0.28    0.89    2.88   -5.73    6.67   29.34
G-C     0.00    0.00    0.00    0.00    0.00    0.00   -0.35   -0.35    3.61    0.52   16.05   32.46
T-A     0.00    0.00    0.00    0.00    0.00    0.00   -0.53   -0.58    3.27   -2.10    7.74   32.07
G-C     0.00    0.00    0.00    0.00    0.00    0.00    0.01   -0.07    3.44    1.16   10.59   33.22
G-C     0.00    0.00    0.00    0.00    0.00    0.00    0.60    0.39    3.19    0.00    4.19   29.58
A-T     0.00    0.00    0.00    0.00    0.00    0.00   -0.45   -0.34    3.19   -3.33    1.80   39.67
T-A     0.00    0.00    0.00    0.00    0.00    0.00   -0.09   -0.83    3.22   -0.87   -1.57   29.08
A-T     0.00    0.00    0.00    0.00    0.00    0.00   -0.29   -0.05    3.72    1.34   -0.81   41.45
T-A     0.00    0.00    0.00    0.00    0.00    0.00   -0.61   -0.66    3.08   -5.55   -5.85   31.82
T-A     0.00    0.00    0.00    0.00    0.00    0.00    0.75    0.15    3.34    4.32    0.69   36.47
G-C     0.00    0.00    0.00    0.00    0.00    0.00   -0.08   -0.07    3.33    4.55    5.03   36.22
A-T     0.00    0.00    0.00    0.00    0.00    0.00   -0.17   -0.06    3.25   -3.60    8.35   29.37
T-A     0.00    0.00    0.00    0.00    0.00    0.00    0.72   -0.75    3.20   -0.98   -2.07   37.42
