 146 base-pairs
   0  ***local base-pair & step parameters***
       Shear  Stretch  Stagger Buckle Prop-Tw Opening   Shift  Slide    Rise    Tilt    Roll   Twist
A-T     0.00    0.00    0.00    0.00    0.00    0.00    0.00    0.00    0.00    0.00    0.00    0.00
T-A     0.00    0.00    0.00    0.00    0.00    0.00   -1.11   -0.77    3.33   -3.51    0.46   30.97
C-G     0.00    0.00    0.00    0.00    0.00    0.00    0.91   -0.07    2.93    4.75    3.23   36.52
A-T     0.00    0.00    0.00    0.00    0.00    0.00   -0.29    0.74    3.50   -4.33    2.61   35.52
A-T     0.00    0.00    0.00    0.00    0.00    0.00   -0.50    0.17    3.22   -3.50   -0.70   38.81
T-A     0.00    0.00    0.00    0.00    0.00    0.00    0.56   -0.74    2.99    8.12   -1.08   33.10
A-T     0.00    0.00    0.00    0.00    0.00    0.00    0.01   -0.09    3.63   -4.96   -1.81   40.19
T-A     0.00    0.00    0.00    0.00    0.00    0.00   -0.19   -1.02    3.22    5.09   -2.34   33.83
C-G     0.00    0.00    0.00    0.00    0.00    0.00    1.02    0.11    3.37    0.89   -2.24   33.61
C-G     0.00    0.00    0.00    0.00    0.00    0.00   -0.27   -0.03    3.12   -0.81    9.24   27.51
A-T     0.00    0.00    0.00    0.00    0.00    0.00   -1.09    0.58    3.44   -0.82    7.34   32.33
C-G     0.00    0.00    0.00    0.00    0.00    0.00    0.47   -0.97    3.35   -1.25    7.37   33.38
C-G     0.00    0.00    0.00    0.00    0.00    0.00    0.50   -0.14    3.41    1.04   12.05   30.61
T-A     0.00    0.00    0.00    0.00    0.00    0.00   -1.15    0.27    3.54   -6.37    5.87   32.27
G-C     0.00    0.00    0.00    0.00    0.00    0.00    0.57    1.16    3.24    5.08   -7.13   40.35
C-G     0.00    0.00    0.00    0.00    0.00    0.00   -0.20    0.13    3.50   -6.62    6.53   37.86
A-T     0.00    0.00    0.00    0.00    0.00    0.00    0.01    1.69    3.05    2.87  -20.46   40.98
G-C     0.00    0.00    0.00    0.00    0.00    0.00    0.43    0.08    3.51    2.57    0.90   36.29
A-T     0.00    0.00    0.00    0.00    0.00    0.00    0.00   -0.88    3.23    1.07   -7.42   36.65
T-A     0.00    0.00    0.00    0.00    0.00    0.00    0.31    0.17    2.99    3.27   -5.22   36.90
T-A     0.00    0.00    0.00    0.00    0.00    0.00    0.05   -1.37    3.41    3.66    5.75   29.36
C-G     0.00    0.00    0.00    0.00    0.00    0.00   -0.39   -0.32    2.74    3.37   10.55   26.79
T-A     0.00    0.00    0.00    0.00    0.00    0.00   -0.30   -0.41    3.81    0.69   10.59   28.70
A-T     0.00    0.00    0.00    0.00    0.00    0.00    1.92    0.78    3.66    2.26   20.71   34.17
C-G     0.00    0.00    0.00    0.00    0.00    0.00   -1.17   -0.17    2.92  -11.67    4.01   30.99
C-G     0.00    0.00    0.00    0.00    0.00    0.00    0.62   -0.22    2.72   14.00    9.39   29.33
A-T     0.00    0.00    0.00    0.00    0.00    0.00   -0.08    2.66    3.19   -5.02  -14.55   41.70
A-T     0.00    0.00    0.00    0.00    0.00    0.00    0.47    0.39    3.61    3.62    1.87   39.02
A-T     0.00    0.00    0.00    0.00    0.00    0.00    0.53   -0.26    3.28   -1.03   -9.54   40.67
A-T     0.00    0.00    0.00    0.00    0.00    0.00   -0.02   -0.44    3.27   -1.67    4.19   31.87
G-C     0.00    0.00    0.00    0.00    0.00    0.00    0.21   -0.52    3.55    0.79    0.89   36.48
T-A     0.00    0.00    0.00    0.00    0.00    0.00   -0.45   -0.75    3.01    3.68   -1.68   27.60
G-C     0.00    0.00    0.00    0.00    0.00    0.00    1.18    0.09    3.81    2.65   11.99   34.34
T-A     0.00    0.00    0.00    0.00    0.00    0.00   -1.38   -0.59    2.83   -2.28   15.19   24.27
A-T     0.00    0.00    0.00    0.00    0.00    0.00    0.28   -0.62    3.79   -4.30    2.18   42.40
T-A     0.00    0.00    0.00    0.00    0.00    0.00    0.38   -1.03    3.44    1.40    3.78   31.13
T-A     0.00    0.00    0.00    0.00    0.00    0.00    0.16   -0.28    3.04    2.62   -7.98   38.98
T-A     0.00    0.00    0.00    0.00    0.00    0.00   -0.10   -0.36    3.55   -7.01    2.84   31.86
G-C     0.00    0.00    0.00    0.00    0.00    0.00   -0.84    2.28    3.16    1.84  -21.99   47.75
G-C     0.00    0.00    0.00    0.00    0.00    0.00    1.07    1.02    3.44    7.06    6.92   29.49
A-T     0.00    0.00    0.00    0.00    0.00    0.00   -1.33    0.95    3.07  -12.16    2.15   36.43
A-T     0.00    0.00    0.00    0.00    0.00    0.00    0.33   -0.28    3.25   -1.70    3.88   33.75
A-T     0.00    0.00    0.00    0.00    0.00    0.00   -0.20   -0.13    3.58   -2.12   13.18   31.90
C-G     0.00    0.00    0.00    0.00    0.00    0.00    0.31   -0.41    2.92    4.54   -2.69   33.48
T-A     0.00    0.00    0.00    0.00    0.00    0.00    1.26   -0.13    3.29    1.89   13.81   33.17
G-C     0.00    0.00    0.00    0.00    0.00    0.00   -1.50    0.42    3.66   -6.09   11.53   36.50
C-G     0.00    0.00    0.00    0.00    0.00    0.00    0.48    1.03    3.59   -0.52  -12.80   46.64
T-A     0.00    0.00    0.00    0.00    0.00    0.00   -1.27   -0.12    2.77   -0.06   -2.64   31.50
C-G     0.00    0.00    0.00    0.00    0.00    0.00    1.72    1.74    3.21    8.39  -10.63   43.06
C-G     0.00    0.00    0.00    0.00    0.00    0.00   -0.95    0.43    3.47   -4.58    7.58   35.81
A-T     0.00    0.00    0.00    0.00    0.00    0.00    0.40    1.03    3.40   -4.97   -3.33   41.08
T-A     0.00    0.00    0.00    0.00    0.00    0.00    0.64   -0.45    2.92    5.72   -0.40   29.20
C-G     0.00    0.00    0.00    0.00    0.00    0.00    0.31   -0.16    3.49    3.78    8.76   33.36
A-T     0.00    0.00    0.00    0.00    0.00    0.00   -0.30    0.34    4.13    4.45   19.21   34.86
A-T     0.00    0.00    0.00    0.00    0.00    0.00    0.54    0.62    3.06   -4.12    8.45   42.65
A-T     0.00    0.00    0.00    0.00    0.00    0.00   -0.95    0.44    3.04   -5.32   -4.34   35.03
A-T     0.00    0.00    0.00    0.00    0.00    0.00   -0.22   -0.93    3.52   -4.60   -1.27   35.37
G-C     0.00    0.00    0.00    0.00    0.00    0.00   -0.27    0.99    3.63   -2.41   -7.82   40.88
G-C     0.00    0.00    0.00    0.00    0.00    0.00   -0.85    0.12    3.18   -5.93  -28.35   30.72
C-G     0.00    0.00    0.00    0.00    0.00    0.00    1.43    0.01    4.56    0.26  -19.09   38.23
A-T     0.00    0.00    0.00    0.00    0.00    0.00   -0.20    0.86    3.26   14.30    7.44   42.30
T-A     0.00    0.00    0.00    0.00    0.00    0.00    0.34   -0.58    3.32   -3.22   14.95   22.19
G-C     0.00    0.00    0.00    0.00    0.00    0.00    0.00    1.28    4.07   -0.20    7.28   41.42
T-A     0.00    0.00    0.00    0.00    0.00    0.00   -0.71   -0.70    3.38   -1.17    8.72   26.92
T-A     0.00    0.00    0.00    0.00    0.00    0.00    0.35    0.12    3.01    3.88    4.83   31.83
C-G     0.00    0.00    0.00    0.00    0.00    0.00    0.80    0.67    3.25    3.64    7.38   36.57
A-T     0.00    0.00    0.00    0.00    0.00    0.00   -0.78    1.56    3.64   -2.54   -7.24   44.96
G-C     0.00    0.00    0.00    0.00    0.00    0.00    0.76    1.00    3.50    5.59   -2.25   32.52
C-G     0.00    0.00    0.00    0.00    0.00    0.00   -0.42    0.69    3.28   -5.81   -3.26   41.03
T-A     0.00    0.00    0.00    0.00    0.00    0.00    0.06    0.90    3.32    3.69    0.12   35.97
G-C     0.00    0.00    0.00    0.00    0.00    0.00    0.87    1.10    3.18   -0.43    3.28   34.53
A-T     0.00    0.00    0.00    0.00    0.00    0.00   -0.80    0.05    3.34   -6.70    5.68   34.52
A-T     0.00    0.00    0.00    0.00    0.00    0.00   -0.10   -0.32    3.19    2.47    4.14   34.00
T-A     0.00    0.00    0.00    0.00    0.00    0.00    0.24   -0.73    3.39   -0.39    9.84   29.02
T-A     0.00    0.00    0.00    0.00    0.00    0.00   -0.13   -0.34    3.22    3.21    9.21   33.43
C-G     0.00    0.00    0.00    0.00    0.00    0.00   -0.04    0.21    3.26    1.26    5.18   30.10
A-T     0.00    0.00    0.00    0.00    0.00    0.00   -0.67    1.79    3.40   -1.14   -1.79   42.54
G-C     0.00    0.00    0.00    0.00    0.00    0.00    1.01    0.72    3.31   -0.75   -3.82   36.24
C-G     0.00    0.00    0.00    0.00    0.00    0.00   -1.06    1.05    3.40   -2.83   -5.55   38.05
T-A     0.00    0.00    0.00    0.00    0.00    0.00    1.21    1.46    3.76    3.08   -4.19   43.08
G-C     0.00    0.00    0.00    0.00    0.00    0.00   -0.82    0.87    2.95   -3.44    5.03   33.64
A-T     0.00    0.00    0.00    0.00    0.00    0.00   -0.43    0.17    3.33   -1.65    3.45   33.71
A-T     0.00    0.00    0.00    0.00    0.00    0.00    0.41    0.13    3.31    2.82    9.84   33.84
C-G     0.00    0.00    0.00    0.00    0.00    0.00    0.26   -0.52    3.30    0.15    6.80   30.10
A-T     0.00    0.00    0.00    0.00    0.00    0.00   -0.49    0.56    3.69   -0.18   12.01   35.02
T-A     0.00    0.00    0.00    0.00    0.00    0.00    0.19   -0.50    3.10    0.87   -1.38   27.97
G-C     0.00    0.00    0.00    0.00    0.00    0.00    0.93    0.40    3.40   -0.10    7.60   36.33
C-G     0.00    0.00    0.00    0.00    0.00    0.00   -1.46    0.46    3.32   -1.49  -14.00   37.82
C-G     0.00    0.00    0.00    0.00    0.00    0.00    0.62    1.54    4.04    1.69   -6.20   45.60
T-A     0.00    0.00    0.00    0.00    0.00    0.00   -0.31    1.45    3.37    1.12   -8.94   41.17
T-A     0.00    0.00    0.00    0.00    0.00    0.00    0.29    0.12    2.92   -3.77    3.15   31.51
T-A     0.00    0.00    0.00    0.00    0.00    0.00    0.33   -0.04    3.26    1.97    8.42   31.63
T-A     0.00    0.00    0.00    0.00    0.00    0.00   -0.08    0.31    3.50    2.17   14.49   33.14
G-C     0.00    0.00    0.00    0.00    0.00    0.00    0.02   -1.11    3.86    4.97   21.43   23.29
A-T     0.00    0.00    0.00    0.00    0.00    0.00    0.06   -0.03    2.92   -9.50    8.24   31.85
T-A     0.00    0.00    0.00    0.00    0.00    0.00   -0.26   -0.78    3.25   -2.52    2.16   25.86
G-C     0.00    0.00    0.00    0.00    0.00    0.00   -0.29    0.82    3.14    1.53   -2.13   39.19
G-C     0.00    0.00    0.00    0.00    0.00    0.00    1.03    0.39    3.45    7.70    3.36   33.69
A-T     0.00    0.00    0.00    0.00    0.00    0.00   -1.12    1.28    3.25   -9.09   -3.64   42.66
G-C     0.00    0.00    0.00    0.00    0.00    0.00    1.09    0.31    3.13   -0.31   -7.79   35.16
C-G     0.00    0.00    0.00    0.00    0.00    0.00   -0.58    0.20    3.44   -0.18   -4.64   35.57
A-T     0.00    0.00    0.00    0.00    0.00    0.00    1.14    0.50    3.42    4.61    3.32   37.09
G-C     0.00    0.00    0.00    0.00    0.00    0.00   -1.27   -0.23    3.70   -4.02   11.69   36.61
T-A     0.00    0.00    0.00    0.00    0.00    0.00   -0.94   -0.44    3.19   -0.54   14.41   29.66
T-A     0.00    0.00    0.00    0.00    0.00    0.00   -0.61   -0.25    3.22   -3.00   -0.80   32.19
T-A     0.00    0.00    0.00    0.00    0.00    0.00    0.78    0.08    3.23    1.26    7.14   34.76
C-G     0.00    0.00    0.00    0.00    0.00    0.00    1.35    0.94    2.82    9.91    1.16   36.19
C-G     0.00    0.00    0.00    0.00    0.00    0.00   -1.19    1.05    3.63   -9.79    7.77   30.31
A-T     0.00    0.00    0.00    0.00    0.00    0.00    0.36    2.29    3.24    7.51  -19.07   47.94
A-T     0.00    0.00    0.00    0.00    0.00    0.00    0.09   -0.33    3.16   -3.14    3.52   32.04
A-T     0.00    0.00    0.00    0.00    0.00    0.00   -0.64   -0.46    3.61    0.22    1.63   38.43
T-A     0.00    0.00    0.00    0.00    0.00    0.00   -0.30   -0.56    3.09    1.06   -4.92   31.08
A-T     0.00    0.00    0.00    0.00    0.00    0.00    0.32   -0.30    3.21  -11.83    6.47   38.02
C-G     0.00    0.00    0.00    0.00    0.00    0.00   -0.10   -0.93    3.07    2.62    3.56   22.21
A-T     0.00    0.00    0.00    0.00    0.00    0.00    0.18   -0.33    3.84    5.05   10.26   41.33
C-G     0.00    0.00    0.00    0.00    0.00    0.00    0.69   -0.42    3.36   -1.28    6.46   35.74
T-A     0.00    0.00    0.00    0.00    0.00    0.00   -0.38   -0.17    3.16    2.04    6.00   33.87
T-A     0.00    0.00    0.00    0.00    0.00    0.00    0.04   -0.04    3.53   -5.64   -2.38   33.87
T-A     0.00    0.00    0.00    0.00    0.00    0.00   -0.75   -0.25    3.00    2.26    1.31   33.56
T-A     0.00    0.00    0.00    0.00    0.00    0.00   -0.48    0.31    3.55   -2.87   -7.75   41.16
G-C     0.00    0.00    0.00    0.00    0.00    0.00    0.04    2.48    3.25    2.08   -4.85   41.31
G-C     0.00    0.00    0.00    0.00    0.00    0.00   -0.47    0.21    2.67  -12.20    3.13   26.07
T-A     0.00    0.00    0.00    0.00    0.00    0.00    0.62   -0.41    3.25    4.02    8.49   30.92
A-T     0.00    0.00    0.00    0.00    0.00    0.00   -0.76    0.23    3.63    2.74   14.53   35.06
G-C     0.00    0.00    0.00    0.00    0.00    0.00    0.28    0.07    3.28    0.43    9.07   30.08
A-T     0.00    0.00    0.00    0.00    0.00    0.00   -0.39   -0.88    3.06   -4.62   13.75   24.58
A-T     0.00    0.00    0.00    0.00    0.00    0.00    1.05   -0.44    3.06   -6.92    3.37   36.85
T-A     0.00    0.00    0.00    0.00    0.00    0.00   -0.48   -1.05    3.34   -0.33   -9.05   29.62
C-G     0.00    0.00    0.00    0.00    0.00    0.00    0.32   -0.59    3.49    3.12   -3.80   40.71
T-A     0.00    0.00    0.00    0.00    0.00    0.00   -0.94   -0.41    3.42   -5.79    3.62   32.31
G-C     0.00    0.00    0.00    0.00    0.00    0.00   -0.31    2.29    2.94    2.46  -17.66   46.10
C-G     0.00    0.00    0.00    0.00    0.00    0.00    0.37    0.55    3.04    4.55    7.56   30.51
A-T     0.00    0.00    0.00    0.00    0.00    0.00    0.23    2.57    3.49    1.15   -3.62   44.73
G-C     0.00    0.00    0.00    0.00    0.00    0.00    0.29    0.84    2.83   -6.37    7.61   28.35
G-C     0.00    0.00    0.00    0.00    0.00    0.00   -0.44   -0.42    3.58    0.00   15.74   32.42
T-A     0.00    0.00    0.00    0.00    0.00    0.00   -0.55   -0.55    3.31   -1.43    6.02   33.22
G-C     0.00    0.00    0.00    0.00    0.00    0.00    0.13    0.00    3.47    2.00   10.88   33.38
G-C     0.00    0.00    0.00    0.00    0.00    0.00    0.64    0.36    3.16   -0.54    6.71   28.31
A-T     0.00    0.00    0.00    0.00    0.00    0.00   -0.59   -0.40    3.17   -4.41    1.97   39.32
T-A     0.00    0.00    0.00    0.00    0.00    0.00   -0.16   -0.80    3.25   -0.60   -4.65   30.36
A-T     0.00    0.00    0.00    0.00    0.00    0.00   -0.15    0.01    3.73    2.53   -1.77   42.01
T-A     0.00    0.00    0.00    0.00    0.00    0.00   -0.51   -0.69    3.04   -5.50   -2.60   30.62
T-A     0.00    0.00    0.00    0.00    0.00    0.00    0.64    0.10    3.34    3.18    2.53   35.75
G-C     0.00    0.00    0.00    0.00    0.00    0.00   -0.21   -0.04    3.38    4.20    2.08   37.26
A-T     0.00    0.00    0.00    0.00    0.00    0.00   -0.09    0.00    3.25   -2.67    5.76   30.17
T-A     0.00    0.00    0.00    0.00    0.00    0.00    0.86   -0.79    3.15   -0.44    0.21   36.57
