 146 base-pairs
   0  ***local base-pair & step parameters***
       Shear  Stretch  Stagger Buckle Prop-Tw Opening   Shift  Slide    Rise    Tilt    Roll   Twist
A-T     0.00    0.00    0.00    0.00    0.00    0.00    0.00    0.00    0.00    0.00    0.00    0.00
T-A     0.00    0.00    0.00    0.00    0.00    0.00   -1.03   -0.85    3.24   -3.26   -0.18   30.59
C-G     0.00    0.00    0.00    0.00    0.00    0.00    0.85    0.00    2.97    4.84    2.78   36.62
A-T     0.00    0.00    0.00    0.00    0.00    0.00   -0.26    0.76    3.55   -3.93    3.39   36.11
A-T     0.00    0.00    0.00    0.00    0.00    0.00   -0.40    0.09    3.16   -3.53    1.07   38.03
T-A     0.00    0.00    0.00    0.00    0.00    0.00    0.42   -0.69    3.01    7.20   -1.96   32.66
A-T     0.00    0.00    0.00    0.00    0.00    0.00   -0.07   -0.05    3.68   -4.89   -4.17   41.32
T-A     0.00    0.00    0.00    0.00    0.00    0.00   -0.01   -1.12    3.14    6.15   -1.59   33.87
C-G     0.00    0.00    0.00    0.00    0.00    0.00    1.03    0.14    3.37    0.79   -0.20   32.67
C-G     0.00    0.00    0.00    0.00    0.00    0.00   -0.41    0.06    3.22   -1.59    8.98   27.85
A-T     0.00    0.00    0.00    0.00    0.00    0.00   -1.04    0.50    3.40   -0.78    6.32   32.62
C-G     0.00    0.00    0.00    0.00    0.00    0.00    0.50   -1.00    3.28   -1.05    6.83   32.93
C-G     0.00    0.00    0.00    0.00    0.00    0.00    0.43   -0.05    3.48    1.20   11.80   31.09
T-A     0.00    0.00    0.00    0.00    0.00    0.00   -1.06    0.24    3.54   -5.95    7.25   32.50
G-C     0.00    0.00    0.00    0.00    0.00    0.00    0.61    1.11    3.18    4.66   -5.90   39.33
C-G     0.00    0.00    0.00    0.00    0.00    0.00   -0.37    0.21    3.56   -7.44    4.64   38.06
A-T     0.00    0.00    0.00    0.00    0.00    0.00    0.04    1.67    3.05    3.46  -22.10   42.05
G-C     0.00    0.00    0.00    0.00    0.00    0.00    0.60    0.00    3.43    3.43    2.62   35.73
A-T     0.00    0.00    0.00    0.00    0.00    0.00   -0.09   -0.80    3.28    0.52   -6.00   36.04
T-A     0.00    0.00    0.00    0.00    0.00    0.00    0.22    0.21    3.05    2.71   -6.05   37.50
T-A     0.00    0.00    0.00    0.00    0.00    0.00    0.14   -1.47    3.32    3.87    4.93   29.28
C-G     0.00    0.00    0.00    0.00    0.00    0.00   -0.41   -0.29    2.72    3.48   10.04   26.53
T-A     0.00    0.00    0.00    0.00    0.00    0.00   -0.33   -0.35    3.88    0.98   10.78   29.38
A-T     0.00    0.00    0.00    0.00    0.00    0.00    2.04    0.71    3.62    2.53   22.49   33.87
C-G     0.00    0.00    0.00    0.00    0.00    0.00   -1.23   -0.17    2.90  -12.42    4.28   30.09
C-G     0.00    0.00    0.00    0.00    0.00    0.00    0.47   -0.14    2.79   13.55    6.94   30.12
A-T     0.00    0.00    0.00    0.00    0.00    0.00    0.05    2.59    3.14   -4.05  -15.04   42.35
A-T     0.00    0.00    0.00    0.00    0.00    0.00    0.57    0.36    3.55    4.04    4.05   38.10
A-T     0.00    0.00    0.00    0.00    0.00    0.00    0.39   -0.16    3.37   -1.81   -8.98   40.55
A-T     0.00    0.00    0.00    0.00    0.00    0.00   -0.04   -0.47    3.29   -1.92    3.13   32.45
G-C     0.00    0.00    0.00    0.00    0.00    0.00    0.29   -0.60    3.46    1.04    0.25   36.10
T-A     0.00    0.00    0.00    0.00    0.00    0.00   -0.51   -0.68    3.05    3.77   -2.13   27.70
G-C     0.00    0.00    0.00    0.00    0.00    0.00    1.21    0.11    3.86    3.05   12.77   34.93
T-A     0.00    0.00    0.00    0.00    0.00    0.00   -1.28   -0.67    2.77   -2.31   16.96   23.49
A-T     0.00    0.00    0.00    0.00    0.00    0.00    0.14   -0.57    3.81   -5.22    1.30   41.96
T-A     0.00    0.00    0.00    0.00    0.00    0.00    0.30   -0.99    3.49    1.47    1.42   32.26
T-A     0.00    0.00    0.00    0.00    0.00    0.00    0.34   -0.38    2.96    3.68   -7.23   39.02
T-A     0.00    0.00    0.00    0.00    0.00    0.00   -0.09   -0.33    3.55   -7.11    4.88   30.92
G-C     0.00    0.00    0.00    0.00    0.00    0.00   -0.98    2.37    3.26    1.06  -22.25   48.09
G-C     0.00    0.00    0.00    0.00    0.00    0.00    1.12    0.94    3.40    7.10    5.90   29.78
A-T     0.00    0.00    0.00    0.00    0.00    0.00   -1.30    0.92    3.00  -11.96    1.61   35.98
A-T     0.00    0.00    0.00    0.00    0.00    0.00    0.26   -0.19    3.32   -1.54    3.63   34.23
A-T     0.00    0.00    0.00    0.00    0.00    0.00   -0.11   -0.16    3.58   -1.70   14.56   32.13
C-G     0.00    0.00    0.00    0.00    0.00    0.00    0.35   -0.46    2.86    4.12   -1.46   32.46
T-A     0.00    0.00    0.00    0.00    0.00    0.00    1.09   -0.05    3.35    1.07   11.92   33.37
G-C     0.00    0.00    0.00    0.00    0.00    0.00   -1.47    0.40    3.66   -5.50    9.89   37.57
C-G     0.00    0.00    0.00    0.00    0.00    0.00    0.65    0.95    3.51    0.34  -11.08   46.08
T-A     0.00    0.00    0.00    0.00    0.00    0.00   -1.36   -0.04    2.82   -0.61   -1.22   30.89
C-G     0.00    0.00    0.00    0.00    0.00    0.00    1.63    1.78    3.27    7.83  -11.46   43.66
C-G     0.00    0.00    0.00    0.00    0.00    0.00   -0.86    0.33    3.38   -4.37    6.76   35.73
A-T     0.00    0.00    0.00    0.00    0.00    0.00    0.38    1.06    3.38   -4.86   -3.84   40.82
T-A     0.00    0.00    0.00    0.00    0.00    0.00    0.61   -0.39    2.99    6.01   -0.21   29.88
C-G     0.00    0.00    0.00    0.00    0.00    0.00    0.43   -0.23    3.45    4.05   10.54   33.06
A-T     0.00    0.00    0.00    0.00    0.00    0.00   -0.36    0.34    4.11    3.70   19.48   33.96
A-T     0.00    0.00    0.00    0.00    0.00    0.00    0.39    0.70    3.13   -4.57    6.00   43.44
A-T     0.00    0.00    0.00    0.00    0.00    0.00   -0.82    0.37    2.99   -4.35   -4.83   35.68
A-T     0.00    0.00    0.00    0.00    0.00    0.00   -0.12   -0.96    3.46   -4.18    0.91   34.45
G-C     0.00    0.00    0.00    0.00    0.00    0.00   -0.41    1.09    3.72   -3.19   -7.26   40.76
G-C     0.00    0.00    0.00    0.00    0.00    0.00   -0.87    0.09    3.20   -6.18  -29.41   31.30
C-G     0.00    0.00    0.00    0.00    0.00    0.00    1.51   -0.07    4.47    0.51  -19.73   37.85
A-T     0.00    0.00    0.00    0.00    0.00    0.00   -0.26    0.93    3.30   14.39    6.99   42.40
T-A     0.00    0.00    0.00    0.00    0.00    0.00    0.37   -0.56    3.37   -2.82   15.73   22.78
G-C     0.00    0.00    0.00    0.00    0.00    0.00    0.10    1.20    4.01   -0.23    9.05   40.64
T-A     0.00    0.00    0.00    0.00    0.00    0.00   -0.85   -0.65    3.40   -2.09    7.84   26.48
T-A     0.00    0.00    0.00    0.00    0.00    0.00    0.27    0.16    3.06    3.95    2.47   32.96
C-G     0.00    0.00    0.00    0.00    0.00    0.00    0.98    0.57    3.17    4.70    8.13   36.61
A-T     0.00    0.00    0.00    0.00    0.00    0.00   -0.77    1.59    3.64   -2.64   -5.20   44.02
G-C     0.00    0.00    0.00    0.00    0.00    0.00    0.62    1.09    3.60    4.81   -2.51   32.86
C-G     0.00    0.00    0.00    0.00    0.00    0.00   -0.37    0.61    3.24   -5.77   -4.28   41.32
T-A     0.00    0.00    0.00    0.00    0.00    0.00    0.09    0.87    3.25    3.89   -0.42   35.52
G-C     0.00    0.00    0.00    0.00    0.00    0.00    0.80    1.19    3.25   -0.27    3.03   35.01
A-T     0.00    0.00    0.00    0.00    0.00    0.00   -0.71    0.02    3.34   -6.28    7.06   34.75
A-T     0.00    0.00    0.00    0.00    0.00    0.00   -0.06   -0.37    3.13    2.05    5.37   32.98
T-A     0.00    0.00    0.00    0.00    0.00    0.00    0.07   -0.65    3.45   -1.21    7.95   29.22
T-A     0.00    0.00    0.00    0.00    0.00    0.00   -0.10   -0.36    3.22    3.80    7.57   34.50
C-G     0.00    0.00    0.00    0.00    0.00    0.00    0.13    0.13    3.18    2.12    6.90   29.54
A-T     0.00    0.00    0.00    0.00    0.00    0.00   -0.76    1.87    3.45   -1.69   -0.37   41.93
G-C     0.00    0.00    0.00    0.00    0.00    0.00    0.92    0.76    3.37   -1.31   -4.65   36.84
C-G     0.00    0.00    0.00    0.00    0.00    0.00   -0.97    0.95    3.31   -2.62   -6.37   37.97
T-A     0.00    0.00    0.00    0.00    0.00    0.00    1.19    1.49    3.74    3.19   -4.70   42.82
G-C     0.00    0.00    0.00    0.00    0.00    0.00   -0.85    0.93    3.02   -3.15    5.22   34.32
A-T     0.00    0.00    0.00    0.00    0.00    0.00   -0.31    0.10    3.29   -1.38    5.23   33.41
A-T     0.00    0.00    0.00    0.00    0.00    0.00    0.35    0.13    3.29    2.07   10.11   32.94
C-G     0.00    0.00    0.00    0.00    0.00    0.00    0.11   -0.44    3.37   -0.30    4.35   30.89
A-T     0.00    0.00    0.00    0.00    0.00    0.00   -0.36    0.49    3.64    0.79   11.52   35.67
T-A     0.00    0.00    0.00    0.00    0.00    0.00    0.29   -0.53    3.04    1.29    0.80   27.05
G-C     0.00    0.00    0.00    0.00    0.00    0.00    0.79    0.50    3.49   -0.88    8.16   36.21
C-G     0.00    0.00    0.00    0.00    0.00    0.00   -1.48    0.43    3.34   -1.74  -15.06   38.40
C-G     0.00    0.00    0.00    0.00    0.00    0.00    0.70    1.46    3.95    1.94   -6.84   45.22
T-A     0.00    0.00    0.00    0.00    0.00    0.00   -0.37    1.52    3.41    1.21   -9.39   41.27
T-A     0.00    0.00    0.00    0.00    0.00    0.00    0.32    0.14    2.97   -3.37    3.93   32.10
T-A     0.00    0.00    0.00    0.00    0.00    0.00    0.43   -0.12    3.20    1.94   10.19   30.85
T-A     0.00    0.00    0.00    0.00    0.00    0.00   -0.22    0.36    3.52    1.25   13.61   32.70
G-C     0.00    0.00    0.00    0.00    0.00    0.00   -0.06   -1.07    3.91    5.04   19.07   24.42
A-T     0.00    0.00    0.00    0.00    0.00    0.00    0.24   -0.13    2.84   -8.44    8.99   31.89
T-A     0.00    0.00    0.00    0.00    0.00    0.00   -0.25   -0.75    3.25   -2.62    4.20   24.92
G-C     0.00    0.00    0.00    0.00    0.00    0.00   -0.43    0.91    3.24    0.75   -2.39   39.53
G-C     0.00    0.00    0.00    0.00    0.00    0.00    1.08    0.31    3.41    7.74    2.34   33.98
A-T     0.00    0.00    0.00    0.00    0.00    0.00   -1.09    1.25    3.18   -8.89   -4.18   42.21
G-C     0.00    0.00    0.00    0.00    0.00    0.00    1.02    0.40    3.20   -0.15   -8.04   35.64
C-G     0.00    0.00    0.00    0.00    0.00    0.00   -0.49    0.17    3.44    0.24   -3.26   35.80
A-T     0.00    0.00    0.00    0.00    0.00    0.00    1.18    0.45    3.36    4.19    4.55   36.07
G-C     0.00    0.00    0.00    0.00    0.00    0.00   -1.44   -0.15    3.76   -4.84    9.80   36.81
T-A     0.00    0.00    0.00    0.00    0.00    0.00   -0.91   -0.46    3.19    0.05   12.77   30.73
T-A     0.00    0.00    0.00    0.00    0.00    0.00   -0.44   -0.33    3.14   -2.14    0.92   31.63
T-A     0.00    0.00    0.00    0.00    0.00    0.00    0.69    0.16    3.28    0.71    8.56   34.15
C-G     0.00    0.00    0.00    0.00    0.00    0.00    1.26    0.98    2.88    9.35    0.33   36.79
C-G     0.00    0.00    0.00    0.00    0.00    0.00   -1.10    0.95    3.54   -9.58    6.95   30.23
A-T     0.00    0.00    0.00    0.00    0.00    0.00    0.34    2.32    3.22    7.62  -19.58   47.68
A-T     0.00    0.00    0.00    0.00    0.00    0.00    0.06   -0.27    3.23   -2.85    3.71   32.72
A-T     0.00    0.00    0.00    0.00    0.00    0.00   -0.52   -0.53    3.57    0.49    3.41   38.13
T-A     0.00    0.00    0.00    0.00    0.00    0.00   -0.36   -0.56    3.07    0.31   -4.65   30.18
A-T     0.00    0.00    0.00    0.00    0.00    0.00    0.17   -0.22    3.28  -12.28    4.02   38.81
C-G     0.00    0.00    0.00    0.00    0.00    0.00    0.03   -1.00    3.02    3.59    3.07   22.86
A-T     0.00    0.00    0.00    0.00    0.00    0.00    0.28   -0.36    3.78    5.47   12.44   40.41
C-G     0.00    0.00    0.00    0.00    0.00    0.00    0.55   -0.32    3.45   -2.06    7.02   35.62
T-A     0.00    0.00    0.00    0.00    0.00    0.00   -0.40   -0.20    3.18    1.79    4.94   34.45
T-A     0.00    0.00    0.00    0.00    0.00    0.00    0.12   -0.12    3.44   -5.39   -3.02   33.49
T-A     0.00    0.00    0.00    0.00    0.00    0.00   -0.81   -0.18    3.04    2.35    0.86   33.66
T-A     0.00    0.00    0.00    0.00    0.00    0.00   -0.45    0.33    3.60   -2.47   -6.97   41.75
G-C     0.00    0.00    0.00    0.00    0.00    0.00    0.14    2.40    3.19    2.05   -3.08   40.53
G-C     0.00    0.00    0.00    0.00    0.00    0.00   -0.61    0.26    2.69  -13.12    2.25   25.63
T-A     0.00    0.00    0.00    0.00    0.00    0.00    0.54   -0.37    3.30    4.09    6.13   32.05
A-T     0.00    0.00    0.00    0.00    0.00    0.00   -0.58    0.13    3.55    3.80   15.28   35.10
G-C     0.00    0.00    0.00    0.00    0.00    0.00    0.29    0.10    3.28    0.33   11.11   29.14
A-T     0.00    0.00    0.00    0.00    0.00    0.00   -0.53   -0.79    3.16   -5.40   13.49   24.92
A-T     0.00    0.00    0.00    0.00    0.00    0.00    1.10   -0.52    3.02   -6.88    2.35   37.14
T-A     0.00    0.00    0.00    0.00    0.00    0.00   -0.45   -1.08    3.27   -0.13   -9.59   29.17
C-G     0.00    0.00    0.00    0.00    0.00    0.00    0.25   -0.50    3.56    3.28   -4.05   41.19
T-A     0.00    0.00    0.00    0.00    0.00    0.00   -0.85   -0.44    3.42   -5.37    5.00   32.54
G-C     0.00    0.00    0.00    0.00    0.00    0.00   -0.27    2.24    2.88    2.04  -16.43   45.08
C-G     0.00    0.00    0.00    0.00    0.00    0.00    0.20    0.63    3.10    3.73    5.67   30.71
A-T     0.00    0.00    0.00    0.00    0.00    0.00    0.26    2.55    3.49    1.74   -5.26   45.80
G-C     0.00    0.00    0.00    0.00    0.00    0.00    0.46    0.76    2.75   -5.51    9.33   27.79
G-C     0.00    0.00    0.00    0.00    0.00    0.00   -0.53   -0.34    3.63   -0.55   17.16   31.81
T-A     0.00    0.00    0.00    0.00    0.00    0.00   -0.64   -0.51    3.37   -1.99    5.19   33.82
G-C     0.00    0.00    0.00    0.00    0.00    0.00    0.22   -0.10    3.38    2.21   10.06   33.30
G-C     0.00    0.00    0.00    0.00    0.00    0.00    0.62    0.39    3.14   -0.43    6.20   28.05
A-T     0.00    0.00    0.00    0.00    0.00    0.00   -0.62   -0.34    3.24   -4.12    2.16   40.00
T-A     0.00    0.00    0.00    0.00    0.00    0.00   -0.04   -0.87    3.21   -0.33   -2.87   30.06
A-T     0.00    0.00    0.00    0.00    0.00    0.00   -0.21    0.01    3.71    1.78   -1.50   41.11
T-A     0.00    0.00    0.00    0.00    0.00    0.00   -0.66   -0.61    3.11   -5.95   -5.05   31.41
T-A     0.00    0.00    0.00    0.00    0.00    0.00    0.77    0.03    3.29    4.15    2.04   36.40
G-C     0.00    0.00    0.00    0.00    0.00    0.00   -0.11   -0.07    3.32    4.62    4.26   36.34
A-T     0.00    0.00    0.00    0.00    0.00    0.00   -0.23    0.10    3.34   -3.45    6.32   30.05
T-A     0.00    0.00    0.00    0.00    0.00    0.00    0.84   -0.82    3.17   -0.69   -0.85   37.15
