 146 base-pairs
   0  ***local base-pair & step parameters***
       Shear  Stretch  Stagger Buckle Prop-Tw Opening   Shift  Slide    Rise    Tilt    Roll   Twist
A-T     0.00    0.00    0.00    0.00    0.00    0.00    0.00    0.00    0.00    0.00    0.00    0.00
T-A     0.00    0.00    0.00    0.00    0.00    0.00   -1.15   -0.79    3.31   -4.33   -1.14   31.15
C-G     0.00    0.00    0.00    0.00    0.00    0.00    0.88   -0.07    2.94    4.99    2.10   37.21
A-T     0.00    0.00    0.00    0.00    0.00    0.00   -0.16    0.75    3.50   -2.91    5.01   35.05
A-T     0.00    0.00    0.00    0.00    0.00    0.00   -0.52    0.17    3.23   -4.61    0.41   38.27
T-A     0.00    0.00    0.00    0.00    0.00    0.00    0.41   -0.73    3.01    7.09   -3.12   33.58
A-T     0.00    0.00    0.00    0.00    0.00    0.00    0.08   -0.09    3.61   -3.65   -2.48   40.32
T-A     0.00    0.00    0.00    0.00    0.00    0.00   -0.12   -1.04    3.20    5.16   -1.80   33.72
C-G     0.00    0.00    0.00    0.00    0.00    0.00    0.96    0.13    3.40    0.37   -1.78   33.82
C-G     0.00    0.00    0.00    0.00    0.00    0.00   -0.23   -0.01    3.14   -0.17   10.54   27.08
A-T     0.00    0.00    0.00    0.00    0.00    0.00   -1.11    0.56    3.42   -1.58    6.64   32.07
C-G     0.00    0.00    0.00    0.00    0.00    0.00    0.37   -0.98    3.34   -1.82    4.95   34.17
C-G     0.00    0.00    0.00    0.00    0.00    0.00    0.62   -0.13    3.40    2.71   13.05   30.66
T-A     0.00    0.00    0.00    0.00    0.00    0.00   -1.07    0.27    3.53   -6.47    8.14   31.59
G-C     0.00    0.00    0.00    0.00    0.00    0.00    0.43    1.17    3.26    3.57   -7.91   40.49
C-G     0.00    0.00    0.00    0.00    0.00    0.00   -0.21    0.13    3.51   -5.96    5.42   38.04
A-T     0.00    0.00    0.00    0.00    0.00    0.00    0.10    1.67    3.01    3.30  -20.71   40.89
G-C     0.00    0.00    0.00    0.00    0.00    0.00    0.39    0.08    3.52    2.05    0.69   36.68
A-T     0.00    0.00    0.00    0.00    0.00    0.00    0.04   -0.86    3.25    1.87   -5.79   36.44
T-A     0.00    0.00    0.00    0.00    0.00    0.00    0.34    0.17    2.98    2.95   -4.29   36.25
T-A     0.00    0.00    0.00    0.00    0.00    0.00   -0.09   -1.38    3.41    2.31    3.26   29.88
C-G     0.00    0.00    0.00    0.00    0.00    0.00   -0.35   -0.32    2.73    4.58    9.66   27.29
T-A     0.00    0.00    0.00    0.00    0.00    0.00   -0.15   -0.42    3.79    1.61   12.74   28.19
A-T     0.00    0.00    0.00    0.00    0.00    0.00    1.83    0.79    3.68    0.90   21.26   34.07
C-G     0.00    0.00    0.00    0.00    0.00    0.00   -1.24   -0.16    2.94  -11.66    3.37   31.10
C-G     0.00    0.00    0.00    0.00    0.00    0.00    0.69   -0.24    2.69   14.53    8.89   29.14
A-T     0.00    0.00    0.00    0.00    0.00    0.00   -0.12    2.64    3.17   -5.64  -15.75   42.14
A-T     0.00    0.00    0.00    0.00    0.00    0.00    0.49    0.41    3.63    4.42    2.73   39.22
A-T     0.00    0.00    0.00    0.00    0.00    0.00    0.62   -0.26    3.29   -0.56   -7.22   39.88
A-T     0.00    0.00    0.00    0.00    0.00    0.00   -0.14   -0.45    3.28   -3.34    2.96   31.89
G-C     0.00    0.00    0.00    0.00    0.00    0.00    0.15   -0.52    3.56    1.02   -1.30   37.16
T-A     0.00    0.00    0.00    0.00    0.00    0.00   -0.30   -0.76    2.99    5.17   -0.72   27.41
G-C     0.00    0.00    0.00    0.00    0.00    0.00    1.17    0.09    3.82    1.89   13.10   34.15
T-A     0.00    0.00    0.00    0.00    0.00    0.00   -1.46   -0.57    2.87   -2.69   15.36   24.35
A-T     0.00    0.00    0.00    0.00    0.00    0.00    0.32   -0.62    3.78   -3.78    2.27   42.03
T-A     0.00    0.00    0.00    0.00    0.00    0.00    0.34   -1.05    3.41    0.61    2.13   31.39
T-A     0.00    0.00    0.00    0.00    0.00    0.00    0.14   -0.28    3.05    3.02   -8.70   39.59
T-A     0.00    0.00    0.00    0.00    0.00    0.00    0.04   -0.35    3.55   -5.74    5.40   31.29
G-C     0.00    0.00    0.00    0.00    0.00    0.00   -0.89    2.28    3.17    0.53  -21.33   47.30
G-C     0.00    0.00    0.00    0.00    0.00    0.00    0.93    1.02    3.46    6.25    4.69   30.03
A-T     0.00    0.00    0.00    0.00    0.00    0.00   -1.24    0.94    3.04  -10.74    1.74   36.52
A-T     0.00    0.00    0.00    0.00    0.00    0.00    0.39   -0.29    3.23   -1.77    4.61   33.62
A-T     0.00    0.00    0.00    0.00    0.00    0.00   -0.26   -0.11    3.61   -2.64   13.68   32.08
C-G     0.00    0.00    0.00    0.00    0.00    0.00    0.35   -0.39    2.93    5.15   -1.61   33.03
T-A     0.00    0.00    0.00    0.00    0.00    0.00    1.23   -0.15    3.28    1.07   12.79   33.03
G-C     0.00    0.00    0.00    0.00    0.00    0.00   -1.58    0.42    3.66   -6.45    9.34   37.29
C-G     0.00    0.00    0.00    0.00    0.00    0.00    0.61    1.04    3.59    1.15  -11.36   46.56
T-A     0.00    0.00    0.00    0.00    0.00    0.00   -1.22   -0.12    2.76   -0.44   -0.55   30.83
C-G     0.00    0.00    0.00    0.00    0.00    0.00    1.57    1.75    3.23    6.94  -11.77   43.29
C-G     0.00    0.00    0.00    0.00    0.00    0.00   -0.93    0.43    3.46   -3.74    6.49   36.00
A-T     0.00    0.00    0.00    0.00    0.00    0.00    0.48    1.01    3.36   -4.60   -3.40   41.00
T-A     0.00    0.00    0.00    0.00    0.00    0.00    0.60   -0.45    2.93    5.20   -0.38   29.54
C-G     0.00    0.00    0.00    0.00    0.00    0.00    0.35   -0.14    3.52    4.55   10.40   33.07
A-T     0.00    0.00    0.00    0.00    0.00    0.00   -0.29    0.33    4.12    3.98   19.71   34.29
A-T     0.00    0.00    0.00    0.00    0.00    0.00    0.41    0.61    3.06   -5.30    5.83   43.26
A-T     0.00    0.00    0.00    0.00    0.00    0.00   -0.89    0.44    3.03   -3.93   -4.77   35.44
A-T     0.00    0.00    0.00    0.00    0.00    0.00   -0.09   -0.93    3.50   -3.90    1.02   34.79
G-C     0.00    0.00    0.00    0.00    0.00    0.00   -0.37    1.00    3.66   -3.86   -7.55   40.83
G-C     0.00    0.00    0.00    0.00    0.00    0.00   -0.91    0.13    3.20   -5.78  -29.16   30.86
C-G     0.00    0.00    0.00    0.00    0.00    0.00    1.50   -0.01    4.53    0.78  -19.60   38.07
A-T     0.00    0.00    0.00    0.00    0.00    0.00   -0.24    0.85    3.25   13.71    6.48   42.75
T-A     0.00    0.00    0.00    0.00    0.00    0.00    0.37   -0.56    3.34   -2.40   16.11   22.27
G-C     0.00    0.00    0.00    0.00    0.00    0.00    0.08    1.28    4.07    0.05    9.33   40.63
T-A     0.00    0.00    0.00    0.00    0.00    0.00   -0.84   -0.71    3.38   -2.82    7.07   27.07
T-A     0.00    0.00    0.00    0.00    0.00    0.00    0.31    0.12    3.01    4.39    2.86   32.50
C-G     0.00    0.00    0.00    0.00    0.00    0.00    0.95    0.66    3.23    5.05    8.69   36.30
A-T     0.00    0.00    0.00    0.00    0.00    0.00   -0.80    1.56    3.65   -3.47   -6.17   44.77
G-C     0.00    0.00    0.00    0.00    0.00    0.00    0.68    1.02    3.54    5.25   -2.27   32.60
C-G     0.00    0.00    0.00    0.00    0.00    0.00   -0.37    0.68    3.27   -5.29   -3.38   40.70
T-A     0.00    0.00    0.00    0.00    0.00    0.00    0.01    0.88    3.29    2.94   -1.50   36.30
G-C     0.00    0.00    0.00    0.00    0.00    0.00    0.87    1.11    3.19    0.11    2.99   35.05
A-T     0.00    0.00    0.00    0.00    0.00    0.00   -0.67    0.06    3.34   -5.61    8.31   33.87
A-T     0.00    0.00    0.00    0.00    0.00    0.00   -0.17   -0.32    3.19    1.01    4.33   33.64
T-A     0.00    0.00    0.00    0.00    0.00    0.00    0.11   -0.73    3.41   -0.97    7.50   29.62
T-A     0.00    0.00    0.00    0.00    0.00    0.00   -0.01   -0.35    3.19    4.70    9.10   33.46
C-G     0.00    0.00    0.00    0.00    0.00    0.00    0.01    0.20    3.25    1.03    6.07   29.96
A-T     0.00    0.00    0.00    0.00    0.00    0.00   -0.75    1.81    3.43   -1.66   -1.30   42.68
G-C     0.00    0.00    0.00    0.00    0.00    0.00    1.05    0.73    3.32   -0.18   -2.98   35.80
C-G     0.00    0.00    0.00    0.00    0.00    0.00   -1.09    1.03    3.38   -3.67   -6.83   38.03
T-A     0.00    0.00    0.00    0.00    0.00    0.00    1.14    1.46    3.76    2.93   -6.08   43.86
G-C     0.00    0.00    0.00    0.00    0.00    0.00   -0.68    0.88    2.95   -1.82    6.86   33.42
A-T     0.00    0.00    0.00    0.00    0.00    0.00   -0.40    0.17    3.34   -2.29    5.28   33.06
A-T     0.00    0.00    0.00    0.00    0.00    0.00    0.25    0.14    3.33    1.47    8.36   34.15
C-G     0.00    0.00    0.00    0.00    0.00    0.00    0.30   -0.52    3.29    1.17    5.78   30.28
A-T     0.00    0.00    0.00    0.00    0.00    0.00   -0.41    0.54    3.65    0.11   12.13   34.94
T-A     0.00    0.00    0.00    0.00    0.00    0.00    0.14   -0.49    3.11    0.36   -1.17   28.27
G-C     0.00    0.00    0.00    0.00    0.00    0.00    0.97    0.42    3.42    0.63    9.19   35.98
C-G     0.00    0.00    0.00    0.00    0.00    0.00   -1.46    0.45    3.31   -2.09  -13.92   37.35
C-G     0.00    0.00    0.00    0.00    0.00    0.00    0.50    1.53    4.04    0.69   -8.84   46.29
T-A     0.00    0.00    0.00    0.00    0.00    0.00   -0.23    1.45    3.37    2.64   -8.89   41.47
T-A     0.00    0.00    0.00    0.00    0.00    0.00    0.40    0.12    2.91   -3.33    5.52   30.88
T-A     0.00    0.00    0.00    0.00    0.00    0.00    0.21   -0.03    3.29    0.45    8.36   31.63
T-A     0.00    0.00    0.00    0.00    0.00    0.00   -0.12    0.32    3.51    2.48   13.52   33.29
G-C     0.00    0.00    0.00    0.00    0.00    0.00    0.09   -1.13    3.82    5.48   20.95   23.17
A-T     0.00    0.00    0.00    0.00    0.00    0.00    0.02   -0.04    2.92  -10.05    7.52   32.29
T-A     0.00    0.00    0.00    0.00    0.00    0.00   -0.22   -0.76    3.27   -1.68    3.55   25.83
G-C     0.00    0.00    0.00    0.00    0.00    0.00   -0.23    0.82    3.14    1.57   -0.41   38.42
G-C     0.00    0.00    0.00    0.00    0.00    0.00    0.90    0.37    3.45    6.11    1.36   33.97
A-T     0.00    0.00    0.00    0.00    0.00    0.00   -1.14    1.28    3.24   -8.32   -5.31   43.30
G-C     0.00    0.00    0.00    0.00    0.00    0.00    1.25    0.30    3.10    0.98   -6.16   34.80
C-G     0.00    0.00    0.00    0.00    0.00    0.00   -0.62    0.20    3.45   -1.27   -3.69   35.40
A-T     0.00    0.00    0.00    0.00    0.00    0.00    1.06    0.52    3.45    4.37    3.09   37.18
G-C     0.00    0.00    0.00    0.00    0.00    0.00   -1.22   -0.24    3.69   -3.50   11.40   36.33
T-A     0.00    0.00    0.00    0.00    0.00    0.00   -0.98   -0.46    3.17   -1.25   12.87   30.04
T-A     0.00    0.00    0.00    0.00    0.00    0.00   -0.60   -0.24    3.24   -2.35   -0.68   32.61
T-A     0.00    0.00    0.00    0.00    0.00    0.00    0.89    0.09    3.23    2.15    9.75   34.04
C-G     0.00    0.00    0.00    0.00    0.00    0.00    1.26    0.94    2.82    8.34    0.86   35.95
C-G     0.00    0.00    0.00    0.00    0.00    0.00   -1.30    1.05    3.64  -10.11    5.39   30.96
A-T     0.00    0.00    0.00    0.00    0.00    0.00    0.49    2.28    3.21    9.04  -18.83   47.91
A-T     0.00    0.00    0.00    0.00    0.00    0.00    0.13   -0.34    3.15   -3.54    4.55   31.87
A-T     0.00    0.00    0.00    0.00    0.00    0.00   -0.72   -0.44    3.65   -0.27    2.06   38.55
T-A     0.00    0.00    0.00    0.00    0.00    0.00   -0.26   -0.56    3.09    1.61   -4.33   30.65
A-T     0.00    0.00    0.00    0.00    0.00    0.00    0.28   -0.32    3.19  -12.66    4.99   38.10
C-G     0.00    0.00    0.00    0.00    0.00    0.00   -0.15   -0.93    3.07    2.68    2.03   22.96
A-T     0.00    0.00    0.00    0.00    0.00    0.00    0.32   -0.32    3.84    6.60   12.41   40.98
C-G     0.00    0.00    0.00    0.00    0.00    0.00    0.69   -0.42    3.37   -2.16    7.96   35.14
T-A     0.00    0.00    0.00    0.00    0.00    0.00   -0.54   -0.16    3.19    0.83    4.22   34.27
T-A     0.00    0.00    0.00    0.00    0.00    0.00    0.10   -0.04    3.52   -4.47   -3.25   34.03
T-A     0.00    0.00    0.00    0.00    0.00    0.00   -0.67   -0.27    2.97    2.45    1.64   33.47
T-A     0.00    0.00    0.00    0.00    0.00    0.00   -0.54    0.32    3.57   -3.39   -7.39   41.41
G-C     0.00    0.00    0.00    0.00    0.00    0.00    0.08    2.50    3.27    2.76   -3.38   40.91
G-C     0.00    0.00    0.00    0.00    0.00    0.00   -0.48    0.20    2.65  -12.90    2.80   25.70
T-A     0.00    0.00    0.00    0.00    0.00    0.00    0.51   -0.42    3.24    3.24    5.91   31.67
A-T     0.00    0.00    0.00    0.00    0.00    0.00   -0.66    0.23    3.63    4.36   15.07   35.24
G-C     0.00    0.00    0.00    0.00    0.00    0.00    0.38    0.07    3.27    0.61   11.44   29.41
A-T     0.00    0.00    0.00    0.00    0.00    0.00   -0.52   -0.87    3.09   -6.16   13.34   24.65
A-T     0.00    0.00    0.00    0.00    0.00    0.00    1.03   -0.44    3.07   -6.43    2.31   37.02
T-A     0.00    0.00    0.00    0.00    0.00    0.00   -0.40   -1.07    3.30    0.15   -9.43   29.52
C-G     0.00    0.00    0.00    0.00    0.00    0.00    0.28   -0.59    3.49    2.59   -4.26   41.13
T-A     0.00    0.00    0.00    0.00    0.00    0.00   -0.90   -0.39    3.44   -4.96    5.16   32.18
G-C     0.00    0.00    0.00    0.00    0.00    0.00   -0.26    2.29    2.93    2.31  -16.32   45.38
C-G     0.00    0.00    0.00    0.00    0.00    0.00    0.23    0.54    3.04    3.06    5.27   30.91
A-T     0.00    0.00    0.00    0.00    0.00    0.00    0.24    2.57    3.48    2.15   -4.93   45.31
G-C     0.00    0.00    0.00    0.00    0.00    0.00    0.45    0.83    2.81   -5.25    9.52   27.92
G-C     0.00    0.00    0.00    0.00    0.00    0.00   -0.51   -0.42    3.59   -1.24   16.52   32.28
T-A     0.00    0.00    0.00    0.00    0.00    0.00   -0.62   -0.53    3.33   -1.56    5.59   33.32
G-C     0.00    0.00    0.00    0.00    0.00    0.00    0.19   -0.02    3.44    2.52   10.47   33.15
G-C     0.00    0.00    0.00    0.00    0.00    0.00    0.60    0.34    3.14   -1.20    5.32   28.73
A-T     0.00    0.00    0.00    0.00    0.00    0.00   -0.57   -0.39    3.19   -3.68    2.49   39.63
T-A     0.00    0.00    0.00    0.00    0.00    0.00   -0.06   -0.79    3.26    0.08   -2.14   29.59
A-T     0.00    0.00    0.00    0.00    0.00    0.00   -0.26    0.00    3.74    0.89   -2.54   41.89
T-A     0.00    0.00    0.00    0.00    0.00    0.00   -0.60   -0.69    3.05   -5.54   -4.93   31.29
T-A     0.00    0.00    0.00    0.00    0.00    0.00    0.78    0.09    3.31    4.71    3.12   35.64
G-C     0.00    0.00    0.00    0.00    0.00    0.00   -0.20   -0.04    3.37    3.63    3.17   37.08
A-T     0.00    0.00    0.00    0.00    0.00    0.00   -0.17    0.02    3.29   -3.13    6.08   30.27
T-A     0.00    0.00    0.00    0.00    0.00    0.00    0.90   -0.79    3.15    0.09    0.55   36.17
