 146 base-pairs
   0  ***local base-pair & step parameters***
       Shear  Stretch  Stagger Buckle Prop-Tw Opening   Shift  Slide    Rise    Tilt    Roll   Twist
A-T     0.00    0.00    0.00    0.00    0.00    0.00    0.00    0.00    0.00    0.00    0.00    0.00
T-A     0.00    0.00    0.00    0.00    0.00    0.00   -1.17   -0.72    3.37   -3.70   -1.30   31.84
C-G     0.00    0.00    0.00    0.00    0.00    0.00    0.91   -0.19    2.91    6.08    3.77   36.14
A-T     0.00    0.00    0.00    0.00    0.00    0.00   -0.19    0.74    3.47   -4.15    4.01   35.02
A-T     0.00    0.00    0.00    0.00    0.00    0.00   -0.50    0.30    3.27   -4.64   -0.40   39.22
T-A     0.00    0.00    0.00    0.00    0.00    0.00    0.43   -0.77    3.02    8.00   -1.71   33.12
A-T     0.00    0.00    0.00    0.00    0.00    0.00    0.01   -0.20    3.57   -4.25   -2.77   39.79
T-A     0.00    0.00    0.00    0.00    0.00    0.00   -0.07   -0.95    3.20    5.06   -2.71   34.29
C-G     0.00    0.00    0.00    0.00    0.00    0.00    1.03    0.19    3.43    0.75   -0.95   33.98
C-G     0.00    0.00    0.00    0.00    0.00    0.00   -0.35   -0.12    3.13   -0.56   10.56   26.66
A-T     0.00    0.00    0.00    0.00    0.00    0.00   -1.09    0.54    3.39   -1.25    6.13   32.01
C-G     0.00    0.00    0.00    0.00    0.00    0.00    0.50   -0.86    3.36   -1.73    5.39   34.44
C-G     0.00    0.00    0.00    0.00    0.00    0.00    0.49   -0.16    3.44    1.93   12.84   30.82
T-A     0.00    0.00    0.00    0.00    0.00    0.00   -1.12    0.17    3.51   -5.71    8.02   31.23
G-C     0.00    0.00    0.00    0.00    0.00    0.00    0.60    1.23    3.23    3.97   -7.31   40.29
C-G     0.00    0.00    0.00    0.00    0.00    0.00   -0.28    0.20    3.55   -7.35    4.76   38.68
A-T     0.00    0.00    0.00    0.00    0.00    0.00   -0.03    1.58    3.03    3.96  -20.89   40.85
G-C     0.00    0.00    0.00    0.00    0.00    0.00    0.54    0.04    3.46    3.21    1.82   35.84
A-T     0.00    0.00    0.00    0.00    0.00    0.00    0.05   -0.76    3.26    0.22   -6.59   37.00
T-A     0.00    0.00    0.00    0.00    0.00    0.00    0.20    0.18    3.04    2.90   -5.05   36.90
T-A     0.00    0.00    0.00    0.00    0.00    0.00    0.00   -1.49    3.36    4.11    4.83   28.83
C-G     0.00    0.00    0.00    0.00    0.00    0.00   -0.29   -0.28    2.70    3.34    9.31   27.21
T-A     0.00    0.00    0.00    0.00    0.00    0.00   -0.26   -0.32    3.86    0.68   11.27   29.36
A-T     0.00    0.00    0.00    0.00    0.00    0.00    1.86    0.70    3.69    2.73   22.71   33.44
C-G     0.00    0.00    0.00    0.00    0.00    0.00   -1.19   -0.23    2.88  -12.05    3.83   30.30
C-G     0.00    0.00    0.00    0.00    0.00    0.00    0.63   -0.12    2.72   13.14    7.11   30.22
A-T     0.00    0.00    0.00    0.00    0.00    0.00   -0.10    2.66    3.21   -4.37  -14.94   42.28
A-T     0.00    0.00    0.00    0.00    0.00    0.00    0.50    0.29    3.58    4.73    3.84   38.16
A-T     0.00    0.00    0.00    0.00    0.00    0.00    0.59   -0.21    3.27   -1.76   -8.70   40.34
A-T     0.00    0.00    0.00    0.00    0.00    0.00   -0.09   -0.34    3.32   -2.78    3.01   32.55
G-C     0.00    0.00    0.00    0.00    0.00    0.00    0.13   -0.61    3.55    1.44   -0.10   36.48
T-A     0.00    0.00    0.00    0.00    0.00    0.00   -0.37   -0.83    2.95    4.54   -1.56   27.22
G-C     0.00    0.00    0.00    0.00    0.00    0.00    1.27    0.21    3.83    2.18   12.79   34.71
T-A     0.00    0.00    0.00    0.00    0.00    0.00   -1.46   -0.56    2.90   -2.68   16.15   24.32
A-T     0.00    0.00    0.00    0.00    0.00    0.00    0.19   -0.74    3.76   -4.07    1.87   41.70
T-A     0.00    0.00    0.00    0.00    0.00    0.00    0.44   -1.02    3.38    1.23    2.03   31.38
T-A     0.00    0.00    0.00    0.00    0.00    0.00    0.21   -0.18    3.07    2.60   -8.35   39.90
T-A     0.00    0.00    0.00    0.00    0.00    0.00   -0.13   -0.42    3.58   -6.27    4.92   31.39
G-C     0.00    0.00    0.00    0.00    0.00    0.00   -0.84    2.21    3.13    1.72  -20.99   46.79
G-C     0.00    0.00    0.00    0.00    0.00    0.00    1.08    1.11    3.44    5.90    5.04   30.06
A-T     0.00    0.00    0.00    0.00    0.00    0.00   -1.38    0.98    3.10  -11.97    0.77   37.25
A-T     0.00    0.00    0.00    0.00    0.00    0.00    0.35   -0.39    3.22   -0.36    5.09   33.17
A-T     0.00    0.00    0.00    0.00    0.00    0.00   -0.11   -0.11    3.55   -2.31   14.56   31.42
C-G     0.00    0.00    0.00    0.00    0.00    0.00    0.28   -0.29    2.97    3.32   -2.98   33.97
T-A     0.00    0.00    0.00    0.00    0.00    0.00    1.14   -0.19    3.31    2.05   12.85   33.20
G-C     0.00    0.00    0.00    0.00    0.00    0.00   -1.46    0.32    3.59   -5.26   10.87   36.13
C-G     0.00    0.00    0.00    0.00    0.00    0.00    0.60    1.12    3.59   -0.67  -12.59   47.08
T-A     0.00    0.00    0.00    0.00    0.00    0.00   -1.30   -0.06    2.83   -0.33   -1.29   31.72
C-G     0.00    0.00    0.00    0.00    0.00    0.00    1.63    1.64    3.20    8.57   -9.96   42.23
C-G     0.00    0.00    0.00    0.00    0.00    0.00   -0.93    0.41    3.42   -4.94    5.94   35.75
A-T     0.00    0.00    0.00    0.00    0.00    0.00    0.45    1.13    3.41   -5.22   -4.77   42.14
T-A     0.00    0.00    0.00    0.00    0.00    0.00    0.63   -0.49    2.95    6.61    1.09   29.13
C-G     0.00    0.00    0.00    0.00    0.00    0.00    0.32   -0.25    3.46    4.11   10.64   32.29
A-T     0.00    0.00    0.00    0.00    0.00    0.00   -0.30    0.42    4.13    3.23   18.27   35.04
A-T     0.00    0.00    0.00    0.00    0.00    0.00    0.47    0.68    3.10   -4.50    6.61   43.52
A-T     0.00    0.00    0.00    0.00    0.00    0.00   -0.96    0.32    3.01   -4.04   -4.15   34.74
A-T     0.00    0.00    0.00    0.00    0.00    0.00   -0.11   -0.94    3.47   -4.24    0.03   34.88
G-C     0.00    0.00    0.00    0.00    0.00    0.00   -0.25    1.12    3.68   -3.47   -7.29   41.26
G-C     0.00    0.00    0.00    0.00    0.00    0.00   -0.98    0.10    3.22   -6.15  -28.73   30.74
C-G     0.00    0.00    0.00    0.00    0.00    0.00    1.41   -0.11    4.51    0.88  -20.10   37.79
A-T     0.00    0.00    0.00    0.00    0.00    0.00   -0.08    0.92    3.23   14.29    6.77   42.76
T-A     0.00    0.00    0.00    0.00    0.00    0.00    0.35   -0.49    3.38   -3.31   16.10   22.66
G-C     0.00    0.00    0.00    0.00    0.00    0.00   -0.08    1.19    4.09    0.11    8.89   40.59
T-A     0.00    0.00    0.00    0.00    0.00    0.00   -0.72   -0.74    3.33   -1.61    7.81   26.48
T-A     0.00    0.00    0.00    0.00    0.00    0.00    0.37    0.22    3.01    3.27    2.67   32.85
C-G     0.00    0.00    0.00    0.00    0.00    0.00    0.78    0.65    3.28    4.47    7.79   36.91
A-T     0.00    0.00    0.00    0.00    0.00    0.00   -0.75    1.46    3.61   -1.71   -5.07   43.96
G-C     0.00    0.00    0.00    0.00    0.00    0.00    0.80    1.07    3.50    4.58   -2.06   32.36
C-G     0.00    0.00    0.00    0.00    0.00    0.00   -0.49    0.77    3.33   -6.69   -4.89   41.81
T-A     0.00    0.00    0.00    0.00    0.00    0.00    0.00    0.80    3.30    4.66   -0.55   35.90
G-C     0.00    0.00    0.00    0.00    0.00    0.00    0.97    1.05    3.12    0.31    3.95   34.10
A-T     0.00    0.00    0.00    0.00    0.00    0.00   -0.73    0.17    3.37   -7.42    6.57   34.87
A-T     0.00    0.00    0.00    0.00    0.00    0.00   -0.20   -0.30    3.24    2.07    4.59   34.01
T-A     0.00    0.00    0.00    0.00    0.00    0.00    0.17   -0.85    3.36   -0.03    9.07   28.42
T-A     0.00    0.00    0.00    0.00    0.00    0.00   -0.04   -0.31    3.17    3.14    7.74   33.81
C-G     0.00    0.00    0.00    0.00    0.00    0.00    0.01    0.31    3.31    1.27    5.53   30.86
A-T     0.00    0.00    0.00    0.00    0.00    0.00   -0.72    1.72    3.42   -0.58    0.31   41.88
G-C     0.00    0.00    0.00    0.00    0.00    0.00    1.00    0.67    3.27   -1.07   -3.60   35.45
C-G     0.00    0.00    0.00    0.00    0.00    0.00   -1.05    1.15    3.40   -3.82   -7.76   38.85
T-A     0.00    0.00    0.00    0.00    0.00    0.00    1.18    1.47    3.79    3.59   -4.95   43.76
G-C     0.00    0.00    0.00    0.00    0.00    0.00   -0.79    0.75    2.92   -2.23    6.81   32.87
A-T     0.00    0.00    0.00    0.00    0.00    0.00   -0.36    0.21    3.32   -2.21    4.53   33.31
A-T     0.00    0.00    0.00    0.00    0.00    0.00    0.35    0.23    3.36    1.65    8.94   34.45
C-G     0.00    0.00    0.00    0.00    0.00    0.00    0.16   -0.60    3.31    0.64    5.74   30.12
A-T     0.00    0.00    0.00    0.00    0.00    0.00   -0.42    0.47    3.62    0.70   11.84   34.65
T-A     0.00    0.00    0.00    0.00    0.00    0.00    0.29   -0.39    3.10    0.52   -0.72   28.36
G-C     0.00    0.00    0.00    0.00    0.00    0.00    0.87    0.44    3.47   -0.47    8.75   36.43
C-G     0.00    0.00    0.00    0.00    0.00    0.00   -1.55    0.34    3.31   -1.29  -14.00   37.07
C-G     0.00    0.00    0.00    0.00    0.00    0.00    0.67    1.54    3.99    1.45   -7.99   45.75
T-A     0.00    0.00    0.00    0.00    0.00    0.00   -0.25    1.55    3.40    1.04   -9.68   42.15
T-A     0.00    0.00    0.00    0.00    0.00    0.00    0.26    0.07    2.95   -2.96    5.10   31.17
T-A     0.00    0.00    0.00    0.00    0.00    0.00    0.33   -0.12    3.23    1.99    9.77   30.61
T-A     0.00    0.00    0.00    0.00    0.00    0.00   -0.08    0.40    3.50    0.96   12.88   33.59
G-C     0.00    0.00    0.00    0.00    0.00    0.00   -0.04   -1.07    3.89    4.97   19.82   24.14
A-T     0.00    0.00    0.00    0.00    0.00    0.00    0.07   -0.15    2.89   -8.15    9.12   31.37
T-A     0.00    0.00    0.00    0.00    0.00    0.00   -0.16   -0.77    3.22   -2.51    3.59   25.36
G-C     0.00    0.00    0.00    0.00    0.00    0.00   -0.30    0.94    3.19    0.33   -2.11   39.64
G-C     0.00    0.00    0.00    0.00    0.00    0.00    0.91    0.34    3.48    7.72    2.54   33.72
A-T     0.00    0.00    0.00    0.00    0.00    0.00   -1.11    1.17    3.18   -8.31   -4.47   42.28
G-C     0.00    0.00    0.00    0.00    0.00    0.00    1.21    0.39    3.11   -0.39   -7.86   35.61
C-G     0.00    0.00    0.00    0.00    0.00    0.00   -0.59    0.27    3.50   -0.38   -3.29   35.86
A-T     0.00    0.00    0.00    0.00    0.00    0.00    1.05    0.40    3.42    4.82    4.32   36.24
G-C     0.00    0.00    0.00    0.00    0.00    0.00   -1.26   -0.26    3.66   -4.43   10.23   36.42
T-A     0.00    0.00    0.00    0.00    0.00    0.00   -0.90   -0.33    3.20   -0.90   12.67   30.73
T-A     0.00    0.00    0.00    0.00    0.00    0.00   -0.62   -0.28    3.25   -2.10    0.36   32.26
T-A     0.00    0.00    0.00    0.00    0.00    0.00    0.79   -0.01    3.20    1.75    9.19   33.69
C-G     0.00    0.00    0.00    0.00    0.00    0.00    1.37    1.02    2.81    8.73    0.60   36.25
C-G     0.00    0.00    0.00    0.00    0.00    0.00   -1.26    1.11    3.67  -10.36    5.93   31.17
A-T     0.00    0.00    0.00    0.00    0.00    0.00    0.34    2.18    3.21    8.71  -19.20   47.74
A-T     0.00    0.00    0.00    0.00    0.00    0.00    0.20   -0.36    3.11   -2.64    4.67   31.56
A-T     0.00    0.00    0.00    0.00    0.00    0.00   -0.61   -0.33    3.65   -0.74    2.34   38.79
T-A     0.00    0.00    0.00    0.00    0.00    0.00   -0.43   -0.57    3.14    0.75   -5.04   31.08
A-T     0.00    0.00    0.00    0.00    0.00    0.00    0.28   -0.42    3.16  -11.29    5.46   37.54
C-G     0.00    0.00    0.00    0.00    0.00    0.00    0.01   -0.88    3.03    2.61    2.59   22.66
A-T     0.00    0.00    0.00    0.00    0.00    0.00    0.21   -0.24    3.89    5.02   11.19   41.90
C-G     0.00    0.00    0.00    0.00    0.00    0.00    0.62   -0.50    3.38   -0.89    8.30   34.95
T-A     0.00    0.00    0.00    0.00    0.00    0.00   -0.39   -0.22    3.12    1.61    5.44   33.31
T-A     0.00    0.00    0.00    0.00    0.00    0.00    0.06    0.06    3.54   -6.38   -4.63   34.83
T-A     0.00    0.00    0.00    0.00    0.00    0.00   -0.76   -0.26    3.03    3.01    1.32   34.03
T-A     0.00    0.00    0.00    0.00    0.00    0.00   -0.45    0.21    3.52   -1.90   -5.64   40.22
G-C     0.00    0.00    0.00    0.00    0.00    0.00    0.09    2.54    3.24    1.20   -4.31   41.05
G-C     0.00    0.00    0.00    0.00    0.00    0.00   -0.54    0.30    2.72  -13.21    1.69   26.80
T-A     0.00    0.00    0.00    0.00    0.00    0.00    0.55   -0.50    3.24    4.84    7.62   30.89
A-T     0.00    0.00    0.00    0.00    0.00    0.00   -0.67    0.16    3.57    3.56   14.93   34.66
G-C     0.00    0.00    0.00    0.00    0.00    0.00    0.37    0.19    3.30   -0.16    9.95   30.43
A-T     0.00    0.00    0.00    0.00    0.00    0.00   -0.48   -0.85    3.12   -5.04   14.47   24.61
A-T     0.00    0.00    0.00    0.00    0.00    0.00    0.98   -0.57    3.03   -6.62    2.81   36.20
T-A     0.00    0.00    0.00    0.00    0.00    0.00   -0.41   -1.03    3.29   -0.44  -10.69   29.94
C-G     0.00    0.00    0.00    0.00    0.00    0.00    0.37   -0.49    3.52    3.13   -3.80   41.55
T-A     0.00    0.00    0.00    0.00    0.00    0.00   -0.98   -0.47    3.44   -5.14    5.75   31.74
G-C     0.00    0.00    0.00    0.00    0.00    0.00   -0.32    2.23    2.90    2.23  -17.05   45.21
C-G     0.00    0.00    0.00    0.00    0.00    0.00    0.37    0.64    3.05    3.47    5.48   31.20
A-T     0.00    0.00    0.00    0.00    0.00    0.00    0.20    2.59    3.52    1.50   -4.72   45.48
G-C     0.00    0.00    0.00    0.00    0.00    0.00    0.32    0.72    2.80   -5.08    9.12   27.68
G-C     0.00    0.00    0.00    0.00    0.00    0.00   -0.36   -0.39    3.55   -0.38   17.00   31.98
T-A     0.00    0.00    0.00    0.00    0.00    0.00   -0.60   -0.43    3.36   -2.64    5.43   33.77
G-C     0.00    0.00    0.00    0.00    0.00    0.00    0.02   -0.07    3.48    2.32    9.84   33.42
G-C     0.00    0.00    0.00    0.00    0.00    0.00    0.69    0.27    3.09    0.33    6.28   27.95
A-T     0.00    0.00    0.00    0.00    0.00    0.00   -0.47   -0.30    3.17   -4.66    2.44   39.73
T-A     0.00    0.00    0.00    0.00    0.00    0.00   -0.21   -0.75    3.32   -0.93   -3.37   30.51
A-T     0.00    0.00    0.00    0.00    0.00    0.00   -0.25   -0.10    3.72    2.71   -1.44   41.21
T-A     0.00    0.00    0.00    0.00    0.00    0.00   -0.48   -0.70    2.99   -5.80   -4.36   30.67
T-A     0.00    0.00    0.00    0.00    0.00    0.00    0.69    0.20    3.36    3.03    1.42   36.78
G-C     0.00    0.00    0.00    0.00    0.00    0.00   -0.23   -0.08    3.41    5.07    3.83   37.05
A-T     0.00    0.00    0.00    0.00    0.00    0.00   -0.08   -0.08    3.22   -2.50    7.41   29.11
T-A     0.00    0.00    0.00    0.00    0.00    0.00    0.86   -0.70    3.15   -1.67   -1.08   36.89
