 146 base-pairs
   0  ***local base-pair & step parameters***
       Shear  Stretch  Stagger Buckle Prop-Tw Opening   Shift  Slide    Rise    Tilt    Roll   Twist
A-T     0.00    0.00    0.00    0.00    0.00    0.00    0.00    0.00    0.00    0.00    0.00    0.00
T-A     0.00    0.00    0.00    0.00    0.00    0.00   -1.17   -0.73    3.30   -3.79   -1.36   30.97
C-G     0.00    0.00    0.00    0.00    0.00    0.00    0.92   -0.18    2.97    5.54    2.70   36.80
A-T     0.00    0.00    0.00    0.00    0.00    0.00   -0.19    0.75    3.50   -3.86    4.53   35.61
A-T     0.00    0.00    0.00    0.00    0.00    0.00   -0.51    0.28    3.20   -4.24    0.41   38.29
T-A     0.00    0.00    0.00    0.00    0.00    0.00    0.44   -0.79    3.02    7.58   -2.58   32.92
A-T     0.00    0.00    0.00    0.00    0.00    0.00    0.02   -0.18    3.64   -4.48   -3.18   40.81
T-A     0.00    0.00    0.00    0.00    0.00    0.00   -0.09   -0.95    3.17    5.55   -1.67   34.05
C-G     0.00    0.00    0.00    0.00    0.00    0.00    1.01    0.16    3.37    0.79   -1.00   33.05
C-G     0.00    0.00    0.00    0.00    0.00    0.00   -0.33   -0.12    3.19   -1.05    9.58   27.31
A-T     0.00    0.00    0.00    0.00    0.00    0.00   -1.08    0.58    3.43   -1.11    6.61   32.67
C-G     0.00    0.00    0.00    0.00    0.00    0.00    0.47   -0.89    3.29   -1.31    6.14   33.50
C-G     0.00    0.00    0.00    0.00    0.00    0.00    0.50   -0.20    3.43    1.65   12.05   30.57
T-A     0.00    0.00    0.00    0.00    0.00    0.00   -1.09    0.22    3.57   -6.01    7.63   32.28
G-C     0.00    0.00    0.00    0.00    0.00    0.00    0.57    1.26    3.20    4.35   -6.38   40.09
C-G     0.00    0.00    0.00    0.00    0.00    0.00   -0.30    0.14    3.50   -7.19    4.72   37.71
A-T     0.00    0.00    0.00    0.00    0.00    0.00    0.01    1.58    3.08    3.54  -21.78   41.47
G-C     0.00    0.00    0.00    0.00    0.00    0.00    0.55    0.11    3.49    3.19    2.24   36.54
A-T     0.00    0.00    0.00    0.00    0.00    0.00    0.00   -0.78    3.20    0.64   -5.92   36.07
T-A     0.00    0.00    0.00    0.00    0.00    0.00    0.20    0.11    3.04    2.77   -5.74   36.61
T-A     0.00    0.00    0.00    0.00    0.00    0.00    0.05   -1.43    3.42    3.73    4.49   29.89
C-G     0.00    0.00    0.00    0.00    0.00    0.00   -0.32   -0.23    2.67    3.60   10.12   27.05
T-A     0.00    0.00    0.00    0.00    0.00    0.00   -0.30   -0.41    3.82    0.98   11.25   28.37
A-T     0.00    0.00    0.00    0.00    0.00    0.00    1.91    0.69    3.72    2.37   21.95   34.03
C-G     0.00    0.00    0.00    0.00    0.00    0.00   -1.17   -0.12    2.90  -12.22    4.17   31.03
C-G     0.00    0.00    0.00    0.00    0.00    0.00    0.57   -0.16    2.68   13.57    7.69   29.31
A-T     0.00    0.00    0.00    0.00    0.00    0.00   -0.09    2.57    3.21   -4.35  -15.51   41.94
A-T     0.00    0.00    0.00    0.00    0.00    0.00    0.57    0.37    3.62    4.27    3.53   39.21
A-T     0.00    0.00    0.00    0.00    0.00    0.00    0.55   -0.15    3.25   -1.62   -8.04   40.22
A-T     0.00    0.00    0.00    0.00    0.00    0.00   -0.14   -0.46    3.30   -2.36    3.02   31.56
G-C     0.00    0.00    0.00    0.00    0.00    0.00    0.19   -0.62    3.58    1.14   -0.73   37.02
T-A     0.00    0.00    0.00    0.00    0.00    0.00   -0.34   -0.70    2.96    4.22   -1.31   27.97
G-C     0.00    0.00    0.00    0.00    0.00    0.00    1.19    0.16    3.80    2.61   13.28   33.85
T-A     0.00    0.00    0.00    0.00    0.00    0.00   -1.44   -0.67    2.90   -2.51   15.72   23.95
A-T     0.00    0.00    0.00    0.00    0.00    0.00    0.28   -0.64    3.79   -4.59    1.60   42.71
T-A     0.00    0.00    0.00    0.00    0.00    0.00    0.39   -0.94    3.37    1.25    2.54   31.31
T-A     0.00    0.00    0.00    0.00    0.00    0.00    0.15   -0.32    3.05    3.13   -8.31   38.93
T-A     0.00    0.00    0.00    0.00    0.00    0.00   -0.05   -0.43    3.59   -6.50    4.44   31.87
G-C     0.00    0.00    0.00    0.00    0.00    0.00   -0.81    2.37    3.14    1.25  -20.84   47.54
G-C     0.00    0.00    0.00    0.00    0.00    0.00    0.98    1.06    3.43    6.34    5.42   29.26
A-T     0.00    0.00    0.00    0.00    0.00    0.00   -1.36    0.84    3.10  -11.65    0.48   36.84
A-T     0.00    0.00    0.00    0.00    0.00    0.00    0.45   -0.28    3.23   -0.94    4.86   34.13
A-T     0.00    0.00    0.00    0.00    0.00    0.00   -0.16   -0.02    3.55   -2.40   14.90   31.41
C-G     0.00    0.00    0.00    0.00    0.00    0.00    0.21   -0.45    2.96    3.97   -2.90   33.04
T-A     0.00    0.00    0.00    0.00    0.00    0.00    1.24   -0.21    3.32    1.88   12.52   33.61
G-C     0.00    0.00    0.00    0.00    0.00    0.00   -1.43    0.50    3.60   -5.87   10.92   36.88
C-G     0.00    0.00    0.00    0.00    0.00    0.00    0.49    1.06    3.58   -0.24  -12.32   46.36
T-A     0.00    0.00    0.00    0.00    0.00    0.00   -1.29   -0.21    2.83    0.12   -1.41   31.29
C-G     0.00    0.00    0.00    0.00    0.00    0.00    1.73    1.77    3.20    7.93  -10.16   43.11
C-G     0.00    0.00    0.00    0.00    0.00    0.00   -1.00    0.51    3.42   -5.15    6.10   35.79
A-T     0.00    0.00    0.00    0.00    0.00    0.00    0.37    0.96    3.42   -4.47   -4.65   41.27
T-A     0.00    0.00    0.00    0.00    0.00    0.00    0.73   -0.51    2.94    6.51    0.92   29.45
C-G     0.00    0.00    0.00    0.00    0.00    0.00    0.35   -0.06    3.46    3.37   10.57   33.00
A-T     0.00    0.00    0.00    0.00    0.00    0.00   -0.42    0.35    4.14    3.65   18.44   34.43
A-T     0.00    0.00    0.00    0.00    0.00    0.00    0.50    0.51    3.10   -3.92    6.64   43.08
A-T     0.00    0.00    0.00    0.00    0.00    0.00   -0.85    0.47    3.00   -4.72   -4.31   35.52
A-T     0.00    0.00    0.00    0.00    0.00    0.00   -0.19   -0.84    3.49   -4.55    0.01   34.98
G-C     0.00    0.00    0.00    0.00    0.00    0.00   -0.34    0.92    3.69   -2.63   -7.12   40.46
G-C     0.00    0.00    0.00    0.00    0.00    0.00   -0.87    0.07    3.20   -6.20  -28.74   30.97
C-G     0.00    0.00    0.00    0.00    0.00    0.00    1.44    0.10    4.50    0.04  -20.29   38.47
A-T     0.00    0.00    0.00    0.00    0.00    0.00   -0.21    0.85    3.26   14.70    6.83   42.26
T-A     0.00    0.00    0.00    0.00    0.00    0.00    0.38   -0.67    3.37   -2.62   16.30   22.21
G-C     0.00    0.00    0.00    0.00    0.00    0.00    0.04    1.34    4.06   -0.61    8.76   41.26
T-A     0.00    0.00    0.00    0.00    0.00    0.00   -0.80   -0.63    3.35   -2.01    7.61   26.64
T-A     0.00    0.00    0.00    0.00    0.00    0.00    0.29    0.02    3.03    4.18    2.90   32.14
C-G     0.00    0.00    0.00    0.00    0.00    0.00    0.90    0.63    3.25    4.49    7.93   37.05
A-T     0.00    0.00    0.00    0.00    0.00    0.00   -0.72    1.67    3.60   -2.65   -5.38   44.59
G-C     0.00    0.00    0.00    0.00    0.00    0.00    0.67    0.99    3.54    4.97   -2.10   31.97
C-G     0.00    0.00    0.00    0.00    0.00    0.00   -0.46    0.59    3.32   -5.90   -4.52   41.35
T-A     0.00    0.00    0.00    0.00    0.00    0.00    0.12    0.96    3.26    3.91   -0.66   36.45
G-C     0.00    0.00    0.00    0.00    0.00    0.00    0.89    1.16    3.15   -0.16    3.58   34.33
A-T     0.00    0.00    0.00    0.00    0.00    0.00   -0.81   -0.03    3.40   -6.46    6.85   34.25
A-T     0.00    0.00    0.00    0.00    0.00    0.00   -0.08   -0.32    3.20    2.13    4.88   34.03
T-A     0.00    0.00    0.00    0.00    0.00    0.00    0.20   -0.64    3.34   -1.04    8.63   29.00
T-A     0.00    0.00    0.00    0.00    0.00    0.00   -0.17   -0.39    3.23    3.52    7.61   33.56
C-G     0.00    0.00    0.00    0.00    0.00    0.00    0.04    0.13    3.29    2.14    6.06   30.40
A-T     0.00    0.00    0.00    0.00    0.00    0.00   -0.61    1.88    3.37   -1.33    0.22   42.30
G-C     0.00    0.00    0.00    0.00    0.00    0.00    0.92    0.77    3.31   -1.62   -4.14   35.73
C-G     0.00    0.00    0.00    0.00    0.00    0.00   -1.13    0.94    3.44   -2.81   -7.43   38.35
T-A     0.00    0.00    0.00    0.00    0.00    0.00    1.30    1.46    3.73    3.70   -4.52   43.67
G-C     0.00    0.00    0.00    0.00    0.00    0.00   -0.76    0.97    2.91   -3.30    6.26   33.38
A-T     0.00    0.00    0.00    0.00    0.00    0.00   -0.49    0.13    3.38   -1.86    4.31   33.20
A-T     0.00    0.00    0.00    0.00    0.00    0.00    0.38    0.06    3.35    2.57    9.62   33.99
C-G     0.00    0.00    0.00    0.00    0.00    0.00    0.28   -0.44    3.25   -0.11    5.67   30.39
A-T     0.00    0.00    0.00    0.00    0.00    0.00   -0.50    0.58    3.67    0.10   11.15   35.00
T-A     0.00    0.00    0.00    0.00    0.00    0.00    0.22   -0.59    3.15    1.54   -0.34   27.98
G-C     0.00    0.00    0.00    0.00    0.00    0.00    0.98    0.43    3.40   -0.31    9.30   36.23
C-G     0.00    0.00    0.00    0.00    0.00    0.00   -1.53    0.55    3.29   -2.39  -14.65   37.51
C-G     0.00    0.00    0.00    0.00    0.00    0.00    0.54    1.46    4.07    1.76   -8.28   45.79
T-A     0.00    0.00    0.00    0.00    0.00    0.00   -0.22    1.38    3.38    2.00   -8.86   41.71
T-A     0.00    0.00    0.00    0.00    0.00    0.00    0.37    0.23    2.88   -3.70    5.03   31.29
T-A     0.00    0.00    0.00    0.00    0.00    0.00    0.25   -0.02    3.28    1.34    8.94   31.01
T-A     0.00    0.00    0.00    0.00    0.00    0.00   -0.15    0.21    3.55    1.97   13.32   33.32
G-C     0.00    0.00    0.00    0.00    0.00    0.00    0.07   -1.08    3.81    5.17   20.48   23.83
A-T     0.00    0.00    0.00    0.00    0.00    0.00    0.09    0.04    2.88   -9.25    8.37   31.75
T-A     0.00    0.00    0.00    0.00    0.00    0.00   -0.27   -0.85    3.30   -2.24    3.24   25.54
G-C     0.00    0.00    0.00    0.00    0.00    0.00   -0.27    0.79    3.17    1.31   -1.18   39.20
G-C     0.00    0.00    0.00    0.00    0.00    0.00    1.01    0.48    3.40    7.02    2.48   33.69
A-T     0.00    0.00    0.00    0.00    0.00    0.00   -1.18    1.26    3.24   -8.98   -5.41   42.74
G-C     0.00    0.00    0.00    0.00    0.00    0.00    1.15    0.21    3.16    0.60   -7.38   35.48
C-G     0.00    0.00    0.00    0.00    0.00    0.00   -0.49    0.27    3.42   -0.14   -2.54   35.44
A-T     0.00    0.00    0.00    0.00    0.00    0.00    1.07    0.58    3.40    3.73    3.49   36.54
G-C     0.00    0.00    0.00    0.00    0.00    0.00   -1.37   -0.33    3.75   -4.20    9.83   36.74
T-A     0.00    0.00    0.00    0.00    0.00    0.00   -0.87   -0.47    3.17    0.08   13.70   30.30
T-A     0.00    0.00    0.00    0.00    0.00    0.00   -0.53   -0.15    3.17   -2.75    0.30   32.09
T-A     0.00    0.00    0.00    0.00    0.00    0.00    0.73    0.06    3.26    1.07    8.16   34.20
C-G     0.00    0.00    0.00    0.00    0.00    0.00    1.31    0.86    2.87    9.67    1.12   36.24
C-G     0.00    0.00    0.00    0.00    0.00    0.00   -1.17    1.11    3.58  -10.08    6.75   30.64
A-T     0.00    0.00    0.00    0.00    0.00    0.00    0.35    2.33    3.20    7.66  -20.11   47.95
A-T     0.00    0.00    0.00    0.00    0.00    0.00    0.11   -0.43    3.21   -2.46    4.23   32.03
A-T     0.00    0.00    0.00    0.00    0.00    0.00   -0.58   -0.46    3.63    0.21    3.45   38.38
T-A     0.00    0.00    0.00    0.00    0.00    0.00   -0.35   -0.46    3.05    0.17   -5.10   30.76
A-T     0.00    0.00    0.00    0.00    0.00    0.00    0.23   -0.35    3.23  -11.98    4.36   38.09
C-G     0.00    0.00    0.00    0.00    0.00    0.00   -0.04   -1.02    3.08    3.49    3.14   22.77
A-T     0.00    0.00    0.00    0.00    0.00    0.00    0.28   -0.24    3.80    5.32   12.07   41.27
C-G     0.00    0.00    0.00    0.00    0.00    0.00    0.63   -0.37    3.37   -1.88    7.35   35.09
T-A     0.00    0.00    0.00    0.00    0.00    0.00   -0.47   -0.27    3.22    1.74    4.99   33.90
T-A     0.00    0.00    0.00    0.00    0.00    0.00    0.08   -0.04    3.51   -5.47   -3.46   34.44
T-A     0.00    0.00    0.00    0.00    0.00    0.00   -0.70   -0.16    2.95    2.50    1.26   33.57
T-A     0.00    0.00    0.00    0.00    0.00    0.00   -0.50    0.26    3.59   -2.58   -6.79   40.81
G-C     0.00    0.00    0.00    0.00    0.00    0.00    0.05    2.42    3.30    1.98   -3.74   41.28
G-C     0.00    0.00    0.00    0.00    0.00    0.00   -0.48    0.30    2.62  -12.88    2.59   26.09
T-A     0.00    0.00    0.00    0.00    0.00    0.00    0.56   -0.40    3.23    3.93    6.64   30.96
A-T     0.00    0.00    0.00    0.00    0.00    0.00   -0.73    0.12    3.67    3.62   14.46   35.37
G-C     0.00    0.00    0.00    0.00    0.00    0.00    0.38    0.11    3.27    0.70   11.15   30.06
A-T     0.00    0.00    0.00    0.00    0.00    0.00   -0.43   -0.78    3.04   -5.46   14.41   24.03
A-T     0.00    0.00    0.00    0.00    0.00    0.00    0.94   -0.52    3.10   -7.28    1.64   36.82
T-A     0.00    0.00    0.00    0.00    0.00    0.00   -0.44   -1.11    3.34    0.24  -10.10   30.28
C-G     0.00    0.00    0.00    0.00    0.00    0.00    0.42   -0.49    3.43    3.48   -2.89   40.77
T-A     0.00    0.00    0.00    0.00    0.00    0.00   -0.97   -0.39    3.44   -5.95    4.76   31.73
G-C     0.00    0.00    0.00    0.00    0.00    0.00   -0.36    2.20    2.99    2.23  -17.51   46.02
C-G     0.00    0.00    0.00    0.00    0.00    0.00    0.38    0.58    3.01    4.25    6.67   30.85
A-T     0.00    0.00    0.00    0.00    0.00    0.00    0.23    2.64    3.44    1.18   -4.79   44.79
G-C     0.00    0.00    0.00    0.00    0.00    0.00    0.30    0.76    2.87   -5.70    7.96   28.32
G-C     0.00    0.00    0.00    0.00    0.00    0.00   -0.38   -0.45    3.60    0.18   17.58   32.41
T-A     0.00    0.00    0.00    0.00    0.00    0.00   -0.57   -0.44    3.27   -2.27    6.32   32.92
G-C     0.00    0.00    0.00    0.00    0.00    0.00    0.03   -0.02    3.47    1.63    8.87   33.34
G-C     0.00    0.00    0.00    0.00    0.00    0.00    0.67    0.26    3.18    0.25    5.83   28.85
A-T     0.00    0.00    0.00    0.00    0.00    0.00   -0.47   -0.34    3.14   -3.96    3.60   39.42
T-A     0.00    0.00    0.00    0.00    0.00    0.00   -0.19   -0.72    3.25   -1.13   -3.43   29.72
A-T     0.00    0.00    0.00    0.00    0.00    0.00   -0.26   -0.08    3.79    2.13   -2.57   41.87
T-A     0.00    0.00    0.00    0.00    0.00    0.00   -0.49   -0.72    3.03   -5.37   -3.80   31.19
T-A     0.00    0.00    0.00    0.00    0.00    0.00    0.70    0.19    3.27    3.42    2.29   35.88
G-C     0.00    0.00    0.00    0.00    0.00    0.00   -0.22   -0.06    3.40    4.50    2.89   36.91
A-T     0.00    0.00    0.00    0.00    0.00    0.00   -0.09   -0.08    3.31   -2.65    6.97   30.09
T-A     0.00    0.00    0.00    0.00    0.00    0.00    0.86   -0.72    3.12   -1.08    0.04   36.61
