 146 base-pairs
   0  ***local base-pair & step parameters***
       Shear  Stretch  Stagger Buckle Prop-Tw Opening   Shift  Slide    Rise    Tilt    Roll   Twist
A-T     0.00    0.00    0.00    0.00    0.00    0.00    0.00    0.00    0.00    0.00    0.00    0.00
T-A     0.00    0.00    0.00    0.00    0.00    0.00   -1.10   -0.70    3.37   -3.71   -1.44   31.65
C-G     0.00    0.00    0.00    0.00    0.00    0.00    0.95   -0.10    2.95    5.20    3.75   37.24
A-T     0.00    0.00    0.00    0.00    0.00    0.00   -0.27    0.68    3.44   -3.76    3.99   34.63
A-T     0.00    0.00    0.00    0.00    0.00    0.00   -0.49    0.24    3.26   -4.00   -0.35   38.45
T-A     0.00    0.00    0.00    0.00    0.00    0.00    0.50   -0.71    3.04    7.37   -1.56   33.83
A-T     0.00    0.00    0.00    0.00    0.00    0.00   -0.03   -0.18    3.56   -4.57   -3.00   40.09
T-A     0.00    0.00    0.00    0.00    0.00    0.00   -0.12   -1.00    3.19    5.77   -2.83   33.57
C-G     0.00    0.00    0.00    0.00    0.00    0.00    1.08    0.18    3.45    0.77   -0.50   34.09
C-G     0.00    0.00    0.00    0.00    0.00    0.00   -0.33   -0.09    3.12   -1.20   10.46   27.16
A-T     0.00    0.00    0.00    0.00    0.00    0.00   -1.14    0.55    3.39   -1.03    5.58   31.72
C-G     0.00    0.00    0.00    0.00    0.00    0.00    0.50   -0.90    3.39   -1.23    5.86   34.24
C-G     0.00    0.00    0.00    0.00    0.00    0.00    0.54   -0.18    3.41    1.56   13.25   31.07
T-A     0.00    0.00    0.00    0.00    0.00    0.00   -1.14    0.22    3.49   -6.04    7.21   31.24
G-C     0.00    0.00    0.00    0.00    0.00    0.00    0.56    1.24    3.28    4.40   -7.33   40.22
C-G     0.00    0.00    0.00    0.00    0.00    0.00   -0.25    0.13    3.55   -7.16    5.70   38.67
A-T     0.00    0.00    0.00    0.00    0.00    0.00    0.00    1.60    2.97    3.51  -21.40   40.76
G-C     0.00    0.00    0.00    0.00    0.00    0.00    0.51    0.12    3.50    3.14    1.06   36.03
A-T     0.00    0.00    0.00    0.00    0.00    0.00    0.02   -0.82    3.30    0.70   -5.59   37.08
T-A     0.00    0.00    0.00    0.00    0.00    0.00    0.23    0.10    2.96    2.85   -4.77   36.49
T-A     0.00    0.00    0.00    0.00    0.00    0.00    0.02   -1.38    3.36    3.61    3.60   28.97
C-G     0.00    0.00    0.00    0.00    0.00    0.00   -0.33   -0.25    2.78    3.55    9.69   27.72
T-A     0.00    0.00    0.00    0.00    0.00    0.00   -0.26   -0.46    3.81    1.17   12.36   28.86
A-T     0.00    0.00    0.00    0.00    0.00    0.00    1.91    0.75    3.62    2.32   21.73   33.08
C-G     0.00    0.00    0.00    0.00    0.00    0.00   -1.20   -0.09    2.97  -12.44    3.23   31.14
C-G     0.00    0.00    0.00    0.00    0.00    0.00    0.58   -0.24    2.74   13.75    8.45   30.16
A-T     0.00    0.00    0.00    0.00    0.00    0.00   -0.06    2.58    3.11   -4.20  -15.05   41.32
A-T     0.00    0.00    0.00    0.00    0.00    0.00    0.55    0.46    3.62    3.97    2.55   38.77
A-T     0.00    0.00    0.00    0.00    0.00    0.00    0.53   -0.21    3.36   -1.61   -7.91   41.07
A-T     0.00    0.00    0.00    0.00    0.00    0.00   -0.11   -0.52    3.23   -2.02    3.86   31.45
G-C     0.00    0.00    0.00    0.00    0.00    0.00    0.20   -0.51    3.51    0.93   -1.34   36.28
T-A     0.00    0.00    0.00    0.00    0.00    0.00   -0.38   -0.69    3.06    3.96   -1.75   28.52
G-C     0.00    0.00    0.00    0.00    0.00    0.00    1.19    0.04    3.80    3.00   14.08   34.20
T-A     0.00    0.00    0.00    0.00    0.00    0.00   -1.40   -0.61    2.80   -2.45   15.65   23.21
A-T     0.00    0.00    0.00    0.00    0.00    0.00    0.25   -0.54    3.84   -5.04    0.91   42.84
T-A     0.00    0.00    0.00    0.00    0.00    0.00    0.35   -1.07    3.44    1.46    2.99   31.91
T-A     0.00    0.00    0.00    0.00    0.00    0.00    0.19   -0.35    2.96    3.50   -7.95   38.43
T-A     0.00    0.00    0.00    0.00    0.00    0.00   -0.03   -0.28    3.58   -6.94    3.84   31.64
G-C     0.00    0.00    0.00    0.00    0.00    0.00   -0.87    2.31    3.23    1.11  -20.81   48.15
G-C     0.00    0.00    0.00    0.00    0.00    0.00    0.99    0.93    3.38    6.88    5.92   29.08
A-T     0.00    0.00    0.00    0.00    0.00    0.00   -1.31    0.97    3.04  -11.83    0.17   36.41
A-T     0.00    0.00    0.00    0.00    0.00    0.00    0.41   -0.22    3.30   -1.41    4.63   34.59
A-T     0.00    0.00    0.00    0.00    0.00    0.00   -0.20   -0.19    3.56   -1.95   15.29   31.50
C-G     0.00    0.00    0.00    0.00    0.00    0.00    0.27   -0.41    2.88    4.20   -2.95   32.55
T-A     0.00    0.00    0.00    0.00    0.00    0.00    1.24   -0.06    3.35    1.28   12.25   33.87
G-C     0.00    0.00    0.00    0.00    0.00    0.00   -1.50    0.37    3.65   -5.75   11.13   37.14
C-G     0.00    0.00    0.00    0.00    0.00    0.00    0.53    0.98    3.53    0.31  -12.26   45.92
T-A     0.00    0.00    0.00    0.00    0.00    0.00   -1.23   -0.03    2.81   -0.31   -1.60   31.37
C-G     0.00    0.00    0.00    0.00    0.00    0.00    1.66    1.75    3.26    7.63  -10.04   43.48
C-G     0.00    0.00    0.00    0.00    0.00    0.00   -1.02    0.34    3.40   -4.53    6.13   35.43
A-T     0.00    0.00    0.00    0.00    0.00    0.00    0.45    1.07    3.38   -4.51   -4.79   41.17
T-A     0.00    0.00    0.00    0.00    0.00    0.00    0.71   -0.40    2.98    5.91    1.07   29.90
C-G     0.00    0.00    0.00    0.00    0.00    0.00    0.28   -0.23    3.47    3.75   10.58   32.75
A-T     0.00    0.00    0.00    0.00    0.00    0.00   -0.35    0.35    4.10    4.03   18.21   34.15
A-T     0.00    0.00    0.00    0.00    0.00    0.00    0.54    0.68    3.11   -4.51    6.86   43.57
A-T     0.00    0.00    0.00    0.00    0.00    0.00   -0.94    0.37    3.01   -4.76   -4.19   35.46
A-T     0.00    0.00    0.00    0.00    0.00    0.00   -0.18   -0.96    3.46   -3.95   -0.37   34.50
G-C     0.00    0.00    0.00    0.00    0.00    0.00   -0.25    1.08    3.70   -2.94   -6.99   40.89
G-C     0.00    0.00    0.00    0.00    0.00    0.00   -0.92    0.10    3.22   -6.62  -28.37   31.18
C-G     0.00    0.00    0.00    0.00    0.00    0.00    1.39   -0.07    4.49    0.57  -20.72   37.85
A-T     0.00    0.00    0.00    0.00    0.00    0.00   -0.12    0.91    3.26   14.81    6.67   42.46
T-A     0.00    0.00    0.00    0.00    0.00    0.00    0.39   -0.54    3.39   -3.19   16.91   22.73
G-C     0.00    0.00    0.00    0.00    0.00    0.00   -0.05    1.21    4.04   -0.39    8.53   40.67
T-A     0.00    0.00    0.00    0.00    0.00    0.00   -0.76   -0.68    3.36   -1.58    7.06   26.47
T-A     0.00    0.00    0.00    0.00    0.00    0.00    0.36    0.18    3.06    3.74    3.50   32.89
C-G     0.00    0.00    0.00    0.00    0.00    0.00    0.82    0.59    3.22    4.32    8.15   36.72
A-T     0.00    0.00    0.00    0.00    0.00    0.00   -0.74    1.55    3.60   -2.14   -6.20   44.00
G-C     0.00    0.00    0.00    0.00    0.00    0.00    0.76    1.09    3.57    4.84   -1.84   32.70
C-G     0.00    0.00    0.00    0.00    0.00    0.00   -0.49    0.65    3.30   -6.31   -3.80   41.50
T-A     0.00    0.00    0.00    0.00    0.00    0.00    0.04    0.83    3.23    4.25   -1.39   35.58
G-C     0.00    0.00    0.00    0.00    0.00    0.00    0.96    1.17    3.20    0.03    3.26   34.73
A-T     0.00    0.00    0.00    0.00    0.00    0.00   -0.77    0.07    3.40   -6.87    7.83   34.90
A-T     0.00    0.00    0.00    0.00    0.00    0.00   -0.17   -0.39    3.14    2.18    4.63   33.20
T-A     0.00    0.00    0.00    0.00    0.00    0.00    0.21   -0.70    3.38   -0.69    7.75   28.85
T-A     0.00    0.00    0.00    0.00    0.00    0.00   -0.09   -0.30    3.26    3.29    8.41   34.52
C-G     0.00    0.00    0.00    0.00    0.00    0.00   -0.01    0.13    3.23    1.95    6.50   29.95
A-T     0.00    0.00    0.00    0.00    0.00    0.00   -0.66    1.80    3.37   -1.04   -0.88   41.59
G-C     0.00    0.00    0.00    0.00    0.00    0.00    0.99    0.81    3.38   -1.61   -3.93   36.63
C-G     0.00    0.00    0.00    0.00    0.00    0.00   -1.12    0.99    3.39   -3.07   -6.41   38.51
T-A     0.00    0.00    0.00    0.00    0.00    0.00    1.23    1.40    3.68    3.82   -5.34   42.65
G-C     0.00    0.00    0.00    0.00    0.00    0.00   -0.73    0.95    2.99   -3.15    5.70   33.85
A-T     0.00    0.00    0.00    0.00    0.00    0.00   -0.44    0.18    3.39   -2.02    5.48   33.95
A-T     0.00    0.00    0.00    0.00    0.00    0.00    0.32    0.06    3.26    2.52    9.50   33.06
C-G     0.00    0.00    0.00    0.00    0.00    0.00    0.26   -0.48    3.30    0.02    4.56   30.21
A-T     0.00    0.00    0.00    0.00    0.00    0.00   -0.44    0.59    3.73    0.08   11.93   36.05
T-A     0.00    0.00    0.00    0.00    0.00    0.00    0.21   -0.57    3.06    1.46    0.32   27.52
G-C     0.00    0.00    0.00    0.00    0.00    0.00    0.93    0.42    3.39   -0.29    8.14   35.46
C-G     0.00    0.00    0.00    0.00    0.00    0.00   -1.50    0.53    3.39   -2.34  -14.63   38.44
C-G     0.00    0.00    0.00    0.00    0.00    0.00    0.57    1.47    4.02    1.77   -7.14   45.99
T-A     0.00    0.00    0.00    0.00    0.00    0.00   -0.27    1.41    3.30    1.94   -9.55   40.67
T-A     0.00    0.00    0.00    0.00    0.00    0.00    0.36    0.21    2.98   -3.71    4.31   31.72
T-A     0.00    0.00    0.00    0.00    0.00    0.00    0.30   -0.05    3.30    1.44   10.04   31.77
T-A     0.00    0.00    0.00    0.00    0.00    0.00   -0.16    0.24    3.43    1.95   13.38   32.44
G-C     0.00    0.00    0.00    0.00    0.00    0.00    0.04   -1.05    3.86    5.03   19.37   23.63
A-T     0.00    0.00    0.00    0.00    0.00    0.00    0.11   -0.02    2.96   -9.15    8.95   32.73
T-A     0.00    0.00    0.00    0.00    0.00    0.00   -0.25   -0.85    3.21   -2.11    3.98   25.14
G-C     0.00    0.00    0.00    0.00    0.00    0.00   -0.30    0.86    3.14    1.11   -2.16   38.49
G-C     0.00    0.00    0.00    0.00    0.00    0.00    1.00    0.44    3.52    6.98    2.34   34.50
A-T     0.00    0.00    0.00    0.00    0.00    0.00   -1.15    1.20    3.20   -8.70   -4.39   42.93
G-C     0.00    0.00    0.00    0.00    0.00    0.00    1.15    0.30    3.07    0.49   -7.83   34.58
C-G     0.00    0.00    0.00    0.00    0.00    0.00   -0.52    0.29    3.51   -0.40   -3.24   35.81
A-T     0.00    0.00    0.00    0.00    0.00    0.00    1.08    0.47    3.44    4.02    4.32   37.16
G-C     0.00    0.00    0.00    0.00    0.00    0.00   -1.34   -0.29    3.64   -4.07   10.01   36.01
T-A     0.00    0.00    0.00    0.00    0.00    0.00   -0.89   -0.38    3.20   -0.32   12.83   30.16
T-A     0.00    0.00    0.00    0.00    0.00    0.00   -0.55   -0.24    3.26   -2.65    0.63   32.86
T-A     0.00    0.00    0.00    0.00    0.00    0.00    0.76    0.01    3.18    1.44    8.77   33.86
C-G     0.00    0.00    0.00    0.00    0.00    0.00    1.32    1.00    2.83    9.34    0.47   35.73
C-G     0.00    0.00    0.00    0.00    0.00    0.00   -1.22    1.09    3.68  -10.30    6.57   31.28
A-T     0.00    0.00    0.00    0.00    0.00    0.00    0.36    2.20    3.18    8.14  -19.42   48.02
A-T     0.00    0.00    0.00    0.00    0.00    0.00    0.16   -0.33    3.12   -2.50    4.00   31.40
A-T     0.00    0.00    0.00    0.00    0.00    0.00   -0.61   -0.37    3.69   -0.27    2.99   38.72
T-A     0.00    0.00    0.00    0.00    0.00    0.00   -0.38   -0.61    3.10    0.50   -4.63   31.12
A-T     0.00    0.00    0.00    0.00    0.00    0.00    0.28   -0.35    3.14  -11.66    4.48   37.54
C-G     0.00    0.00    0.00    0.00    0.00    0.00   -0.03   -0.86    3.09    2.95    2.68   22.81
A-T     0.00    0.00    0.00    0.00    0.00    0.00    0.22   -0.33    3.87    5.30   12.23   41.75
C-G     0.00    0.00    0.00    0.00    0.00    0.00    0.66   -0.48    3.32   -1.31    7.62   34.73
T-A     0.00    0.00    0.00    0.00    0.00    0.00   -0.41   -0.11    3.18    1.43    4.69   33.71
T-A     0.00    0.00    0.00    0.00    0.00    0.00    0.03   -0.02    3.58   -5.88   -3.49   34.92
T-A     0.00    0.00    0.00    0.00    0.00    0.00   -0.73   -0.34    2.94    3.05    1.49   33.40
T-A     0.00    0.00    0.00    0.00    0.00    0.00   -0.43    0.34    3.54   -2.48   -6.94   40.49
G-C     0.00    0.00    0.00    0.00    0.00    0.00    0.04    2.56    3.34    1.37   -3.79   41.68
G-C     0.00    0.00    0.00    0.00    0.00    0.00   -0.56    0.15    2.65  -12.63    2.75   26.10
T-A     0.00    0.00    0.00    0.00    0.00    0.00    0.61   -0.44    3.18    4.41    6.51   30.54
A-T     0.00    0.00    0.00    0.00    0.00    0.00   -0.68    0.30    3.67    3.09   14.46   35.69
G-C     0.00    0.00    0.00    0.00    0.00    0.00    0.30    0.05    3.31    0.52   11.32   30.25
A-T     0.00    0.00    0.00    0.00    0.00    0.00   -0.44   -0.93    3.01   -4.83   14.22   23.55
A-T     0.00    0.00    0.00    0.00    0.00    0.00    1.03   -0.38    3.08   -7.46    1.59   36.99
T-A     0.00    0.00    0.00    0.00    0.00    0.00   -0.48   -1.04    3.37   -0.28   -9.80   30.66
C-G     0.00    0.00    0.00    0.00    0.00    0.00    0.35   -0.67    3.42    3.96   -3.09   40.29
T-A     0.00    0.00    0.00    0.00    0.00    0.00   -0.89   -0.36    3.42   -5.70    4.52   31.67
G-C     0.00    0.00    0.00    0.00    0.00    0.00   -0.33    2.36    3.01    1.62  -17.09   46.59
C-G     0.00    0.00    0.00    0.00    0.00    0.00    0.29    0.47    3.01    4.35    6.66   30.51
A-T     0.00    0.00    0.00    0.00    0.00    0.00    0.25    2.55    3.43    1.72   -5.29   44.42
G-C     0.00    0.00    0.00    0.00    0.00    0.00    0.38    0.92    2.89   -6.10    8.32   28.95
G-C     0.00    0.00    0.00    0.00    0.00    0.00   -0.45   -0.45    3.59   -0.11   17.93   32.37
T-A     0.00    0.00    0.00    0.00    0.00    0.00   -0.61   -0.59    3.26   -1.73    5.68   32.27
G-C     0.00    0.00    0.00    0.00    0.00    0.00    0.12    0.07    3.50    1.60    8.89   33.82
G-C     0.00    0.00    0.00    0.00    0.00    0.00    0.66    0.35    3.18   -0.25    6.53   29.23
A-T     0.00    0.00    0.00    0.00    0.00    0.00   -0.56   -0.48    3.11   -3.66    3.13   38.65
T-A     0.00    0.00    0.00    0.00    0.00    0.00   -0.14   -0.74    3.27   -0.82   -3.92   29.83
A-T     0.00    0.00    0.00    0.00    0.00    0.00   -0.20    0.05    3.80    1.68   -1.75   42.62
T-A     0.00    0.00    0.00    0.00    0.00    0.00   -0.57   -0.78    2.99   -5.41   -3.79   30.59
T-A     0.00    0.00    0.00    0.00    0.00    0.00    0.69    0.10    3.29    3.86    1.39   35.48
G-C     0.00    0.00    0.00    0.00    0.00    0.00   -0.14    0.04    3.44    4.30    3.42   37.80
A-T     0.00    0.00    0.00    0.00    0.00    0.00   -0.13   -0.05    3.26   -2.95    7.59   29.94
T-A     0.00    0.00    0.00    0.00    0.00    0.00    0.79   -0.82    3.10   -0.74   -0.91   35.77
