 146 base-pairs
   0  ***local base-pair & step parameters***
       Shear  Stretch  Stagger Buckle Prop-Tw Opening   Shift  Slide    Rise    Tilt    Roll   Twist
A-T     0.00    0.00    0.00    0.00    0.00    0.00    0.00    0.00    0.00    0.00    0.00    0.00
T-A     0.00    0.00    0.00    0.00    0.00    0.00   -1.22   -0.89    3.35   -3.96   -0.80   31.51
C-G     0.00    0.00    0.00    0.00    0.00    0.00    1.02    0.17    2.94    5.98    2.12   37.46
A-T     0.00    0.00    0.00    0.00    0.00    0.00   -0.22    0.66    3.46   -4.11    4.58   34.51
A-T     0.00    0.00    0.00    0.00    0.00    0.00   -0.61    0.01    3.26   -4.52    0.81   38.44
T-A     0.00    0.00    0.00    0.00    0.00    0.00    0.54   -0.51    3.02    8.17   -3.01   33.96
A-T     0.00    0.00    0.00    0.00    0.00    0.00    0.06   -0.12    3.56   -4.66   -3.07   39.87
T-A     0.00    0.00    0.00    0.00    0.00    0.00   -0.23   -1.24    3.22    5.00   -1.38   33.69
C-G     0.00    0.00    0.00    0.00    0.00    0.00    1.07    0.32    3.42    1.47   -1.52   34.28
C-G     0.00    0.00    0.00    0.00    0.00    0.00   -0.22    0.03    3.10   -0.97    9.81   26.77
A-T     0.00    0.00    0.00    0.00    0.00    0.00   -1.22    0.33    3.44   -1.94    7.03   31.85
C-G     0.00    0.00    0.00    0.00    0.00    0.00    0.46   -0.83    3.37   -0.76    5.40   34.62
C-G     0.00    0.00    0.00    0.00    0.00    0.00    0.65   -0.02    3.37    2.13   12.21   30.53
T-A     0.00    0.00    0.00    0.00    0.00    0.00   -1.18    0.03    3.53   -6.97    8.41   31.23
G-C     0.00    0.00    0.00    0.00    0.00    0.00    0.49    1.25    3.30    4.55   -7.24   40.88
C-G     0.00    0.00    0.00    0.00    0.00    0.00   -0.16    0.30    3.48   -6.34    4.51   38.11
A-T     0.00    0.00    0.00    0.00    0.00    0.00   -0.01    1.45    3.00    2.71  -20.61   40.45
G-C     0.00    0.00    0.00    0.00    0.00    0.00    0.43    0.09    3.55    2.92    1.58   36.94
A-T     0.00    0.00    0.00    0.00    0.00    0.00    0.10   -0.65    3.23    1.67   -6.71   36.70
T-A     0.00    0.00    0.00    0.00    0.00    0.00    0.25   -0.01    2.96    2.32   -4.43   35.78
T-A     0.00    0.00    0.00    0.00    0.00    0.00   -0.07   -1.45    3.44    3.05    4.36   29.96
C-G     0.00    0.00    0.00    0.00    0.00    0.00   -0.29   -0.09    2.73    4.51    8.82   27.71
T-A     0.00    0.00    0.00    0.00    0.00    0.00   -0.22   -0.54    3.77    0.98   12.32   27.77
A-T     0.00    0.00    0.00    0.00    0.00    0.00    1.83    0.65    3.71    1.51   22.52   33.95
C-G     0.00    0.00    0.00    0.00    0.00    0.00   -1.18    0.07    2.95  -11.63    2.69   31.63
C-G     0.00    0.00    0.00    0.00    0.00    0.00    0.64   -0.29    2.66   13.93    8.17   28.84
A-T     0.00    0.00    0.00    0.00    0.00    0.00   -0.13    2.46    3.19   -5.13  -14.38   41.82
A-T     0.00    0.00    0.00    0.00    0.00    0.00    0.55    0.62    3.64    4.51    2.28   39.79
A-T     0.00    0.00    0.00    0.00    0.00    0.00    0.59   -0.24    3.26   -1.12   -8.25   39.76
A-T     0.00    0.00    0.00    0.00    0.00    0.00   -0.16   -0.67    3.28   -2.92    4.35   31.39
G-C     0.00    0.00    0.00    0.00    0.00    0.00    0.19   -0.35    3.58    1.14   -1.45   37.71
T-A     0.00    0.00    0.00    0.00    0.00    0.00   -0.32   -0.68    2.96    4.67   -2.03   27.50
G-C     0.00    0.00    0.00    0.00    0.00    0.00    1.15   -0.15    3.81    2.25   14.41   33.50
T-A     0.00    0.00    0.00    0.00    0.00    0.00   -1.42   -0.46    2.90   -2.56   15.57   24.80
A-T     0.00    0.00    0.00    0.00    0.00    0.00    0.31   -0.47    3.76   -4.25    0.73   42.35
T-A     0.00    0.00    0.00    0.00    0.00    0.00    0.32   -1.28    3.40    0.95    3.27   30.66
T-A     0.00    0.00    0.00    0.00    0.00    0.00    0.16   -0.24    3.08    3.14   -8.10   39.87
T-A     0.00    0.00    0.00    0.00    0.00    0.00    0.03   -0.15    3.55   -6.18    3.71   31.83
G-C     0.00    0.00    0.00    0.00    0.00    0.00   -0.89    2.08    3.15    0.87  -20.45   46.55
G-C     0.00    0.00    0.00    0.00    0.00    0.00    0.95    0.98    3.48    6.36    5.67   30.09
A-T     0.00    0.00    0.00    0.00    0.00    0.00   -1.25    1.17    3.05  -11.20   -0.02   37.25
A-T     0.00    0.00    0.00    0.00    0.00    0.00    0.39   -0.45    3.20   -1.41    5.14   32.94
A-T     0.00    0.00    0.00    0.00    0.00    0.00   -0.26   -0.22    3.63   -2.53   15.02   31.88
C-G     0.00    0.00    0.00    0.00    0.00    0.00    0.34   -0.15    2.94    4.65   -3.32   33.91
T-A     0.00    0.00    0.00    0.00    0.00    0.00    1.24   -0.24    3.24    1.46   12.92   32.48
G-C     0.00    0.00    0.00    0.00    0.00    0.00   -1.57    0.25    3.66   -6.31   10.98   36.84
C-G     0.00    0.00    0.00    0.00    0.00    0.00    0.58    1.27    3.62    0.60  -12.92   47.51
T-A     0.00    0.00    0.00    0.00    0.00    0.00   -1.20   -0.14    2.73   -0.03   -0.87   30.49
C-G     0.00    0.00    0.00    0.00    0.00    0.00    1.58    1.54    3.23    7.14   -9.91   42.58
C-G     0.00    0.00    0.00    0.00    0.00    0.00   -0.97    0.62    3.50   -4.38    5.18   36.94
A-T     0.00    0.00    0.00    0.00    0.00    0.00    0.50    1.06    3.34   -4.20   -4.16   40.93
T-A     0.00    0.00    0.00    0.00    0.00    0.00    0.62   -0.69    2.92    5.50    1.60   28.63
C-G     0.00    0.00    0.00    0.00    0.00    0.00    0.30    0.00    3.55    3.82    9.45   33.92
A-T     0.00    0.00    0.00    0.00    0.00    0.00   -0.27    0.45    4.11    4.36   18.53   34.50
A-T     0.00    0.00    0.00    0.00    0.00    0.00    0.45    0.36    3.03   -4.87    7.82   42.19
A-T     0.00    0.00    0.00    0.00    0.00    0.00   -0.95    0.52    3.07   -4.74   -5.30   36.12
A-T     0.00    0.00    0.00    0.00    0.00    0.00   -0.08   -0.75    3.50   -3.60   -0.53   35.31
G-C     0.00    0.00    0.00    0.00    0.00    0.00   -0.32    0.77    3.62   -3.28   -5.68   39.68
G-C     0.00    0.00    0.00    0.00    0.00    0.00   -0.97    0.14    3.24   -6.65  -29.22   31.30
C-G     0.00    0.00    0.00    0.00    0.00    0.00    1.50    0.22    4.54    0.96  -21.43   38.87
A-T     0.00    0.00    0.00    0.00    0.00    0.00   -0.16    0.65    3.21   14.47    8.13   41.61
T-A     0.00    0.00    0.00    0.00    0.00    0.00    0.30   -0.63    3.37   -3.29   16.53   22.42
G-C     0.00    0.00    0.00    0.00    0.00    0.00    0.06    1.53    4.10    0.07    7.31   41.66
T-A     0.00    0.00    0.00    0.00    0.00    0.00   -0.75   -0.84    3.34   -1.89    8.39   26.04
T-A     0.00    0.00    0.00    0.00    0.00    0.00    0.25   -0.02    3.02    3.51    3.74   32.33
C-G     0.00    0.00    0.00    0.00    0.00    0.00    0.91    0.91    3.26    4.86    6.61   37.50
A-T     0.00    0.00    0.00    0.00    0.00    0.00   -0.70    1.50    3.60   -2.37   -5.26   43.93
G-C     0.00    0.00    0.00    0.00    0.00    0.00    0.64    0.83    3.54    4.46   -0.97   32.10
C-G     0.00    0.00    0.00    0.00    0.00    0.00   -0.44    0.91    3.31   -5.72   -5.41   41.99
T-A     0.00    0.00    0.00    0.00    0.00    0.00    0.12    0.89    3.26    4.16   -1.05   35.72
G-C     0.00    0.00    0.00    0.00    0.00    0.00    0.84    0.88    3.18   -0.54    4.62   34.24
A-T     0.00    0.00    0.00    0.00    0.00    0.00   -0.76    0.25    3.39   -6.30    6.46   35.15
A-T     0.00    0.00    0.00    0.00    0.00    0.00   -0.06   -0.24    3.16    2.31    4.30   33.37
T-A     0.00    0.00    0.00    0.00    0.00    0.00    0.12   -0.98    3.38   -1.41    9.36   28.55
T-A     0.00    0.00    0.00    0.00    0.00    0.00   -0.13   -0.22    3.25    3.75    7.52   34.64
C-G     0.00    0.00    0.00    0.00    0.00    0.00    0.11    0.35    3.23    2.35    5.57   30.03
A-T     0.00    0.00    0.00    0.00    0.00    0.00   -0.71    1.56    3.39   -1.84    0.69   41.43
G-C     0.00    0.00    0.00    0.00    0.00    0.00    0.91    0.79    3.37   -1.37   -4.19   36.79
C-G     0.00    0.00    0.00    0.00    0.00    0.00   -1.01    1.23    3.37   -2.41   -7.75   38.45
T-A     0.00    0.00    0.00    0.00    0.00    0.00    1.21    1.23    3.71    3.05   -4.08   42.51
G-C     0.00    0.00    0.00    0.00    0.00    0.00   -0.83    0.85    2.99   -3.22    6.07   34.14
A-T     0.00    0.00    0.00    0.00    0.00    0.00   -0.35    0.41    3.35   -1.17    3.99   33.81
A-T     0.00    0.00    0.00    0.00    0.00    0.00    0.35   -0.04    3.28    1.92   10.25   32.78
C-G     0.00    0.00    0.00    0.00    0.00    0.00    0.15   -0.62    3.33   -0.38    5.43   30.68
A-T     0.00    0.00    0.00    0.00    0.00    0.00   -0.38    0.80    3.68    1.02   10.57   35.96
T-A     0.00    0.00    0.00    0.00    0.00    0.00    0.27   -0.60    3.05    1.14    0.50   27.00
G-C     0.00    0.00    0.00    0.00    0.00    0.00    0.83    0.26    3.45   -0.99    9.29   36.03
C-G     0.00    0.00    0.00    0.00    0.00    0.00   -1.47    0.70    3.35   -1.46  -15.64   38.58
C-G     0.00    0.00    0.00    0.00    0.00    0.00    0.65    1.49    3.98    1.80   -7.47   45.20
T-A     0.00    0.00    0.00    0.00    0.00    0.00   -0.35    1.24    3.37    1.03   -8.37   41.16
T-A     0.00    0.00    0.00    0.00    0.00    0.00    0.35    0.34    2.97   -3.03    3.75   32.23
T-A     0.00    0.00    0.00    0.00    0.00    0.00    0.38    0.00    3.24    1.84    9.38   30.79
T-A     0.00    0.00    0.00    0.00    0.00    0.00   -0.22    0.07    3.50    0.97   14.39   32.66
G-C     0.00    0.00    0.00    0.00    0.00    0.00    0.00   -0.96    3.88    5.40   19.23   24.54
A-T     0.00    0.00    0.00    0.00    0.00    0.00    0.20    0.06    2.88   -8.45    8.15   31.77
T-A     0.00    0.00    0.00    0.00    0.00    0.00   -0.28   -1.02    3.25   -3.01    4.69   24.91
G-C     0.00    0.00    0.00    0.00    0.00    0.00   -0.35    0.93    3.21    1.11   -1.98   39.72
G-C     0.00    0.00    0.00    0.00    0.00    0.00    1.07    0.55    3.43    7.87    1.60   33.79
A-T     0.00    0.00    0.00    0.00    0.00    0.00   -1.16    1.04    3.20   -9.39   -3.99   42.16
G-C     0.00    0.00    0.00    0.00    0.00    0.00    1.09    0.34    3.17    0.14   -7.50   35.93
C-G     0.00    0.00    0.00    0.00    0.00    0.00   -0.46    0.42    3.44    0.53   -3.82   35.57
A-T     0.00    0.00    0.00    0.00    0.00    0.00    1.08    0.31    3.39    3.64    4.50   35.92
G-C     0.00    0.00    0.00    0.00    0.00    0.00   -1.40   -0.29    3.74   -4.69   10.34   37.21
T-A     0.00    0.00    0.00    0.00    0.00    0.00   -0.84   -0.21    3.17    0.52   12.43   30.54
T-A     0.00    0.00    0.00    0.00    0.00    0.00   -0.54   -0.40    3.18   -2.70    0.71   31.32
T-A     0.00    0.00    0.00    0.00    0.00    0.00    0.70   -0.03    3.27    0.67    9.00   34.64
C-G     0.00    0.00    0.00    0.00    0.00    0.00    1.36    1.20    2.85    9.98    0.18   36.73
C-G     0.00    0.00    0.00    0.00    0.00    0.00   -1.19    0.96    3.57  -10.05    6.69   29.73
A-T     0.00    0.00    0.00    0.00    0.00    0.00    0.30    2.10    3.24    7.35  -19.28   48.18
A-T     0.00    0.00    0.00    0.00    0.00    0.00    0.19   -0.10    3.19   -2.13    3.69   32.86
A-T     0.00    0.00    0.00    0.00    0.00    0.00   -0.58   -0.46    3.58    0.18    3.19   37.46
T-A     0.00    0.00    0.00    0.00    0.00    0.00   -0.45   -0.78    3.11   -0.20   -4.49   30.59
A-T     0.00    0.00    0.00    0.00    0.00    0.00    0.30   -0.12    3.24  -11.54    4.06   39.21
C-G     0.00    0.00    0.00    0.00    0.00    0.00    0.02   -0.88    3.01    3.52    2.95   22.09
A-T     0.00    0.00    0.00    0.00    0.00    0.00    0.15   -0.56    3.83    4.75   12.50   40.62
C-G     0.00    0.00    0.00    0.00    0.00    0.00    0.66   -0.27    3.42   -1.40    7.02   36.28
T-A     0.00    0.00    0.00    0.00    0.00    0.00   -0.35   -0.04    3.14    2.01    4.92   33.67
T-A     0.00    0.00    0.00    0.00    0.00    0.00   -0.04   -0.29    3.50   -6.25   -2.98   33.41
T-A     0.00    0.00    0.00    0.00    0.00    0.00   -0.74   -0.19    3.04    2.82    0.77   34.56
T-A     0.00    0.00    0.00    0.00    0.00    0.00   -0.35    0.51    3.54   -1.95   -6.91   41.11
G-C     0.00    0.00    0.00    0.00    0.00    0.00   -0.01    2.27    3.24    1.15   -2.98   40.10
G-C     0.00    0.00    0.00    0.00    0.00    0.00   -0.60    0.21    2.71  -12.93    2.04   26.67
T-A     0.00    0.00    0.00    0.00    0.00    0.00    0.70   -0.19    3.23    4.86    6.19   31.66
A-T     0.00    0.00    0.00    0.00    0.00    0.00   -0.71    0.04    3.58    2.98   15.51   34.31
G-C     0.00    0.00    0.00    0.00    0.00    0.00    0.24    0.00    3.33    0.20   10.82   30.18
A-T     0.00    0.00    0.00    0.00    0.00    0.00   -0.35   -0.62    3.09   -4.44   13.46   24.91
A-T     0.00    0.00    0.00    0.00    0.00    0.00    1.02   -0.57    3.01   -7.50    2.74   36.06
T-A     0.00    0.00    0.00    0.00    0.00    0.00   -0.57   -1.20    3.35   -0.61   -9.90   30.05
C-G     0.00    0.00    0.00    0.00    0.00    0.00    0.43   -0.35    3.50    4.31   -4.24   41.61
T-A     0.00    0.00    0.00    0.00    0.00    0.00   -0.86   -0.45    3.38   -5.69    5.53   31.28
G-C     0.00    0.00    0.00    0.00    0.00    0.00   -0.44    2.10    2.97    1.26  -16.65   45.64
C-G     0.00    0.00    0.00    0.00    0.00    0.00    0.35    0.76    3.07    4.69    5.25   31.56
A-T     0.00    0.00    0.00    0.00    0.00    0.00    0.32    2.58    3.43    1.78   -4.65   44.53
G-C     0.00    0.00    0.00    0.00    0.00    0.00    0.27    0.61    2.83   -6.52    9.30   27.92
G-C     0.00    0.00    0.00    0.00    0.00    0.00   -0.43   -0.24    3.63    0.22   16.51   33.01
T-A     0.00    0.00    0.00    0.00    0.00    0.00   -0.52   -0.45    3.28   -1.57    5.76   32.73
G-C     0.00    0.00    0.00    0.00    0.00    0.00    0.02   -0.26    3.45    1.10   10.30   32.93
G-C     0.00    0.00    0.00    0.00    0.00    0.00    0.64    0.46    3.19    0.03    5.37   29.47
A-T     0.00    0.00    0.00    0.00    0.00    0.00   -0.44   -0.24    3.14   -3.36    2.57   39.25
T-A     0.00    0.00    0.00    0.00    0.00    0.00   -0.21   -1.03    3.24   -1.39   -2.30   29.19
A-T     0.00    0.00    0.00    0.00    0.00    0.00   -0.26    0.05    3.79    1.85   -2.41   42.57
T-A     0.00    0.00    0.00    0.00    0.00    0.00   -0.45   -0.49    3.02   -4.93   -4.92   31.15
T-A     0.00    0.00    0.00    0.00    0.00    0.00    0.66   -0.12    3.28    3.26    2.91   35.12
G-C     0.00    0.00    0.00    0.00    0.00    0.00   -0.23   -0.07    3.42    4.29    3.41   37.63
A-T     0.00    0.00    0.00    0.00    0.00    0.00   -0.02    0.25    3.27   -2.30    6.07   30.34
T-A     0.00    0.00    0.00    0.00    0.00    0.00    0.81   -0.95    3.12   -1.27    0.24   35.60
