 146 base-pairs
   0  ***local base-pair & step parameters***
       Shear  Stretch  Stagger Buckle Prop-Tw Opening   Shift  Slide    Rise    Tilt    Roll   Twist
A-T     0.00    0.00    0.00    0.00    0.00    0.00    0.00    0.00    0.00    0.00    0.00    0.00
T-A     0.00    0.00    0.00    0.00    0.00    0.00   -1.11   -0.76    3.27   -3.43   -0.90   31.41
C-G     0.00    0.00    0.00    0.00    0.00    0.00    1.00   -0.07    2.86    4.81    2.25   36.84
A-T     0.00    0.00    0.00    0.00    0.00    0.00   -0.29    0.73    3.57   -3.95    4.16   35.17
A-T     0.00    0.00    0.00    0.00    0.00    0.00   -0.54    0.18    3.28   -3.44    1.06   38.44
T-A     0.00    0.00    0.00    0.00    0.00    0.00    0.54   -0.72    2.91    7.35   -2.39   33.28
A-T     0.00    0.00    0.00    0.00    0.00    0.00    0.01   -0.10    3.60   -5.21   -3.98   40.52
T-A     0.00    0.00    0.00    0.00    0.00    0.00   -0.19   -1.05    3.29    6.06   -1.59   33.83
C-G     0.00    0.00    0.00    0.00    0.00    0.00    1.06    0.13    3.37    1.33   -0.15   33.43
C-G     0.00    0.00    0.00    0.00    0.00    0.00   -0.25    0.00    3.06   -1.78    9.17   27.36
A-T     0.00    0.00    0.00    0.00    0.00    0.00   -1.16    0.55    3.48   -1.37    5.83   32.29
C-G     0.00    0.00    0.00    0.00    0.00    0.00    0.43   -0.99    3.39   -0.47    6.89   33.62
C-G     0.00    0.00    0.00    0.00    0.00    0.00    0.59   -0.12    3.34    1.57   12.59   30.86
T-A     0.00    0.00    0.00    0.00    0.00    0.00   -1.09    0.28    3.50   -6.83    6.62   32.04
G-C     0.00    0.00    0.00    0.00    0.00    0.00    0.49    1.15    3.32    4.74   -6.57   39.92
C-G     0.00    0.00    0.00    0.00    0.00    0.00   -0.27    0.12    3.52   -6.53    5.87   38.01
A-T     0.00    0.00    0.00    0.00    0.00    0.00    0.08    1.70    2.95    2.89  -22.03   41.49
G-C     0.00    0.00    0.00    0.00    0.00    0.00    0.49    0.07    3.51    2.79    1.14   36.27
A-T     0.00    0.00    0.00    0.00    0.00    0.00   -0.04   -0.89    3.32    1.43   -5.22   36.18
T-A     0.00    0.00    0.00    0.00    0.00    0.00    0.27    0.19    2.97    2.86   -4.87   36.80
T-A     0.00    0.00    0.00    0.00    0.00    0.00    0.05   -1.37    3.33    2.93    3.42   29.70
C-G     0.00    0.00    0.00    0.00    0.00    0.00   -0.39   -0.35    2.77    3.82    9.64   26.97
T-A     0.00    0.00    0.00    0.00    0.00    0.00   -0.27   -0.42    3.86    1.67   12.53   28.57
A-T     0.00    0.00    0.00    0.00    0.00    0.00    1.96    0.81    3.61    1.90   21.94   34.00
C-G     0.00    0.00    0.00    0.00    0.00    0.00   -1.21   -0.17    2.90  -12.71    2.87   30.87
C-G     0.00    0.00    0.00    0.00    0.00    0.00    0.55   -0.25    2.79   14.20    8.21   29.43
A-T     0.00    0.00    0.00    0.00    0.00    0.00   -0.05    2.66    3.17   -4.13  -14.39   42.01
A-T     0.00    0.00    0.00    0.00    0.00    0.00    0.57    0.42    3.53    3.59    2.57   39.06
A-T     0.00    0.00    0.00    0.00    0.00    0.00    0.51   -0.26    3.32   -1.57   -8.79   40.25
A-T     0.00    0.00    0.00    0.00    0.00    0.00   -0.12   -0.45    3.35   -1.74    4.27   31.68
G-C     0.00    0.00    0.00    0.00    0.00    0.00    0.21   -0.51    3.49    0.87   -0.47   36.92
T-A     0.00    0.00    0.00    0.00    0.00    0.00   -0.36   -0.75    2.94    3.74   -2.66   27.92
G-C     0.00    0.00    0.00    0.00    0.00    0.00    1.18    0.08    3.88    3.03   13.54   33.99
T-A     0.00    0.00    0.00    0.00    0.00    0.00   -1.42   -0.58    2.89   -2.22   16.95   23.90
A-T     0.00    0.00    0.00    0.00    0.00    0.00    0.26   -0.60    3.71   -5.07    0.87   42.58
T-A     0.00    0.00    0.00    0.00    0.00    0.00    0.38   -1.04    3.41    1.15    1.61   31.46
T-A     0.00    0.00    0.00    0.00    0.00    0.00    0.16   -0.31    3.11    3.59   -7.23   38.98
T-A     0.00    0.00    0.00    0.00    0.00    0.00   -0.06   -0.34    3.55   -6.57    4.93   31.68
G-C     0.00    0.00    0.00    0.00    0.00    0.00   -0.82    2.31    3.10    0.87  -22.06   47.60
G-C     0.00    0.00    0.00    0.00    0.00    0.00    1.00    0.99    3.48    6.51    5.41   29.45
A-T     0.00    0.00    0.00    0.00    0.00    0.00   -1.37    0.93    3.11  -11.38    1.67   36.67
A-T     0.00    0.00    0.00    0.00    0.00    0.00    0.42   -0.26    3.18   -1.17    4.42   34.00
A-T     0.00    0.00    0.00    0.00    0.00    0.00   -0.14   -0.12    3.54   -2.58   13.93   31.67
C-G     0.00    0.00    0.00    0.00    0.00    0.00    0.23   -0.42    3.00    4.20   -2.13   33.05
T-A     0.00    0.00    0.00    0.00    0.00    0.00    1.19   -0.14    3.31    1.98   13.15   33.32
G-C     0.00    0.00    0.00    0.00    0.00    0.00   -1.43    0.43    3.56   -6.07    9.96   37.01
C-G     0.00    0.00    0.00    0.00    0.00    0.00    0.54    1.02    3.59   -0.30  -12.56   46.62
T-A     0.00    0.00    0.00    0.00    0.00    0.00   -1.31   -0.13    2.86    0.30   -0.44   31.03
C-G     0.00    0.00    0.00    0.00    0.00    0.00    1.68    1.76    3.19    7.98  -10.28   42.96
C-G     0.00    0.00    0.00    0.00    0.00    0.00   -0.95    0.43    3.39   -5.31    5.25   36.15
A-T     0.00    0.00    0.00    0.00    0.00    0.00    0.40    1.00    3.43   -4.52   -4.24   41.26
T-A     0.00    0.00    0.00    0.00    0.00    0.00    0.67   -0.46    2.97    6.70    1.54   29.07
C-G     0.00    0.00    0.00    0.00    0.00    0.00    0.35   -0.13    3.44    3.42    9.99   33.19
A-T     0.00    0.00    0.00    0.00    0.00    0.00   -0.34    0.34    4.11    3.41   18.07   34.74
A-T     0.00    0.00    0.00    0.00    0.00    0.00    0.47    0.59    3.13   -3.92    7.27   42.75
A-T     0.00    0.00    0.00    0.00    0.00    0.00   -0.92    0.44    3.02   -4.43   -4.18   35.34
A-T     0.00    0.00    0.00    0.00    0.00    0.00   -0.12   -0.90    3.44   -4.63   -0.57   35.41
G-C     0.00    0.00    0.00    0.00    0.00    0.00   -0.29    0.99    3.67   -2.95   -7.07   40.46
G-C     0.00    0.00    0.00    0.00    0.00    0.00   -0.95    0.11    3.26   -6.00  -28.27   30.53
C-G     0.00    0.00    0.00    0.00    0.00    0.00    1.43    0.02    4.50    0.34  -20.45   38.67
A-T     0.00    0.00    0.00    0.00    0.00    0.00   -0.11    0.86    3.19   14.36    6.46   42.62
T-A     0.00    0.00    0.00    0.00    0.00    0.00    0.34   -0.59    3.39   -2.84   16.50   21.84
G-C     0.00    0.00    0.00    0.00    0.00    0.00   -0.04    1.29    4.13   -0.14    9.04   41.05
T-A     0.00    0.00    0.00    0.00    0.00    0.00   -0.73   -0.68    3.30   -1.94    7.41   27.10
T-A     0.00    0.00    0.00    0.00    0.00    0.00    0.35    0.11    2.98    3.63    2.66   32.16
C-G     0.00    0.00    0.00    0.00    0.00    0.00    0.80    0.64    3.32    4.61    8.13   36.57
A-T     0.00    0.00    0.00    0.00    0.00    0.00   -0.74    1.58    3.64   -2.10   -5.15   44.78
G-C     0.00    0.00    0.00    0.00    0.00    0.00    0.78    1.03    3.44    4.62   -2.32   32.37
C-G     0.00    0.00    0.00    0.00    0.00    0.00   -0.49    0.66    3.32   -6.36   -4.77   40.99
T-A     0.00    0.00    0.00    0.00    0.00    0.00    0.02    0.88    3.36    4.47   -0.36   36.21
G-C     0.00    0.00    0.00    0.00    0.00    0.00    0.96    1.12    3.11    0.10    3.82   34.78
A-T     0.00    0.00    0.00    0.00    0.00    0.00   -0.74    0.06    3.30   -7.16    6.43   34.29
A-T     0.00    0.00    0.00    0.00    0.00    0.00   -0.18   -0.33    3.27    2.13    4.70   33.57
T-A     0.00    0.00    0.00    0.00    0.00    0.00    0.17   -0.74    3.41   -0.30    9.18   29.17
T-A     0.00    0.00    0.00    0.00    0.00    0.00   -0.06   -0.33    3.12    3.23    7.64   33.94
C-G     0.00    0.00    0.00    0.00    0.00    0.00    0.02    0.20    3.26    1.48    5.42   30.08
A-T     0.00    0.00    0.00    0.00    0.00    0.00   -0.71    1.78    3.49   -0.78    0.41   42.07
G-C     0.00    0.00    0.00    0.00    0.00    0.00    0.97    0.74    3.29   -1.16   -3.47   36.14
C-G     0.00    0.00    0.00    0.00    0.00    0.00   -1.06    1.05    3.32   -3.56   -7.88   38.39
T-A     0.00    0.00    0.00    0.00    0.00    0.00    1.21    1.43    3.79    3.53   -5.10   43.26
G-C     0.00    0.00    0.00    0.00    0.00    0.00   -0.79    0.86    3.00   -2.46    6.97   33.51
A-T     0.00    0.00    0.00    0.00    0.00    0.00   -0.39    0.20    3.28   -2.01    4.68   33.54
A-T     0.00    0.00    0.00    0.00    0.00    0.00    0.37    0.13    3.29    1.78    8.70   33.72
C-G     0.00    0.00    0.00    0.00    0.00    0.00    0.19   -0.55    3.37    0.35    5.62   30.20
A-T     0.00    0.00    0.00    0.00    0.00    0.00   -0.46    0.56    3.67    0.71   12.17   35.33
T-A     0.00    0.00    0.00    0.00    0.00    0.00    0.29   -0.47    3.02    0.84   -0.68   28.01
G-C     0.00    0.00    0.00    0.00    0.00    0.00    0.91    0.40    3.44   -0.64    8.35   35.91
C-G     0.00    0.00    0.00    0.00    0.00    0.00   -1.56    0.45    3.40   -1.56  -13.92   37.63
C-G     0.00    0.00    0.00    0.00    0.00    0.00    0.62    1.55    3.98    1.77   -7.56   46.04
T-A     0.00    0.00    0.00    0.00    0.00    0.00   -0.22    1.45    3.30    1.18   -9.92   41.49
T-A     0.00    0.00    0.00    0.00    0.00    0.00    0.29    0.11    2.99   -3.39    4.70   31.16
T-A     0.00    0.00    0.00    0.00    0.00    0.00    0.29   -0.03    3.32    2.03   10.18   31.26
T-A     0.00    0.00    0.00    0.00    0.00    0.00   -0.10    0.33    3.42    1.40   13.18   33.32
G-C     0.00    0.00    0.00    0.00    0.00    0.00    0.02   -1.12    3.83    4.72   19.26   23.62
A-T     0.00    0.00    0.00    0.00    0.00    0.00    0.06   -0.06    2.99   -8.53    8.99   31.85
T-A     0.00    0.00    0.00    0.00    0.00    0.00   -0.22   -0.76    3.25   -2.08    4.25   25.68
G-C     0.00    0.00    0.00    0.00    0.00    0.00   -0.27    0.85    3.08    0.56   -2.20   39.04
G-C     0.00    0.00    0.00    0.00    0.00    0.00    0.96    0.36    3.49    7.15    1.85   33.65
A-T     0.00    0.00    0.00    0.00    0.00    0.00   -1.16    1.26    3.29   -8.31   -4.12   42.90
G-C     0.00    0.00    0.00    0.00    0.00    0.00    1.18    0.33    3.06    0.22   -7.25   35.41
C-G     0.00    0.00    0.00    0.00    0.00    0.00   -0.52    0.21    3.40   -0.64   -3.89   35.34
A-T     0.00    0.00    0.00    0.00    0.00    0.00    1.06    0.49    3.50    4.27    3.88   36.66
G-C     0.00    0.00    0.00    0.00    0.00    0.00   -1.34   -0.24    3.72   -3.93   11.03   36.76
T-A     0.00    0.00    0.00    0.00    0.00    0.00   -0.87   -0.43    3.09   -0.52   12.84   30.17
T-A     0.00    0.00    0.00    0.00    0.00    0.00   -0.55   -0.26    3.22   -2.78   -0.56   32.17
T-A     0.00    0.00    0.00    0.00    0.00    0.00    0.74    0.07    3.32    1.62    9.34   34.29
C-G     0.00    0.00    0.00    0.00    0.00    0.00    1.31    0.96    2.80    9.50    1.51   36.09
C-G     0.00    0.00    0.00    0.00    0.00    0.00   -1.19    1.05    3.55  -10.52    5.44   30.65
A-T     0.00    0.00    0.00    0.00    0.00    0.00    0.36    2.26    3.27    7.96  -19.98   48.12
A-T     0.00    0.00    0.00    0.00    0.00    0.00    0.12   -0.34    3.21   -2.16    5.46   31.91
A-T     0.00    0.00    0.00    0.00    0.00    0.00   -0.60   -0.43    3.56   -0.14    2.86   38.26
T-A     0.00    0.00    0.00    0.00    0.00    0.00   -0.34   -0.56    3.07    0.02   -6.06   30.96
A-T     0.00    0.00    0.00    0.00    0.00    0.00    0.25   -0.33    3.28  -11.63    5.29   38.12
C-G     0.00    0.00    0.00    0.00    0.00    0.00   -0.07   -0.93    3.05    3.51    3.72   22.52
A-T     0.00    0.00    0.00    0.00    0.00    0.00    0.28   -0.30    3.76    5.02   10.96   41.37
C-G     0.00    0.00    0.00    0.00    0.00    0.00    0.67   -0.42    3.40   -1.82    7.21   35.32
T-A     0.00    0.00    0.00    0.00    0.00    0.00   -0.48   -0.18    3.24    1.97    6.08   33.68
T-A     0.00    0.00    0.00    0.00    0.00    0.00    0.04   -0.03    3.47   -5.56   -3.74   34.31
T-A     0.00    0.00    0.00    0.00    0.00    0.00   -0.66   -0.25    2.93    2.32    0.33   33.88
T-A     0.00    0.00    0.00    0.00    0.00    0.00   -0.48    0.30    3.62   -2.49   -6.20   40.81
G-C     0.00    0.00    0.00    0.00    0.00    0.00    0.00    2.49    3.31    2.14   -3.09   40.94
G-C     0.00    0.00    0.00    0.00    0.00    0.00   -0.49    0.23    2.59  -12.97    1.82   26.25
T-A     0.00    0.00    0.00    0.00    0.00    0.00    0.62   -0.42    3.22    3.77    6.32   31.25
A-T     0.00    0.00    0.00    0.00    0.00    0.00   -0.76    0.20    3.70    3.71   15.28   35.06
G-C     0.00    0.00    0.00    0.00    0.00    0.00    0.32    0.09    3.28    0.87   11.16   29.90
A-T     0.00    0.00    0.00    0.00    0.00    0.00   -0.37   -0.85    3.00   -5.59   13.68   24.43
A-T     0.00    0.00    0.00    0.00    0.00    0.00    0.98   -0.47    3.10   -7.47    1.86   36.81
T-A     0.00    0.00    0.00    0.00    0.00    0.00   -0.52   -1.07    3.38    0.45   -9.53   29.86
C-G     0.00    0.00    0.00    0.00    0.00    0.00    0.41   -0.57    3.42    3.65   -3.26   40.96
T-A     0.00    0.00    0.00    0.00    0.00    0.00   -0.88   -0.40    3.38   -6.25    4.37   32.08
G-C     0.00    0.00    0.00    0.00    0.00    0.00   -0.39    2.28    3.02    2.12  -17.10   45.67
C-G     0.00    0.00    0.00    0.00    0.00    0.00    0.30    0.54    3.06    4.64    6.90   30.66
A-T     0.00    0.00    0.00    0.00    0.00    0.00    0.30    2.58    3.39    1.17   -5.19   45.24
G-C     0.00    0.00    0.00    0.00    0.00    0.00    0.35    0.83    2.83   -6.15    7.85   28.33
G-C     0.00    0.00    0.00    0.00    0.00    0.00   -0.48   -0.43    3.67    0.36   17.94   31.95
T-A     0.00    0.00    0.00    0.00    0.00    0.00   -0.59   -0.53    3.29   -1.84    6.37   33.12
G-C     0.00    0.00    0.00    0.00    0.00    0.00    0.13    0.00    3.39    1.27    8.55   33.72
G-C     0.00    0.00    0.00    0.00    0.00    0.00    0.64    0.33    3.19   -0.09    5.80   28.49
A-T     0.00    0.00    0.00    0.00    0.00    0.00   -0.56   -0.41    3.22   -3.43    3.91   39.19
T-A     0.00    0.00    0.00    0.00    0.00    0.00   -0.12   -0.77    3.20   -0.96   -3.42   30.19
A-T     0.00    0.00    0.00    0.00    0.00    0.00   -0.19    0.01    3.71    1.49   -2.91   41.89
T-A     0.00    0.00    0.00    0.00    0.00    0.00   -0.58   -0.72    3.11   -5.30   -3.78   30.72
T-A     0.00    0.00    0.00    0.00    0.00    0.00    0.67    0.10    3.32    4.07    2.69   36.06
G-C     0.00    0.00    0.00    0.00    0.00    0.00   -0.11   -0.01    3.30    4.17    2.78   37.30
A-T     0.00    0.00    0.00    0.00    0.00    0.00   -0.11    0.00    3.29   -3.21    6.51   29.75
T-A     0.00    0.00    0.00    0.00    0.00    0.00    0.76   -0.80    3.23   -0.51    0.29   36.38
