 146 base-pairs
   0  ***local base-pair & step parameters***
       Shear  Stretch  Stagger Buckle Prop-Tw Opening   Shift  Slide    Rise    Tilt    Roll   Twist
A-T     0.00    0.00    0.00    0.00    0.00    0.00    0.00    0.00    0.00    0.00    0.00    0.00
T-A     0.00    0.00    0.00    0.00    0.00    0.00   -1.17   -0.81    3.30   -3.70   -1.36   30.68
C-G     0.00    0.00    0.00    0.00    0.00    0.00    1.01   -0.08    2.96    5.39    3.03   37.33
A-T     0.00    0.00    0.00    0.00    0.00    0.00   -0.22    0.78    3.52   -3.86    4.36   35.80
A-T     0.00    0.00    0.00    0.00    0.00    0.00   -0.58    0.18    3.20   -4.04    0.24   37.79
T-A     0.00    0.00    0.00    0.00    0.00    0.00    0.49   -0.77    2.99    7.45   -2.33   32.81
A-T     0.00    0.00    0.00    0.00    0.00    0.00    0.06   -0.09    3.65   -4.65   -3.20   41.29
T-A     0.00    0.00    0.00    0.00    0.00    0.00   -0.14   -1.00    3.20    5.81   -1.90   34.12
C-G     0.00    0.00    0.00    0.00    0.00    0.00    1.00    0.10    3.34    0.87   -0.81   32.57
C-G     0.00    0.00    0.00    0.00    0.00    0.00   -0.28   -0.04    3.16   -1.39    9.67   27.27
A-T     0.00    0.00    0.00    0.00    0.00    0.00   -1.08    0.59    3.47   -1.04    6.31   33.18
C-G     0.00    0.00    0.00    0.00    0.00    0.00    0.44   -0.96    3.30   -0.95    6.24   33.48
C-G     0.00    0.00    0.00    0.00    0.00    0.00    0.51   -0.16    3.37    1.40   12.34   30.00
T-A     0.00    0.00    0.00    0.00    0.00    0.00   -1.08    0.27    3.58   -6.31    7.33   32.40
G-C     0.00    0.00    0.00    0.00    0.00    0.00    0.57    1.20    3.27    4.74   -6.55   40.70
C-G     0.00    0.00    0.00    0.00    0.00    0.00   -0.30    0.12    3.46   -7.03    5.18   37.45
A-T     0.00    0.00    0.00    0.00    0.00    0.00    0.00    1.65    3.02    3.05  -21.81   40.84
G-C     0.00    0.00    0.00    0.00    0.00    0.00    0.55    0.08    3.55    3.23    1.74   37.00
A-T     0.00    0.00    0.00    0.00    0.00    0.00    0.03   -0.84    3.24    1.15   -5.63   36.65
T-A     0.00    0.00    0.00    0.00    0.00    0.00    0.20    0.17    2.96    2.53   -5.31   35.95
T-A     0.00    0.00    0.00    0.00    0.00    0.00    0.01   -1.41    3.41    3.30    3.97   29.44
C-G     0.00    0.00    0.00    0.00    0.00    0.00   -0.30   -0.31    2.76    4.02    9.88   27.90
T-A     0.00    0.00    0.00    0.00    0.00    0.00   -0.25   -0.39    3.79    1.25   11.92   28.60
A-T     0.00    0.00    0.00    0.00    0.00    0.00    1.86    0.77    3.65    1.84   21.92   33.05
C-G     0.00    0.00    0.00    0.00    0.00    0.00   -1.20   -0.19    2.96  -12.29    3.47   31.08
C-G     0.00    0.00    0.00    0.00    0.00    0.00    0.64   -0.21    2.74   14.12    8.02   30.32
A-T     0.00    0.00    0.00    0.00    0.00    0.00   -0.08    2.66    3.14   -4.50  -14.92   41.58
A-T     0.00    0.00    0.00    0.00    0.00    0.00    0.48    0.37    3.59    3.80    2.94   38.27
A-T     0.00    0.00    0.00    0.00    0.00    0.00    0.57   -0.25    3.34   -1.29   -8.40   40.88
A-T     0.00    0.00    0.00    0.00    0.00    0.00   -0.05   -0.41    3.29   -2.03    3.78   32.30
G-C     0.00    0.00    0.00    0.00    0.00    0.00    0.13   -0.53    3.50    0.70   -0.67   36.12
T-A     0.00    0.00    0.00    0.00    0.00    0.00   -0.42   -0.79    3.00    4.08   -2.10   27.49
G-C     0.00    0.00    0.00    0.00    0.00    0.00    1.28    0.11    3.86    3.08   13.53   34.90
T-A     0.00    0.00    0.00    0.00    0.00    0.00   -1.40   -0.55    2.84   -2.57   16.39   24.10
A-T     0.00    0.00    0.00    0.00    0.00    0.00    0.16   -0.63    3.75   -4.99    1.08   41.62
T-A     0.00    0.00    0.00    0.00    0.00    0.00    0.38   -1.06    3.44    1.46    2.09   31.50
T-A     0.00    0.00    0.00    0.00    0.00    0.00    0.27   -0.27    3.06    3.42   -7.61   39.93
T-A     0.00    0.00    0.00    0.00    0.00    0.00   -0.09   -0.33    3.53   -6.80    4.59   31.40
G-C     0.00    0.00    0.00    0.00    0.00    0.00   -0.92    2.27    3.15    1.12  -21.56   46.72
G-C     0.00    0.00    0.00    0.00    0.00    0.00    1.06    1.00    3.47    6.64    5.57   29.96
A-T     0.00    0.00    0.00    0.00    0.00    0.00   -1.29    0.97    3.07  -11.68    1.10   37.42
A-T     0.00    0.00    0.00    0.00    0.00    0.00    0.34   -0.27    3.20   -1.18    4.47   33.31
A-T     0.00    0.00    0.00    0.00    0.00    0.00   -0.20   -0.15    3.58   -2.28   14.49   31.10
C-G     0.00    0.00    0.00    0.00    0.00    0.00    0.33   -0.40    2.97    4.10   -2.38   33.88
T-A     0.00    0.00    0.00    0.00    0.00    0.00    1.23   -0.11    3.29    1.72   12.67   33.67
G-C     0.00    0.00    0.00    0.00    0.00    0.00   -1.54    0.40    3.60   -5.87   10.39   36.10
C-G     0.00    0.00    0.00    0.00    0.00    0.00    0.54    1.00    3.60   -0.12  -12.23   46.50
T-A     0.00    0.00    0.00    0.00    0.00    0.00   -1.20   -0.10    2.82    0.03   -1.00   31.96
C-G     0.00    0.00    0.00    0.00    0.00    0.00    1.66    1.77    3.20    7.90  -10.42   42.85
C-G     0.00    0.00    0.00    0.00    0.00    0.00   -1.05    0.40    3.43   -5.01    5.88   35.25
A-T     0.00    0.00    0.00    0.00    0.00    0.00    0.46    1.00    3.41   -4.56   -4.32   41.60
T-A     0.00    0.00    0.00    0.00    0.00    0.00    0.75   -0.43    2.95    6.40    0.93   29.88
C-G     0.00    0.00    0.00    0.00    0.00    0.00    0.27   -0.14    3.48    3.56   10.28   32.65
A-T     0.00    0.00    0.00    0.00    0.00    0.00   -0.40    0.31    4.12    3.66   18.60   34.07
A-T     0.00    0.00    0.00    0.00    0.00    0.00    0.56    0.60    3.09   -4.16    6.78   43.45
A-T     0.00    0.00    0.00    0.00    0.00    0.00   -0.88    0.46    3.03   -4.59   -4.56   35.83
A-T     0.00    0.00    0.00    0.00    0.00    0.00   -0.23   -0.92    3.48   -4.31    0.06   34.60
G-C     0.00    0.00    0.00    0.00    0.00    0.00   -0.30    0.97    3.65   -2.91   -6.89   40.17
G-C     0.00    0.00    0.00    0.00    0.00    0.00   -0.85    0.13    3.23   -6.34  -28.98   31.40
C-G     0.00    0.00    0.00    0.00    0.00    0.00    1.42    0.03    4.54    0.42  -20.39   38.73
A-T     0.00    0.00    0.00    0.00    0.00    0.00   -0.21    0.84    3.21   14.69    7.18   41.75
T-A     0.00    0.00    0.00    0.00    0.00    0.00    0.39   -0.59    3.35   -3.04   16.20   22.00
G-C     0.00    0.00    0.00    0.00    0.00    0.00    0.04    1.31    4.12   -0.42    8.40   41.87
T-A     0.00    0.00    0.00    0.00    0.00    0.00   -0.79   -0.68    3.35   -1.63    7.93   26.75
T-A     0.00    0.00    0.00    0.00    0.00    0.00    0.29    0.09    2.96    3.82    3.15   31.43
C-G     0.00    0.00    0.00    0.00    0.00    0.00    0.89    0.65    3.27    4.23    7.43   37.10
A-T     0.00    0.00    0.00    0.00    0.00    0.00   -0.69    1.60    3.67   -2.16   -5.42   45.37
G-C     0.00    0.00    0.00    0.00    0.00    0.00    0.68    1.02    3.48    5.04   -1.52   31.71
C-G     0.00    0.00    0.00    0.00    0.00    0.00   -0.50    0.65    3.27   -6.44   -4.75   40.58
T-A     0.00    0.00    0.00    0.00    0.00    0.00    0.12    0.89    3.34    4.06   -1.20   36.96
G-C     0.00    0.00    0.00    0.00    0.00    0.00    0.95    1.13    3.17    0.33    4.07   35.01
A-T     0.00    0.00    0.00    0.00    0.00    0.00   -0.83    0.05    3.31   -6.80    7.21   33.50
A-T     0.00    0.00    0.00    0.00    0.00    0.00   -0.15   -0.34    3.21    1.78    4.20   33.53
T-A     0.00    0.00    0.00    0.00    0.00    0.00    0.25   -0.73    3.43   -0.55    8.54   29.95
T-A     0.00    0.00    0.00    0.00    0.00    0.00   -0.12   -0.33    3.18    3.68    8.36   33.79
C-G     0.00    0.00    0.00    0.00    0.00    0.00   -0.04    0.19    3.22    1.60    5.85   29.34
A-T     0.00    0.00    0.00    0.00    0.00    0.00   -0.64    1.78    3.43   -1.28   -0.47   42.39
G-C     0.00    0.00    0.00    0.00    0.00    0.00    1.02    0.75    3.35   -1.12   -3.63   36.79
C-G     0.00    0.00    0.00    0.00    0.00    0.00   -1.14    1.05    3.36   -3.06   -6.94   37.93
T-A     0.00    0.00    0.00    0.00    0.00    0.00    1.19    1.42    3.72    3.33   -5.24   42.74
G-C     0.00    0.00    0.00    0.00    0.00    0.00   -0.71    0.86    2.99   -2.92    6.05   34.09
A-T     0.00    0.00    0.00    0.00    0.00    0.00   -0.39    0.21    3.36   -1.66    5.11   33.92
A-T     0.00    0.00    0.00    0.00    0.00    0.00    0.29    0.13    3.28    2.14    9.50   33.07
C-G     0.00    0.00    0.00    0.00    0.00    0.00    0.21   -0.56    3.29   -0.13    4.94   29.97
A-T     0.00    0.00    0.00    0.00    0.00    0.00   -0.39    0.56    3.71    0.49   11.56   36.02
T-A     0.00    0.00    0.00    0.00    0.00    0.00    0.25   -0.46    3.09    1.41    0.20   28.07
G-C     0.00    0.00    0.00    0.00    0.00    0.00    0.86    0.40    3.38   -0.59    8.70   35.21
C-G     0.00    0.00    0.00    0.00    0.00    0.00   -1.51    0.44    3.35   -2.16  -14.92   37.72
C-G     0.00    0.00    0.00    0.00    0.00    0.00    0.66    1.55    4.07    1.91   -7.60   46.70
T-A     0.00    0.00    0.00    0.00    0.00    0.00   -0.28    1.46    3.34    1.75   -8.89   41.25
T-A     0.00    0.00    0.00    0.00    0.00    0.00    0.27    0.11    2.90   -3.70    4.42   30.57
T-A     0.00    0.00    0.00    0.00    0.00    0.00    0.34   -0.04    3.31    1.54    9.22   31.63
T-A     0.00    0.00    0.00    0.00    0.00    0.00   -0.09    0.34    3.52    1.88   13.75   33.82
G-C     0.00    0.00    0.00    0.00    0.00    0.00   -0.04   -1.11    3.80    5.08   20.05   23.14
A-T     0.00    0.00    0.00    0.00    0.00    0.00    0.07   -0.07    2.90   -9.11    8.17   31.46
T-A     0.00    0.00    0.00    0.00    0.00    0.00   -0.17   -0.77    3.30   -2.26    3.70   26.23
G-C     0.00    0.00    0.00    0.00    0.00    0.00   -0.30    0.86    3.16    1.21   -1.21   39.30
G-C     0.00    0.00    0.00    0.00    0.00    0.00    0.92    0.37    3.41    7.14    2.10   33.05
A-T     0.00    0.00    0.00    0.00    0.00    0.00   -1.13    1.24    3.24   -8.97   -5.20   42.77
G-C     0.00    0.00    0.00    0.00    0.00    0.00    1.21    0.32    3.16    0.44   -7.17   36.03
C-G     0.00    0.00    0.00    0.00    0.00    0.00   -0.56    0.23    3.44   -0.03   -2.82   35.34
A-T     0.00    0.00    0.00    0.00    0.00    0.00    1.04    0.49    3.39    3.86    3.48   36.04
G-C     0.00    0.00    0.00    0.00    0.00    0.00   -1.30   -0.26    3.72   -4.42   10.08   36.89
T-A     0.00    0.00    0.00    0.00    0.00    0.00   -0.86   -0.43    3.20    0.04   13.53   30.76
T-A     0.00    0.00    0.00    0.00    0.00    0.00   -0.58   -0.24    3.19   -2.45    0.18   31.91
T-A     0.00    0.00    0.00    0.00    0.00    0.00    0.74    0.06    3.22    0.95    8.42   33.76
C-G     0.00    0.00    0.00    0.00    0.00    0.00    1.35    0.94    2.87    9.37    1.04   36.46
C-G     0.00    0.00    0.00    0.00    0.00    0.00   -1.19    1.07    3.63   -9.81    6.50   31.10
A-T     0.00    0.00    0.00    0.00    0.00    0.00    0.34    2.28    3.18    7.88  -19.83   47.65
A-T     0.00    0.00    0.00    0.00    0.00    0.00    0.13   -0.36    3.15   -2.86    4.36   31.57
A-T     0.00    0.00    0.00    0.00    0.00    0.00   -0.58   -0.44    3.67    0.14    3.05   38.80
T-A     0.00    0.00    0.00    0.00    0.00    0.00   -0.35   -0.53    3.10    0.63   -5.02   31.20
A-T     0.00    0.00    0.00    0.00    0.00    0.00    0.23   -0.32    3.16  -12.10    4.79   37.52
C-G     0.00    0.00    0.00    0.00    0.00    0.00   -0.06   -0.96    3.06    3.04    2.83   22.42
A-T     0.00    0.00    0.00    0.00    0.00    0.00    0.29   -0.30    3.88    5.64   11.73   42.00
C-G     0.00    0.00    0.00    0.00    0.00    0.00    0.66   -0.39    3.36   -1.53    7.87   35.29
T-A     0.00    0.00    0.00    0.00    0.00    0.00   -0.50   -0.19    3.14    1.27    5.12   33.05
T-A     0.00    0.00    0.00    0.00    0.00    0.00    0.05   -0.06    3.55   -5.64   -4.10   34.48
T-A     0.00    0.00    0.00    0.00    0.00    0.00   -0.65   -0.23    3.01    3.05    1.40   34.48
T-A     0.00    0.00    0.00    0.00    0.00    0.00   -0.48    0.33    3.52   -2.62   -6.17   40.51
G-C     0.00    0.00    0.00    0.00    0.00    0.00   -0.02    2.46    3.25    1.45   -4.16   40.40
G-C     0.00    0.00    0.00    0.00    0.00    0.00   -0.48    0.21    2.71  -12.63    2.11   26.68
T-A     0.00    0.00    0.00    0.00    0.00    0.00    0.64   -0.39    3.24    4.36    7.29   31.70
A-T     0.00    0.00    0.00    0.00    0.00    0.00   -0.77    0.22    3.58    3.20   14.70   34.53
G-C     0.00    0.00    0.00    0.00    0.00    0.00    0.31    0.05    3.29    0.44   10.37   29.56
A-T     0.00    0.00    0.00    0.00    0.00    0.00   -0.36   -0.86    3.12   -4.96   14.49   25.05
A-T     0.00    0.00    0.00    0.00    0.00    0.00    1.00   -0.43    3.05   -7.23    2.40   37.02
T-A     0.00    0.00    0.00    0.00    0.00    0.00   -0.54   -1.08    3.28   -0.25  -10.50   29.18
C-G     0.00    0.00    0.00    0.00    0.00    0.00    0.40   -0.61    3.50    3.63   -3.49   40.91
T-A     0.00    0.00    0.00    0.00    0.00    0.00   -0.85   -0.38    3.46   -5.54    5.40   32.79
G-C     0.00    0.00    0.00    0.00    0.00    0.00   -0.38    2.32    2.92    1.93  -17.18   45.56
C-G     0.00    0.00    0.00    0.00    0.00    0.00    0.27    0.51    3.02    3.99    5.92   29.96
A-T     0.00    0.00    0.00    0.00    0.00    0.00    0.29    2.55    3.51    1.55   -4.81   45.52
G-C     0.00    0.00    0.00    0.00    0.00    0.00    0.39    0.87    2.85   -5.62    8.70   28.97
G-C     0.00    0.00    0.00    0.00    0.00    0.00   -0.48   -0.41    3.55   -0.17   17.31   31.51
T-A     0.00    0.00    0.00    0.00    0.00    0.00   -0.63   -0.57    3.31   -2.20    5.73   32.57
G-C     0.00    0.00    0.00    0.00    0.00    0.00    0.15   -0.01    3.50    1.89    9.37   34.29
G-C     0.00    0.00    0.00    0.00    0.00    0.00    0.68    0.38    3.14    0.08    6.18   28.92
A-T     0.00    0.00    0.00    0.00    0.00    0.00   -0.59   -0.41    3.13   -4.10    3.00   38.51
T-A     0.00    0.00    0.00    0.00    0.00    0.00   -0.16   -0.81    3.28   -0.93   -3.51   29.91
A-T     0.00    0.00    0.00    0.00    0.00    0.00   -0.15    0.03    3.78    2.14   -1.99   42.66
T-A     0.00    0.00    0.00    0.00    0.00    0.00   -0.56   -0.68    3.01   -5.52   -3.98   30.81
T-A     0.00    0.00    0.00    0.00    0.00    0.00    0.62    0.07    3.29    3.50    1.85   35.26
G-C     0.00    0.00    0.00    0.00    0.00    0.00   -0.13   -0.05    3.41    4.56    3.23   37.40
A-T     0.00    0.00    0.00    0.00    0.00    0.00   -0.05    0.04    3.30   -2.77    7.19   30.54
T-A     0.00    0.00    0.00    0.00    0.00    0.00    0.76   -0.78    3.13   -1.02   -0.36   36.08
