 146 base-pairs
   0  ***local base-pair & step parameters***
       Shear  Stretch  Stagger Buckle Prop-Tw Opening   Shift  Slide    Rise    Tilt    Roll   Twist
A-T     0.00    0.00    0.00    0.00    0.00    0.00    0.00    0.00    0.00    0.00    0.00    0.00
T-A     0.00    0.00    0.00    0.00    0.00    0.00   -1.10   -0.70    3.31   -3.23   -0.78   31.83
C-G     0.00    0.00    0.00    0.00    0.00    0.00    0.93   -0.15    2.87    5.01    2.88   35.74
A-T     0.00    0.00    0.00    0.00    0.00    0.00   -0.24    0.74    3.58   -4.00    3.97   35.77
A-T     0.00    0.00    0.00    0.00    0.00    0.00   -0.49    0.26    3.23   -3.65    0.57   39.06
T-A     0.00    0.00    0.00    0.00    0.00    0.00    0.47   -0.81    2.93    7.30   -2.25   32.10
A-T     0.00    0.00    0.00    0.00    0.00    0.00    0.00   -0.11    3.67   -4.78   -3.42   40.93
T-A     0.00    0.00    0.00    0.00    0.00    0.00   -0.11   -0.95    3.20    5.95   -1.83   34.62
C-G     0.00    0.00    0.00    0.00    0.00    0.00    1.03    0.05    3.32    0.76   -0.85   32.36
C-G     0.00    0.00    0.00    0.00    0.00    0.00   -0.30   -0.04    3.20   -1.29    9.74   27.57
A-T     0.00    0.00    0.00    0.00    0.00    0.00   -1.11    0.65    3.44   -0.97    6.45   33.06
C-G     0.00    0.00    0.00    0.00    0.00    0.00    0.44   -1.04    3.27   -1.27    5.90   32.74
C-G     0.00    0.00    0.00    0.00    0.00    0.00    0.56   -0.16    3.46    1.62   12.41   31.03
T-A     0.00    0.00    0.00    0.00    0.00    0.00   -1.09    0.36    3.55   -6.04    7.78   32.67
G-C     0.00    0.00    0.00    0.00    0.00    0.00    0.50    1.11    3.19    4.24   -6.97   39.10
C-G     0.00    0.00    0.00    0.00    0.00    0.00   -0.25    0.10    3.56   -6.97    4.95   38.28
A-T     0.00    0.00    0.00    0.00    0.00    0.00    0.06    1.76    3.03    3.54  -21.21   42.04
G-C     0.00    0.00    0.00    0.00    0.00    0.00    0.46    0.02    3.45    2.83    1.59   35.35
A-T     0.00    0.00    0.00    0.00    0.00    0.00    0.01   -0.90    3.30    0.96   -6.09   36.56
T-A     0.00    0.00    0.00    0.00    0.00    0.00    0.29    0.26    3.01    2.99   -4.92   37.45
T-A     0.00    0.00    0.00    0.00    0.00    0.00   -0.02   -1.44    3.34    3.16    4.09   28.62
C-G     0.00    0.00    0.00    0.00    0.00    0.00   -0.36   -0.36    2.78    3.79    9.55   27.30
T-A     0.00    0.00    0.00    0.00    0.00    0.00   -0.21   -0.33    3.82    1.47   12.02   29.43
A-T     0.00    0.00    0.00    0.00    0.00    0.00    1.89    0.74    3.61    1.79   21.98   32.88
C-G     0.00    0.00    0.00    0.00    0.00    0.00   -1.23   -0.20    2.98  -12.30    3.44   30.99
C-G     0.00    0.00    0.00    0.00    0.00    0.00    0.62   -0.15    2.72   14.21    8.12   30.41
A-T     0.00    0.00    0.00    0.00    0.00    0.00   -0.07    2.60    3.10   -4.74  -15.14   41.05
A-T     0.00    0.00    0.00    0.00    0.00    0.00    0.51    0.36    3.66    3.94    2.97   39.00
A-T     0.00    0.00    0.00    0.00    0.00    0.00    0.55   -0.16    3.32   -1.03   -8.02   41.16
A-T     0.00    0.00    0.00    0.00    0.00    0.00   -0.11   -0.49    3.21   -2.47    3.42   30.90
G-C     0.00    0.00    0.00    0.00    0.00    0.00    0.18   -0.57    3.59    0.73   -0.90   36.85
T-A     0.00    0.00    0.00    0.00    0.00    0.00   -0.37   -0.67    3.02    4.57   -1.52   28.69
G-C     0.00    0.00    0.00    0.00    0.00    0.00    1.19    0.06    3.75    2.70   13.39   33.26
T-A     0.00    0.00    0.00    0.00    0.00    0.00   -1.41   -0.62    2.90   -2.80   15.90   23.95
A-T     0.00    0.00    0.00    0.00    0.00    0.00    0.25   -0.53    3.81   -4.48    1.51   43.29
T-A     0.00    0.00    0.00    0.00    0.00    0.00    0.35   -1.08    3.35    1.33    2.25   30.60
T-A     0.00    0.00    0.00    0.00    0.00    0.00    0.20   -0.34    3.08    3.10   -8.04   39.12
T-A     0.00    0.00    0.00    0.00    0.00    0.00   -0.02   -0.26    3.58   -6.51    4.71   32.51
G-C     0.00    0.00    0.00    0.00    0.00    0.00   -0.89    2.25    3.11    1.13  -21.39   46.60
G-C     0.00    0.00    0.00    0.00    0.00    0.00    1.01    0.96    3.48    6.51    5.44   29.50
A-T     0.00    0.00    0.00    0.00    0.00    0.00   -1.29    1.02    3.08  -11.56    1.15   37.70
A-T     0.00    0.00    0.00    0.00    0.00    0.00    0.37   -0.31    3.17   -1.32    4.37   33.03
A-T     0.00    0.00    0.00    0.00    0.00    0.00   -0.18   -0.17    3.63   -2.22   14.49   31.49
C-G     0.00    0.00    0.00    0.00    0.00    0.00    0.31   -0.32    2.96    4.32   -2.08   34.16
T-A     0.00    0.00    0.00    0.00    0.00    0.00    1.19   -0.17    3.22    1.36   12.38   32.52
G-C     0.00    0.00    0.00    0.00    0.00    0.00   -1.49    0.35    3.68   -5.87   10.18   36.68
C-G     0.00    0.00    0.00    0.00    0.00    0.00    0.58    1.11    3.62    0.35  -11.68   47.62
T-A     0.00    0.00    0.00    0.00    0.00    0.00   -1.28   -0.14    2.71   -0.33   -1.13   30.41
C-G     0.00    0.00    0.00    0.00    0.00    0.00    1.65    1.69    3.26    7.65  -10.93   42.66
C-G     0.00    0.00    0.00    0.00    0.00    0.00   -0.95    0.50    3.50   -4.48    6.33   37.00
A-T     0.00    0.00    0.00    0.00    0.00    0.00    0.41    1.00    3.31   -4.67   -4.12   40.66
T-A     0.00    0.00    0.00    0.00    0.00    0.00    0.68   -0.51    2.95    6.02    0.42   28.90
C-G     0.00    0.00    0.00    0.00    0.00    0.00    0.35   -0.07    3.55    3.90   10.42   34.00
A-T     0.00    0.00    0.00    0.00    0.00    0.00   -0.38    0.32    4.07    3.72   18.87   34.01
A-T     0.00    0.00    0.00    0.00    0.00    0.00    0.49    0.55    3.08   -4.41    6.57   42.63
A-T     0.00    0.00    0.00    0.00    0.00    0.00   -0.87    0.51    3.06   -4.46   -4.56   36.30
A-T     0.00    0.00    0.00    0.00    0.00    0.00   -0.19   -0.94    3.45   -4.35    0.09   34.58
G-C     0.00    0.00    0.00    0.00    0.00    0.00   -0.30    0.93    3.68   -2.93   -6.92   40.21
G-C     0.00    0.00    0.00    0.00    0.00    0.00   -0.87    0.20    3.23   -6.16  -28.77   31.66
C-G     0.00    0.00    0.00    0.00    0.00    0.00    1.40   -0.01    4.48    0.16  -20.60   37.90
A-T     0.00    0.00    0.00    0.00    0.00    0.00   -0.17    0.78    3.28   14.66    6.98   42.16
T-A     0.00    0.00    0.00    0.00    0.00    0.00    0.42   -0.49    3.38   -2.61   16.68   23.00
G-C     0.00    0.00    0.00    0.00    0.00    0.00   -0.03    1.28    4.02   -0.73    8.29   40.48
T-A     0.00    0.00    0.00    0.00    0.00    0.00   -0.79   -0.77    3.40   -1.90    7.43   26.52
T-A     0.00    0.00    0.00    0.00    0.00    0.00    0.38    0.19    3.04    4.36    3.60   33.18
C-G     0.00    0.00    0.00    0.00    0.00    0.00    0.84    0.66    3.17    4.13    7.65   36.17
A-T     0.00    0.00    0.00    0.00    0.00    0.00   -0.76    1.50    3.67   -2.60   -5.98   44.26
G-C     0.00    0.00    0.00    0.00    0.00    0.00    0.77    1.09    3.57    5.41   -1.37   33.23
C-G     0.00    0.00    0.00    0.00    0.00    0.00   -0.48    0.68    3.21   -6.32   -4.39   40.58
T-A     0.00    0.00    0.00    0.00    0.00    0.00    0.03    0.82    3.32    3.72   -1.50   35.83
G-C     0.00    0.00    0.00    0.00    0.00    0.00    0.96    1.17    3.22    0.47    4.02   35.64
A-T     0.00    0.00    0.00    0.00    0.00    0.00   -0.78    0.06    3.28   -6.73    7.36   33.73
A-T     0.00    0.00    0.00    0.00    0.00    0.00   -0.17   -0.39    3.21    1.67    4.14   33.21
T-A     0.00    0.00    0.00    0.00    0.00    0.00    0.22   -0.67    3.44   -0.41    8.64   30.18
T-A     0.00    0.00    0.00    0.00    0.00    0.00   -0.12   -0.34    3.13    3.52    8.25   33.31
C-G     0.00    0.00    0.00    0.00    0.00    0.00   -0.01    0.13    3.27    1.54    5.69   29.56
A-T     0.00    0.00    0.00    0.00    0.00    0.00   -0.63    1.87    3.47   -0.92   -0.07   43.23
G-C     0.00    0.00    0.00    0.00    0.00    0.00    0.95    0.74    3.25   -1.37   -3.71   35.62
C-G     0.00    0.00    0.00    0.00    0.00    0.00   -1.13    0.96    3.40   -3.33   -7.40   37.67
T-A     0.00    0.00    0.00    0.00    0.00    0.00    1.27    1.52    3.80    3.84   -4.80   44.41
G-C     0.00    0.00    0.00    0.00    0.00    0.00   -0.76    0.88    2.89   -3.00    6.28   33.21
A-T     0.00    0.00    0.00    0.00    0.00    0.00   -0.46    0.10    3.35   -2.14    4.51   32.73
A-T     0.00    0.00    0.00    0.00    0.00    0.00    0.38    0.19    3.38    2.54    9.65   34.70
C-G     0.00    0.00    0.00    0.00    0.00    0.00    0.23   -0.51    3.23    0.04    5.37   30.03
A-T     0.00    0.00    0.00    0.00    0.00    0.00   -0.48    0.47    3.67    0.06   11.19   34.63
T-A     0.00    0.00    0.00    0.00    0.00    0.00    0.27   -0.43    3.16    1.55    0.10   28.84
G-C     0.00    0.00    0.00    0.00    0.00    0.00    0.92    0.43    3.36   -0.42    8.97   35.70
C-G     0.00    0.00    0.00    0.00    0.00    0.00   -1.55    0.38    3.33   -2.34  -15.01   37.06
C-G     0.00    0.00    0.00    0.00    0.00    0.00    0.63    1.59    4.09    1.99   -7.61   46.89
T-A     0.00    0.00    0.00    0.00    0.00    0.00   -0.26    1.46    3.30    1.71   -8.91   41.15
T-A     0.00    0.00    0.00    0.00    0.00    0.00    0.30    0.05    2.93   -3.79    4.31   30.59
T-A     0.00    0.00    0.00    0.00    0.00    0.00    0.34    0.03    3.34    1.83    9.51   32.27
T-A     0.00    0.00    0.00    0.00    0.00    0.00   -0.14    0.34    3.44    1.69   13.70   32.94
G-C     0.00    0.00    0.00    0.00    0.00    0.00   -0.02   -1.20    3.83    4.81   19.64   22.87
A-T     0.00    0.00    0.00    0.00    0.00    0.00    0.14    0.01    2.98   -8.64    8.55   32.97
T-A     0.00    0.00    0.00    0.00    0.00    0.00   -0.22   -0.74    3.20   -2.30    3.93   25.44
G-C     0.00    0.00    0.00    0.00    0.00    0.00   -0.35    0.75    3.15    0.72   -1.80   38.10
G-C     0.00    0.00    0.00    0.00    0.00    0.00    1.01    0.43    3.52    7.53    2.25   34.71
A-T     0.00    0.00    0.00    0.00    0.00    0.00   -1.11    1.30    3.18   -8.76   -4.73   42.89
G-C     0.00    0.00    0.00    0.00    0.00    0.00    1.12    0.22    3.11   -0.05   -7.59   34.44
C-G     0.00    0.00    0.00    0.00    0.00    0.00   -0.52    0.26    3.52    0.11   -2.96   36.20
A-T     0.00    0.00    0.00    0.00    0.00    0.00    1.11    0.55    3.38    4.13    3.86   36.75
G-C     0.00    0.00    0.00    0.00    0.00    0.00   -1.35   -0.33    3.68   -4.68    9.96   35.92
T-A     0.00    0.00    0.00    0.00    0.00    0.00   -0.89   -0.41    3.24    0.07   13.41   30.90
T-A     0.00    0.00    0.00    0.00    0.00    0.00   -0.54   -0.21    3.17   -2.37    0.26   32.18
T-A     0.00    0.00    0.00    0.00    0.00    0.00    0.76    0.00    3.22    0.85    8.35   33.57
C-G     0.00    0.00    0.00    0.00    0.00    0.00    1.33    0.99    2.90    9.56    1.21   36.87
C-G     0.00    0.00    0.00    0.00    0.00    0.00   -1.22    1.08    3.57   -9.92    6.48   30.54
A-T     0.00    0.00    0.00    0.00    0.00    0.00    0.35    2.19    3.20    7.64  -20.18   47.37
A-T     0.00    0.00    0.00    0.00    0.00    0.00    0.17   -0.29    3.23   -2.45    4.69   32.85
A-T     0.00    0.00    0.00    0.00    0.00    0.00   -0.63   -0.40    3.58    0.13    3.27   38.14
T-A     0.00    0.00    0.00    0.00    0.00    0.00   -0.40   -0.65    3.07    0.15   -5.58   30.03
A-T     0.00    0.00    0.00    0.00    0.00    0.00    0.31   -0.27    3.27  -11.72    4.92   39.12
C-G     0.00    0.00    0.00    0.00    0.00    0.00   -0.05   -0.89    3.01    3.28    3.33   22.59
A-T     0.00    0.00    0.00    0.00    0.00    0.00    0.19   -0.40    3.81    5.11   11.28   40.28
C-G     0.00    0.00    0.00    0.00    0.00    0.00    0.70   -0.38    3.45   -1.41    7.69   36.21
T-A     0.00    0.00    0.00    0.00    0.00    0.00   -0.43   -0.12    3.13    1.62    5.59   33.95
T-A     0.00    0.00    0.00    0.00    0.00    0.00   -0.02   -0.13    3.49   -5.95   -4.23   33.24
T-A     0.00    0.00    0.00    0.00    0.00    0.00   -0.68   -0.23    3.06    3.01    1.17   34.57
T-A     0.00    0.00    0.00    0.00    0.00    0.00   -0.42    0.38    3.52   -2.43   -5.99   41.15
G-C     0.00    0.00    0.00    0.00    0.00    0.00   -0.02    2.41    3.24    1.33   -4.18   40.02
G-C     0.00    0.00    0.00    0.00    0.00    0.00   -0.51    0.23    2.74  -12.54    2.15   26.83
T-A     0.00    0.00    0.00    0.00    0.00    0.00    0.63   -0.36    3.19    4.34    7.30   31.49
A-T     0.00    0.00    0.00    0.00    0.00    0.00   -0.75    0.14    3.58    3.00   14.44   34.26
G-C     0.00    0.00    0.00    0.00    0.00    0.00    0.34    0.10    3.36    0.76   10.63   30.55
A-T     0.00    0.00    0.00    0.00    0.00    0.00   -0.40   -0.81    3.05   -4.94   14.69   24.55
A-T     0.00    0.00    0.00    0.00    0.00    0.00    0.96   -0.53    3.02   -7.68    1.88   35.95
T-A     0.00    0.00    0.00    0.00    0.00    0.00   -0.46   -1.04    3.39    0.08  -10.38   30.66
C-G     0.00    0.00    0.00    0.00    0.00    0.00    0.40   -0.53    3.45    3.89   -2.98   41.12
T-A     0.00    0.00    0.00    0.00    0.00    0.00   -0.95   -0.48    3.39   -6.08    4.94   31.03
G-C     0.00    0.00    0.00    0.00    0.00    0.00   -0.33    2.31    3.02    2.04  -17.38   46.50
C-G     0.00    0.00    0.00    0.00    0.00    0.00    0.34    0.61    3.01    4.41    6.45   31.01
A-T     0.00    0.00    0.00    0.00    0.00    0.00    0.21    2.48    3.43    1.19   -4.95   44.07
G-C     0.00    0.00    0.00    0.00    0.00    0.00    0.36    0.85    2.90   -5.71    8.38   29.00
G-C     0.00    0.00    0.00    0.00    0.00    0.00   -0.41   -0.34    3.57    0.13   17.57   32.49
T-A     0.00    0.00    0.00    0.00    0.00    0.00   -0.64   -0.62    3.27   -2.34    5.76   32.01
G-C     0.00    0.00    0.00    0.00    0.00    0.00    0.10    0.00    3.53    1.87    9.28   34.19
G-C     0.00    0.00    0.00    0.00    0.00    0.00    0.69    0.42    3.12    0.15    6.22   29.06
A-T     0.00    0.00    0.00    0.00    0.00    0.00   -0.57   -0.48    3.12   -4.27    2.85   38.26
T-A     0.00    0.00    0.00    0.00    0.00    0.00   -0.15   -0.79    3.34   -0.72   -3.34   30.57
A-T     0.00    0.00    0.00    0.00    0.00    0.00   -0.19    0.08    3.72    2.19   -1.81   42.34
T-A     0.00    0.00    0.00    0.00    0.00    0.00   -0.57   -0.77    2.98   -5.92   -4.41   29.88
T-A     0.00    0.00    0.00    0.00    0.00    0.00    0.69    0.09    3.39    3.79    1.94   36.55
G-C     0.00    0.00    0.00    0.00    0.00    0.00   -0.13    0.04    3.36    4.84    3.72   37.65
A-T     0.00    0.00    0.00    0.00    0.00    0.00   -0.13   -0.06    3.22   -3.31    6.75   28.82
T-A     0.00    0.00    0.00    0.00    0.00    0.00    0.81   -0.79    3.23   -0.94   -0.58   36.99
