 146 base-pairs
   0  ***local base-pair & step parameters***
       Shear  Stretch  Stagger Buckle Prop-Tw Opening   Shift  Slide    Rise    Tilt    Roll   Twist
A-T     0.00    0.00    0.00    0.00    0.00    0.00    0.00    0.00    0.00    0.00    0.00    0.00
T-A     0.00    0.00    0.00    0.00    0.00    0.00   -1.21   -0.72    3.32   -3.90   -0.45   30.84
C-G     0.00    0.00    0.00    0.00    0.00    0.00    0.93   -0.18    2.87    4.55    2.49   37.02
A-T     0.00    0.00    0.00    0.00    0.00    0.00   -0.15    0.75    3.54   -3.19    3.78   35.62
A-T     0.00    0.00    0.00    0.00    0.00    0.00   -0.55    0.28    3.28   -3.64    1.02   38.04
T-A     0.00    0.00    0.00    0.00    0.00    0.00    0.42   -0.80    2.94    6.59   -2.20   33.08
A-T     0.00    0.00    0.00    0.00    0.00    0.00    0.07   -0.17    3.60   -4.50   -3.97   40.99
T-A     0.00    0.00    0.00    0.00    0.00    0.00   -0.10   -0.93    3.26    6.52   -1.61   33.77
C-G     0.00    0.00    0.00    0.00    0.00    0.00    0.96    0.13    3.36    0.27   -0.29   33.04
C-G     0.00    0.00    0.00    0.00    0.00    0.00   -0.28   -0.13    3.10   -1.69    9.13   27.63
A-T     0.00    0.00    0.00    0.00    0.00    0.00   -1.06    0.62    3.49   -0.24    6.17   32.49
C-G     0.00    0.00    0.00    0.00    0.00    0.00    0.40   -0.90    3.34   -1.18    6.79   33.27
C-G     0.00    0.00    0.00    0.00    0.00    0.00    0.51   -0.23    3.35    0.72   12.10   30.89
T-A     0.00    0.00    0.00    0.00    0.00    0.00   -1.03    0.26    3.57   -5.61    7.00   32.34
G-C     0.00    0.00    0.00    0.00    0.00    0.00    0.52    1.28    3.29    5.01   -6.08   39.70
C-G     0.00    0.00    0.00    0.00    0.00    0.00   -0.34    0.08    3.46   -7.96    5.15   37.88
A-T     0.00    0.00    0.00    0.00    0.00    0.00    0.09    1.59    3.01    3.33  -22.29   41.79
G-C     0.00    0.00    0.00    0.00    0.00    0.00    0.54    0.17    3.56    4.05    2.13   36.18
A-T     0.00    0.00    0.00    0.00    0.00    0.00   -0.08   -0.83    3.23    0.34   -5.38   35.94
T-A     0.00    0.00    0.00    0.00    0.00    0.00    0.26    0.07    2.95    2.11   -5.94   37.06
T-A     0.00    0.00    0.00    0.00    0.00    0.00    0.10   -1.35    3.44    4.40    4.11   29.76
C-G     0.00    0.00    0.00    0.00    0.00    0.00   -0.41   -0.24    2.74    3.85   10.52   26.64
T-A     0.00    0.00    0.00    0.00    0.00    0.00   -0.30   -0.49    3.76    0.18   11.37   28.74
A-T     0.00    0.00    0.00    0.00    0.00    0.00    2.01    0.74    3.69    2.60   21.52   34.24
C-G     0.00    0.00    0.00    0.00    0.00    0.00   -1.22   -0.06    2.98  -11.59    4.31   30.52
C-G     0.00    0.00    0.00    0.00    0.00    0.00    0.50   -0.24    2.67   12.97    8.00   29.37
A-T     0.00    0.00    0.00    0.00    0.00    0.00    0.00    2.55    3.14   -4.62  -15.81   42.44
A-T     0.00    0.00    0.00    0.00    0.00    0.00    0.59    0.47    3.66    5.01    3.44   38.86
A-T     0.00    0.00    0.00    0.00    0.00    0.00    0.44   -0.19    3.30   -1.80   -7.71   39.89
A-T     0.00    0.00    0.00    0.00    0.00    0.00   -0.10   -0.54    3.23   -2.97    2.90   32.10
G-C     0.00    0.00    0.00    0.00    0.00    0.00    0.29   -0.53    3.57    1.69   -0.95   37.06
T-A     0.00    0.00    0.00    0.00    0.00    0.00   -0.43   -0.66    3.03    4.49   -1.06   27.39
G-C     0.00    0.00    0.00    0.00    0.00    0.00    1.14    0.04    3.77    1.92   13.30   34.14
T-A     0.00    0.00    0.00    0.00    0.00    0.00   -1.32   -0.65    2.85   -2.35   15.47   24.39
A-T     0.00    0.00    0.00    0.00    0.00    0.00    0.25   -0.52    3.84   -4.00    1.76   42.16
T-A     0.00    0.00    0.00    0.00    0.00    0.00    0.27   -1.03    3.39    0.73    2.66   31.16
T-A     0.00    0.00    0.00    0.00    0.00    0.00    0.23   -0.39    2.99    2.87   -8.55   39.58
T-A     0.00    0.00    0.00    0.00    0.00    0.00    0.02   -0.30    3.61   -5.82    4.50   31.67
G-C     0.00    0.00    0.00    0.00    0.00    0.00   -0.94    2.36    3.19    1.10  -20.63   46.99
G-C     0.00    0.00    0.00    0.00    0.00    0.00    0.98    0.92    3.39    5.76    5.20   29.77
A-T     0.00    0.00    0.00    0.00    0.00    0.00   -1.24    0.92    3.07  -11.14    0.43   37.13
A-T     0.00    0.00    0.00    0.00    0.00    0.00    0.38   -0.17    3.28   -0.68    5.14   33.45
A-T     0.00    0.00    0.00    0.00    0.00    0.00   -0.26   -0.16    3.55   -3.08   14.76   31.50
C-G     0.00    0.00    0.00    0.00    0.00    0.00    0.33   -0.48    2.91    4.13   -3.11   33.69
T-A     0.00    0.00    0.00    0.00    0.00    0.00    1.26   -0.05    3.34    2.48   12.83   33.16
G-C     0.00    0.00    0.00    0.00    0.00    0.00   -1.57    0.44    3.62   -6.39   10.94   36.46
C-G     0.00    0.00    0.00    0.00    0.00    0.00    0.54    0.92    3.54   -0.52  -12.69   47.04
T-A     0.00    0.00    0.00    0.00    0.00    0.00   -1.17   -0.08    2.82    0.83   -1.20   31.34
C-G     0.00    0.00    0.00    0.00    0.00    0.00    1.61    1.84    3.24    7.78   -9.89   42.39
C-G     0.00    0.00    0.00    0.00    0.00    0.00   -1.05    0.34    3.41   -5.78    5.69   36.14
A-T     0.00    0.00    0.00    0.00    0.00    0.00    0.52    0.98    3.39   -3.93   -4.68   41.81
T-A     0.00    0.00    0.00    0.00    0.00    0.00    0.71   -0.34    2.97    6.82    1.39   28.81
C-G     0.00    0.00    0.00    0.00    0.00    0.00    0.22   -0.17    3.47    2.62   10.31   32.81
A-T     0.00    0.00    0.00    0.00    0.00    0.00   -0.31    0.24    4.11    3.79   18.08   35.18
A-T     0.00    0.00    0.00    0.00    0.00    0.00    0.58    0.68    3.10   -3.23    7.14   42.86
A-T     0.00    0.00    0.00    0.00    0.00    0.00   -1.00    0.48    3.02   -5.28   -4.22   34.88
A-T     0.00    0.00    0.00    0.00    0.00    0.00   -0.19   -1.02    3.47   -4.92   -0.58   35.55
G-C     0.00    0.00    0.00    0.00    0.00    0.00   -0.18    1.01    3.68   -1.83   -6.86   40.79
G-C     0.00    0.00    0.00    0.00    0.00    0.00   -0.95    0.22    3.22   -6.30  -28.26   30.21
C-G     0.00    0.00    0.00    0.00    0.00    0.00    1.34   -0.07    4.50   -0.73  -20.85   38.55
A-T     0.00    0.00    0.00    0.00    0.00    0.00   -0.07    0.79    3.25   15.26    6.63   42.98
T-A     0.00    0.00    0.00    0.00    0.00    0.00    0.41   -0.47    3.38   -2.15   17.01   21.74
G-C     0.00    0.00    0.00    0.00    0.00    0.00   -0.12    1.29    4.06   -1.46    8.55   40.80
T-A     0.00    0.00    0.00    0.00    0.00    0.00   -0.74   -0.80    3.34   -1.98    6.97   27.36
T-A     0.00    0.00    0.00    0.00    0.00    0.00    0.42    0.17    3.04    5.05    3.48   32.21
C-G     0.00    0.00    0.00    0.00    0.00    0.00    0.78    0.73    3.25    3.94    8.27   36.28
A-T     0.00    0.00    0.00    0.00    0.00    0.00   -0.78    1.47    3.60   -3.22   -6.19   44.93
G-C     0.00    0.00    0.00    0.00    0.00    0.00    0.83    0.99    3.54    5.87   -2.00   32.55
C-G     0.00    0.00    0.00    0.00    0.00    0.00   -0.49    0.79    3.32   -5.84   -3.73   40.70
T-A     0.00    0.00    0.00    0.00    0.00    0.00   -0.03    0.84    3.25    2.95   -1.22   36.23
G-C     0.00    0.00    0.00    0.00    0.00    0.00    1.00    1.02    3.16    0.33    3.07   35.10
A-T     0.00    0.00    0.00    0.00    0.00    0.00   -0.72    0.15    3.40   -5.75    7.72   34.06
A-T     0.00    0.00    0.00    0.00    0.00    0.00   -0.23   -0.28    3.18    1.22    4.93   33.37
T-A     0.00    0.00    0.00    0.00    0.00    0.00    0.20   -0.85    3.35   -1.23    7.70   29.56
T-A     0.00    0.00    0.00    0.00    0.00    0.00   -0.02   -0.32    3.24    4.57    8.08   33.91
C-G     0.00    0.00    0.00    0.00    0.00    0.00   -0.04    0.30    3.28    1.73    6.76   29.66
A-T     0.00    0.00    0.00    0.00    0.00    0.00   -0.72    1.71    3.36   -2.18   -0.66   42.35
G-C     0.00    0.00    0.00    0.00    0.00    0.00    1.05    0.69    3.33   -0.71   -4.37   36.43
C-G     0.00    0.00    0.00    0.00    0.00    0.00   -1.10    1.15    3.44   -2.47   -6.39   37.92
T-A     0.00    0.00    0.00    0.00    0.00    0.00    1.15    1.43    3.70    2.58   -4.86   43.21
G-C     0.00    0.00    0.00    0.00    0.00    0.00   -0.71    0.78    2.93   -3.01    5.37   34.05
A-T     0.00    0.00    0.00    0.00    0.00    0.00   -0.37    0.26    3.40   -0.88    5.15   33.29
A-T     0.00    0.00    0.00    0.00    0.00    0.00    0.26    0.18    3.31    1.71   10.07   33.28
C-G     0.00    0.00    0.00    0.00    0.00    0.00    0.22   -0.64    3.24   -0.63    4.56   30.69
A-T     0.00    0.00    0.00    0.00    0.00    0.00   -0.35    0.56    3.70    1.27   11.31   35.54
T-A     0.00    0.00    0.00    0.00    0.00    0.00    0.20   -0.39    3.13    1.41    0.71   27.39
G-C     0.00    0.00    0.00    0.00    0.00    0.00    0.85    0.34    3.37   -1.43    8.56   36.02
C-G     0.00    0.00    0.00    0.00    0.00    0.00   -1.44    0.40    3.33   -1.62  -15.32   38.20
C-G     0.00    0.00    0.00    0.00    0.00    0.00    0.62    1.63    4.08    2.47   -7.16   45.63
T-A     0.00    0.00    0.00    0.00    0.00    0.00   -0.36    1.44    3.33    0.82   -8.80   41.12
T-A     0.00    0.00    0.00    0.00    0.00    0.00    0.36    0.03    2.90   -3.75    3.86   31.76
T-A     0.00    0.00    0.00    0.00    0.00    0.00    0.39    0.03    3.33    2.57    9.52   31.32
T-A     0.00    0.00    0.00    0.00    0.00    0.00   -0.22    0.38    3.51    1.33   14.19   32.70
G-C     0.00    0.00    0.00    0.00    0.00    0.00   -0.02   -1.22    3.79    4.29   19.41   23.87
A-T     0.00    0.00    0.00    0.00    0.00    0.00    0.21   -0.05    2.93   -8.10    8.06   32.34
T-A     0.00    0.00    0.00    0.00    0.00    0.00   -0.24   -0.66    3.30   -1.99    4.49   25.19
G-C     0.00    0.00    0.00    0.00    0.00    0.00   -0.40    0.78    3.11    0.02   -1.55   38.82
G-C     0.00    0.00    0.00    0.00    0.00    0.00    1.05    0.30    3.44    7.49    1.42   34.23
A-T     0.00    0.00    0.00    0.00    0.00    0.00   -1.08    1.36    3.28   -7.93   -4.45   42.82
G-C     0.00    0.00    0.00    0.00    0.00    0.00    1.06    0.33    3.10   -0.46   -6.83   34.91
C-G     0.00    0.00    0.00    0.00    0.00    0.00   -0.54    0.10    3.41   -0.60   -3.80   35.68
A-T     0.00    0.00    0.00    0.00    0.00    0.00    1.19    0.55    3.47    5.06    3.63   36.95
G-C     0.00    0.00    0.00    0.00    0.00    0.00   -1.38   -0.16    3.72   -4.47   11.03   36.29
T-A     0.00    0.00    0.00    0.00    0.00    0.00   -0.97   -0.54    3.12   -1.10   12.91   30.15
T-A     0.00    0.00    0.00    0.00    0.00    0.00   -0.46   -0.28    3.23   -1.81   -0.47   32.60
T-A     0.00    0.00    0.00    0.00    0.00    0.00    0.79    0.20    3.29    1.73    9.37   34.07
C-G     0.00    0.00    0.00    0.00    0.00    0.00    1.21    0.92    2.79    8.35    1.24   35.82
C-G     0.00    0.00    0.00    0.00    0.00    0.00   -1.18    0.95    3.60  -10.01    5.48   31.00
A-T     0.00    0.00    0.00    0.00    0.00    0.00    0.45    2.36    3.27    8.94  -19.53   48.16
A-T     0.00    0.00    0.00    0.00    0.00    0.00    0.06   -0.29    3.15   -3.24    5.20   31.58
A-T     0.00    0.00    0.00    0.00    0.00    0.00   -0.65   -0.56    3.58   -0.64    2.35   38.42
T-A     0.00    0.00    0.00    0.00    0.00    0.00   -0.27   -0.54    3.14    1.42   -5.46   31.16
A-T     0.00    0.00    0.00    0.00    0.00    0.00    0.25   -0.21    3.23  -11.83    5.65   37.83
C-G     0.00    0.00    0.00    0.00    0.00    0.00   -0.13   -1.01    3.00    2.15    2.80   22.54
A-T     0.00    0.00    0.00    0.00    0.00    0.00    0.31   -0.37    3.84    5.91   10.96   41.64
C-G     0.00    0.00    0.00    0.00    0.00    0.00    0.70   -0.31    3.43   -0.87    8.28   35.10
T-A     0.00    0.00    0.00    0.00    0.00    0.00   -0.54   -0.18    3.14    0.59    5.58   33.55
T-A     0.00    0.00    0.00    0.00    0.00    0.00    0.05   -0.15    3.49   -5.83   -4.71   34.63
T-A     0.00    0.00    0.00    0.00    0.00    0.00   -0.62   -0.20    3.04    3.84    1.35   33.79
T-A     0.00    0.00    0.00    0.00    0.00    0.00   -0.52    0.38    3.56   -2.96   -5.60   40.52
G-C     0.00    0.00    0.00    0.00    0.00    0.00   -0.01    2.39    3.22    0.86   -4.47   41.24
G-C     0.00    0.00    0.00    0.00    0.00    0.00   -0.43    0.20    2.70  -11.88    1.81   26.38
T-A     0.00    0.00    0.00    0.00    0.00    0.00    0.59   -0.32    3.27    4.49    7.79   30.83
A-T     0.00    0.00    0.00    0.00    0.00    0.00   -0.79    0.17    3.57    2.31   14.62   35.18
G-C     0.00    0.00    0.00    0.00    0.00    0.00    0.39    0.01    3.28    0.87    9.93   30.29
A-T     0.00    0.00    0.00    0.00    0.00    0.00   -0.38   -0.77    3.13   -4.26   14.91   24.07
A-T     0.00    0.00    0.00    0.00    0.00    0.00    0.90   -0.43    3.04   -8.11    2.56   36.59
T-A     0.00    0.00    0.00    0.00    0.00    0.00   -0.47   -1.17    3.28   -0.48  -11.10   30.38
C-G     0.00    0.00    0.00    0.00    0.00    0.00    0.47   -0.55    3.53    4.71   -3.26   40.91
T-A     0.00    0.00    0.00    0.00    0.00    0.00   -0.97   -0.32    3.44   -5.91    5.94   31.55
G-C     0.00    0.00    0.00    0.00    0.00    0.00   -0.40    2.21    2.90    0.99  -17.79   46.01
C-G     0.00    0.00    0.00    0.00    0.00    0.00    0.41    0.51    3.06    4.90    5.67   31.03
A-T     0.00    0.00    0.00    0.00    0.00    0.00    0.25    2.67    3.51    2.04   -3.98   44.69
G-C     0.00    0.00    0.00    0.00    0.00    0.00    0.26    0.81    2.79   -6.82    8.50   28.23
G-C     0.00    0.00    0.00    0.00    0.00    0.00   -0.37   -0.50    3.57   -0.04   16.50   32.57
T-A     0.00    0.00    0.00    0.00    0.00    0.00   -0.54   -0.46    3.37   -1.05    6.37   32.90
G-C     0.00    0.00    0.00    0.00    0.00    0.00    0.00    0.03    3.45    1.17    9.89   33.20
G-C     0.00    0.00    0.00    0.00    0.00    0.00    0.66    0.24    3.09   -0.69    5.22   28.98
A-T     0.00    0.00    0.00    0.00    0.00    0.00   -0.44   -0.38    3.21   -2.99    2.93   39.47
T-A     0.00    0.00    0.00    0.00    0.00    0.00   -0.21   -0.70    3.30   -0.75   -2.49   29.56
A-T     0.00    0.00    0.00    0.00    0.00    0.00   -0.28   -0.07    3.69    0.96   -2.43   41.94
T-A     0.00    0.00    0.00    0.00    0.00    0.00   -0.45   -0.75    3.03   -5.09   -4.79   31.31
T-A     0.00    0.00    0.00    0.00    0.00    0.00    0.70    0.20    3.37    4.41    2.68   35.72
G-C     0.00    0.00    0.00    0.00    0.00    0.00   -0.26   -0.04    3.35    3.68    3.63   36.90
A-T     0.00    0.00    0.00    0.00    0.00    0.00   -0.06   -0.09    3.24   -3.16    6.19   30.28
T-A     0.00    0.00    0.00    0.00    0.00    0.00    0.87   -0.72    3.21    0.01   -0.25   36.49
