 146 base-pairs
   0  ***local base-pair & step parameters***
       Shear  Stretch  Stagger Buckle Prop-Tw Opening   Shift  Slide    Rise    Tilt    Roll   Twist
A-T     0.00    0.00    0.00    0.00    0.00    0.00    0.00    0.00    0.00    0.00    0.00    0.00
T-A     0.00    0.00    0.00    0.00    0.00    0.00   -0.94   -0.82    3.29   -2.21   -1.43   31.02
C-G     0.00    0.00    0.00    0.00    0.00    0.00    0.81    0.03    2.95    3.83    3.19   37.44
A-T     0.00    0.00    0.00    0.00    0.00    0.00   -0.21    0.62    3.49   -3.07    4.25   34.54
A-T     0.00    0.00    0.00    0.00    0.00    0.00   -0.43    0.26    3.24   -3.90   -0.10   38.98
T-A     0.00    0.00    0.00    0.00    0.00    0.00    0.32   -0.74    3.01    6.61   -1.69   33.15
A-T     0.00    0.00    0.00    0.00    0.00    0.00    0.18   -0.18    3.58   -3.31   -3.49   39.98
T-A     0.00    0.00    0.00    0.00    0.00    0.00   -0.23   -0.90    3.24    4.42   -2.20   34.80
C-G     0.00    0.00    0.00    0.00    0.00    0.00    1.02    0.01    3.37    1.46   -0.38   32.71
C-G     0.00    0.00    0.00    0.00    0.00    0.00   -0.15    0.02    3.12   -0.66    9.50   27.40
A-T     0.00    0.00    0.00    0.00    0.00    0.00   -1.33    0.62    3.47   -2.63    6.41   32.78
C-G     0.00    0.00    0.00    0.00    0.00    0.00    0.60   -1.10    3.30    0.46    6.02   32.98
C-G     0.00    0.00    0.00    0.00    0.00    0.00    0.55   -0.02    3.42    0.83   12.36   31.47
T-A     0.00    0.00    0.00    0.00    0.00    0.00   -1.23    0.21    3.56   -6.58    7.82   31.58
G-C     0.00    0.00    0.00    0.00    0.00    0.00    0.71    1.15    3.22    5.69   -7.16   39.93
C-G     0.00    0.00    0.00    0.00    0.00    0.00   -0.41    0.22    3.53   -8.47    5.28   38.64
A-T     0.00    0.00    0.00    0.00    0.00    0.00    0.09    1.55    3.01    4.36  -21.43   40.52
G-C     0.00    0.00    0.00    0.00    0.00    0.00    0.56    0.18    3.51    2.93    1.40   36.90
A-T     0.00    0.00    0.00    0.00    0.00    0.00   -0.16   -0.89    3.26    0.13   -5.52   36.26
T-A     0.00    0.00    0.00    0.00    0.00    0.00    0.44    0.11    2.97    4.15   -5.49   36.23
T-A     0.00    0.00    0.00    0.00    0.00    0.00   -0.10   -1.26    3.43    2.08    4.22   30.36
C-G     0.00    0.00    0.00    0.00    0.00    0.00   -0.38   -0.45    2.71    4.42   10.01   26.40
T-A     0.00    0.00    0.00    0.00    0.00    0.00   -0.10   -0.36    3.80    1.63   11.32   28.94
A-T     0.00    0.00    0.00    0.00    0.00    0.00    1.73    0.83    3.71    0.76   22.42   34.10
C-G     0.00    0.00    0.00    0.00    0.00    0.00   -1.08   -0.28    2.90  -10.76    3.55   30.15
C-G     0.00    0.00    0.00    0.00    0.00    0.00    0.55   -0.10    2.73   12.95    7.63   30.39
A-T     0.00    0.00    0.00    0.00    0.00    0.00   -0.13    2.57    3.17   -4.54  -14.68   41.49
A-T     0.00    0.00    0.00    0.00    0.00    0.00    0.70    0.40    3.59    5.04    2.82   38.85
A-T     0.00    0.00    0.00    0.00    0.00    0.00    0.35   -0.16    3.33   -2.85   -8.14   40.90
A-T     0.00    0.00    0.00    0.00    0.00    0.00    0.01   -0.57    3.25   -0.99    3.57   31.01
G-C     0.00    0.00    0.00    0.00    0.00    0.00    0.24   -0.42    3.55    0.44   -0.97   37.43
T-A     0.00    0.00    0.00    0.00    0.00    0.00   -0.55   -0.79    3.02    3.57   -1.44   27.66
G-C     0.00    0.00    0.00    0.00    0.00    0.00    1.41    0.04    3.79    4.33   13.18   33.77
T-A     0.00    0.00    0.00    0.00    0.00    0.00   -1.53   -0.46    2.88   -4.13   16.19   24.69
A-T     0.00    0.00    0.00    0.00    0.00    0.00    0.23   -0.74    3.78   -4.05    1.42   41.66
T-A     0.00    0.00    0.00    0.00    0.00    0.00    0.49   -0.97    3.41    1.83    1.94   31.85
T-A     0.00    0.00    0.00    0.00    0.00    0.00    0.02   -0.27    3.06    2.03   -7.44   39.32
T-A     0.00    0.00    0.00    0.00    0.00    0.00    0.10   -0.45    3.53   -5.33    4.26   30.96
G-C     0.00    0.00    0.00    0.00    0.00    0.00   -0.93    2.42    3.20    0.25  -21.46   48.25
G-C     0.00    0.00    0.00    0.00    0.00    0.00    0.95    0.92    3.44    6.78    6.03   29.01
A-T     0.00    0.00    0.00    0.00    0.00    0.00   -1.16    0.95    3.03  -11.02    0.47   36.83
A-T     0.00    0.00    0.00    0.00    0.00    0.00    0.21   -0.21    3.27   -2.59    4.64   34.34
A-T     0.00    0.00    0.00    0.00    0.00    0.00   -0.06   -0.24    3.56   -0.74   14.77   30.82
C-G     0.00    0.00    0.00    0.00    0.00    0.00    0.29   -0.28    2.94    3.43   -2.63   33.92
T-A     0.00    0.00    0.00    0.00    0.00    0.00    1.07   -0.19    3.30    1.05   12.79   33.05
G-C     0.00    0.00    0.00    0.00    0.00    0.00   -1.29    0.37    3.61   -4.41   10.13   36.55
C-G     0.00    0.00    0.00    0.00    0.00    0.00    0.39    1.14    3.62   -1.46  -11.87   47.38
T-A     0.00    0.00    0.00    0.00    0.00    0.00   -1.23   -0.24    2.76    0.77   -0.95   30.40
C-G     0.00    0.00    0.00    0.00    0.00    0.00    1.77    1.83    3.22    7.89  -11.01   43.33
C-G     0.00    0.00    0.00    0.00    0.00    0.00   -1.17    0.43    3.48   -5.86    6.42   36.10
A-T     0.00    0.00    0.00    0.00    0.00    0.00    0.60    0.93    3.35   -3.01   -4.33   40.82
T-A     0.00    0.00    0.00    0.00    0.00    0.00    0.62   -0.32    2.95    4.97    0.64   29.95
C-G     0.00    0.00    0.00    0.00    0.00    0.00    0.26   -0.26    3.50    3.91   10.45   32.39
A-T     0.00    0.00    0.00    0.00    0.00    0.00   -0.20    0.37    4.12    4.58   18.46   34.88
A-T     0.00    0.00    0.00    0.00    0.00    0.00    0.32    0.67    3.08   -5.63    7.14   43.32
A-T     0.00    0.00    0.00    0.00    0.00    0.00   -0.78    0.31    2.99   -3.37   -4.87   34.55
A-T     0.00    0.00    0.00    0.00    0.00    0.00   -0.17   -0.80    3.53   -4.94   -0.17   36.00
G-C     0.00    0.00    0.00    0.00    0.00    0.00   -0.40    0.94    3.66   -3.04   -6.24   40.17
G-C     0.00    0.00    0.00    0.00    0.00    0.00   -0.72    0.10    3.16   -5.29  -29.37   30.47
C-G     0.00    0.00    0.00    0.00    0.00    0.00    1.25    0.10    4.58   -1.22  -20.51   39.20
A-T     0.00    0.00    0.00    0.00    0.00    0.00   -0.09    0.72    3.23   15.94    7.42   41.73
T-A     0.00    0.00    0.00    0.00    0.00    0.00    0.46   -0.48    3.33   -3.05   16.09   22.55
G-C     0.00    0.00    0.00    0.00    0.00    0.00   -0.19    1.28    4.11   -1.52    8.61   41.06
T-A     0.00    0.00    0.00    0.00    0.00    0.00   -0.59   -0.78    3.35   -0.21    7.50   26.43
T-A     0.00    0.00    0.00    0.00    0.00    0.00    0.24    0.24    3.02    2.71    3.34   32.96
C-G     0.00    0.00    0.00    0.00    0.00    0.00    0.82    0.55    3.23    4.76    7.84   36.05
A-T     0.00    0.00    0.00    0.00    0.00    0.00   -0.60    1.62    3.64   -1.84   -6.06   44.97
G-C     0.00    0.00    0.00    0.00    0.00    0.00    0.54    1.05    3.55    3.76   -1.29   32.53
C-G     0.00    0.00    0.00    0.00    0.00    0.00   -0.33    0.57    3.25   -4.77   -4.57   40.39
T-A     0.00    0.00    0.00    0.00    0.00    0.00    0.03    1.02    3.32    3.06   -1.36   37.10
G-C     0.00    0.00    0.00    0.00    0.00    0.00    0.83    1.02    3.17    0.03    4.16   34.17
A-T     0.00    0.00    0.00    0.00    0.00    0.00   -0.59    0.05    3.33   -5.59    6.90   34.14
A-T     0.00    0.00    0.00    0.00    0.00    0.00   -0.31   -0.22    3.23    0.41    4.65   34.33
T-A     0.00    0.00    0.00    0.00    0.00    0.00    0.27   -0.87    3.37    0.47    8.51   28.37
T-A     0.00    0.00    0.00    0.00    0.00    0.00   -0.06   -0.25    3.20    3.27    7.82   34.39
C-G     0.00    0.00    0.00    0.00    0.00    0.00   -0.14    0.18    3.28    1.06    6.40   29.99
A-T     0.00    0.00    0.00    0.00    0.00    0.00   -0.47    1.74    3.38    0.19   -0.55   41.81
G-C     0.00    0.00    0.00    0.00    0.00    0.00    0.84    0.85    3.35   -2.74   -3.81   36.80
C-G     0.00    0.00    0.00    0.00    0.00    0.00   -1.10    0.92    3.38   -2.35   -6.85   37.53
T-A     0.00    0.00    0.00    0.00    0.00    0.00    1.36    1.51    3.73    3.88   -5.37   43.75
G-C     0.00    0.00    0.00    0.00    0.00    0.00   -0.95    0.90    2.98   -4.19    6.48   33.80
A-T     0.00    0.00    0.00    0.00    0.00    0.00   -0.27    0.08    3.32   -0.36    4.70   32.70
A-T     0.00    0.00    0.00    0.00    0.00    0.00    0.30    0.26    3.34    1.19    9.34   34.50
C-G     0.00    0.00    0.00    0.00    0.00    0.00    0.15   -0.62    3.29    0.13    5.55   29.83
A-T     0.00    0.00    0.00    0.00    0.00    0.00   -0.28    0.56    3.65    1.28   11.14   35.32
T-A     0.00    0.00    0.00    0.00    0.00    0.00    0.06   -0.41    3.13   -0.22    0.17   28.36
G-C     0.00    0.00    0.00    0.00    0.00    0.00    1.02    0.28    3.39    0.89    8.83   35.20
C-G     0.00    0.00    0.00    0.00    0.00    0.00   -1.49    0.57    3.34   -2.55  -14.96   38.44
C-G     0.00    0.00    0.00    0.00    0.00    0.00    0.46    1.49    4.04    1.15   -7.37   45.67
T-A     0.00    0.00    0.00    0.00    0.00    0.00   -0.07    1.39    3.33    3.03   -9.40   41.08
T-A     0.00    0.00    0.00    0.00    0.00    0.00    0.19    0.24    2.96   -4.96    4.71   32.05
T-A     0.00    0.00    0.00    0.00    0.00    0.00    0.33   -0.16    3.26    2.42    9.56   30.53
T-A     0.00    0.00    0.00    0.00    0.00    0.00   -0.04    0.39    3.49    1.81   13.15   33.59
G-C     0.00    0.00    0.00    0.00    0.00    0.00   -0.17   -1.11    3.87    4.02   20.32   23.73
A-T     0.00    0.00    0.00    0.00    0.00    0.00    0.28   -0.13    2.88   -7.40    8.25   31.42
T-A     0.00    0.00    0.00    0.00    0.00    0.00   -0.29   -0.64    3.28   -3.53    3.64   26.41
G-C     0.00    0.00    0.00    0.00    0.00    0.00   -0.38    0.73    3.16    1.31   -1.17   38.28
G-C     0.00    0.00    0.00    0.00    0.00    0.00    1.14    0.41    3.43    8.03    1.75   33.89
A-T     0.00    0.00    0.00    0.00    0.00    0.00   -1.31    1.33    3.26  -10.25   -4.67   43.44
G-C     0.00    0.00    0.00    0.00    0.00    0.00    1.27    0.19    3.09    1.66   -7.29   34.49
C-G     0.00    0.00    0.00    0.00    0.00    0.00   -0.54    0.33    3.46   -0.82   -3.30   36.01
A-T     0.00    0.00    0.00    0.00    0.00    0.00    0.97    0.45    3.44    3.69    4.02   36.49
G-C     0.00    0.00    0.00    0.00    0.00    0.00   -1.13   -0.27    3.67   -3.12    9.94   36.54
T-A     0.00    0.00    0.00    0.00    0.00    0.00   -1.07   -0.35    3.20   -1.67   13.46   30.68
T-A     0.00    0.00    0.00    0.00    0.00    0.00   -0.50   -0.38    3.20   -1.44    0.17   31.42
T-A     0.00    0.00    0.00    0.00    0.00    0.00    0.87    0.18    3.24    1.12    8.32   34.97
C-G     0.00    0.00    0.00    0.00    0.00    0.00    1.13    0.94    2.85    8.38    1.52   35.99
C-G     0.00    0.00    0.00    0.00    0.00    0.00   -1.05    0.96    3.59   -8.53    6.02   30.00
A-T     0.00    0.00    0.00    0.00    0.00    0.00    0.29    2.41    3.25    6.68  -19.91   49.06
A-T     0.00    0.00    0.00    0.00    0.00    0.00    0.12   -0.44    3.15   -2.21    4.91   31.32
A-T     0.00    0.00    0.00    0.00    0.00    0.00   -0.49   -0.41    3.62    0.60    2.63   38.31
T-A     0.00    0.00    0.00    0.00    0.00    0.00   -0.55   -0.51    3.13   -0.88   -4.98   31.28
A-T     0.00    0.00    0.00    0.00    0.00    0.00    0.43   -0.42    3.17  -10.47    4.81   37.56
C-G     0.00    0.00    0.00    0.00    0.00    0.00   -0.08   -0.82    3.07    2.30    2.87   23.26
A-T     0.00    0.00    0.00    0.00    0.00    0.00    0.12   -0.39    3.85    5.26   11.95   40.78
C-G     0.00    0.00    0.00    0.00    0.00    0.00    0.86   -0.42    3.35   -0.48    7.30   35.28
T-A     0.00    0.00    0.00    0.00    0.00    0.00   -0.61   -0.08    3.20   -0.03    5.49   34.42
T-A     0.00    0.00    0.00    0.00    0.00    0.00    0.09   -0.18    3.50   -4.46   -3.84   33.38
T-A     0.00    0.00    0.00    0.00    0.00    0.00   -0.64   -0.16    2.99    2.59    0.84   34.39
T-A     0.00    0.00    0.00    0.00    0.00    0.00   -0.60    0.30    3.58   -3.38   -5.88   40.87
G-C     0.00    0.00    0.00    0.00    0.00    0.00    0.20    2.42    3.24    3.10   -4.16   40.54
G-C     0.00    0.00    0.00    0.00    0.00    0.00   -0.65    0.33    2.70  -14.09    2.16   26.85
T-A     0.00    0.00    0.00    0.00    0.00    0.00    0.60   -0.54    3.22    4.82    7.26   30.53
A-T     0.00    0.00    0.00    0.00    0.00    0.00   -0.58    0.28    3.61    3.73   14.34   35.55
G-C     0.00    0.00    0.00    0.00    0.00    0.00    0.13    0.11    3.32   -0.66   10.97   30.07
A-T     0.00    0.00    0.00    0.00    0.00    0.00   -0.27   -0.98    3.05   -3.62   14.28   23.60
A-T     0.00    0.00    0.00    0.00    0.00    0.00    0.96   -0.32    3.08   -8.35    2.00   37.72
T-A     0.00    0.00    0.00    0.00    0.00    0.00   -0.57   -1.15    3.32   -0.04  -10.00   29.46
C-G     0.00    0.00    0.00    0.00    0.00    0.00    0.56   -0.59    3.46    4.68   -3.65   40.79
T-A     0.00    0.00    0.00    0.00    0.00    0.00   -1.09   -0.32    3.46   -7.24    5.42   32.56
G-C     0.00    0.00    0.00    0.00    0.00    0.00   -0.26    2.17    2.92    3.18  -17.29   45.04
C-G     0.00    0.00    0.00    0.00    0.00    0.00    0.36    0.65    3.05    3.78    5.86   31.32
A-T     0.00    0.00    0.00    0.00    0.00    0.00    0.10    2.52    3.49    0.90   -4.31   44.86
G-C     0.00    0.00    0.00    0.00    0.00    0.00    0.54    0.79    2.80   -4.46    8.14   28.03
G-C     0.00    0.00    0.00    0.00    0.00    0.00   -0.56   -0.29    3.62   -1.54   17.32   32.84
T-A     0.00    0.00    0.00    0.00    0.00    0.00   -0.58   -0.66    3.30   -1.19    6.20   32.26
G-C     0.00    0.00    0.00    0.00    0.00    0.00    0.20    0.06    3.45    1.98    8.98   34.01
G-C     0.00    0.00    0.00    0.00    0.00    0.00    0.49    0.37    3.17   -1.22    6.27   28.77
A-T     0.00    0.00    0.00    0.00    0.00    0.00   -0.36   -0.50    3.14   -2.43    2.91   38.65
T-A     0.00    0.00    0.00    0.00    0.00    0.00   -0.23   -0.66    3.29   -1.95   -3.36   30.82
A-T     0.00    0.00    0.00    0.00    0.00    0.00   -0.27   -0.09    3.74    2.16   -1.81   41.28
T-A     0.00    0.00    0.00    0.00    0.00    0.00   -0.38   -0.68    3.01   -4.78   -4.57   30.98
T-A     0.00    0.00    0.00    0.00    0.00    0.00    0.50    0.16    3.35    2.26    2.30   36.49
G-C     0.00    0.00    0.00    0.00    0.00    0.00   -0.05   -0.15    3.35    5.96    3.40   36.36
A-T     0.00    0.00    0.00    0.00    0.00    0.00   -0.09    0.13    3.28   -3.61    6.71   30.55
T-A     0.00    0.00    0.00    0.00    0.00    0.00    0.67   -0.84    3.17   -1.44   -0.09   36.21
