 146 base-pairs
   0  ***local base-pair & step parameters***
       Shear  Stretch  Stagger Buckle Prop-Tw Opening   Shift  Slide    Rise    Tilt    Roll   Twist
A-T     0.00    0.00    0.00    0.00    0.00    0.00    0.00    0.00    0.00    0.00    0.00    0.00
T-A     0.00    0.00    0.00    0.00    0.00    0.00   -1.27   -0.76    3.31   -3.84   -0.55   31.01
C-G     0.00    0.00    0.00    0.00    0.00    0.00    1.03   -0.07    2.94    5.50    1.61   37.02
A-T     0.00    0.00    0.00    0.00    0.00    0.00   -0.21    0.72    3.50   -3.96    5.67   35.22
A-T     0.00    0.00    0.00    0.00    0.00    0.00   -0.64    0.21    3.24   -4.23   -0.58   38.38
T-A     0.00    0.00    0.00    0.00    0.00    0.00    0.64   -0.76    3.00    7.97   -2.44   33.37
A-T     0.00    0.00    0.00    0.00    0.00    0.00   -0.08   -0.10    3.59   -5.02   -1.90   40.25
T-A     0.00    0.00    0.00    0.00    0.00    0.00   -0.16   -1.01    3.22    5.63   -3.77   34.14
C-G     0.00    0.00    0.00    0.00    0.00    0.00    1.17    0.09    3.38    1.35    0.31   33.43
C-G     0.00    0.00    0.00    0.00    0.00    0.00   -0.44    0.00    3.13   -1.67   10.09   26.97
A-T     0.00    0.00    0.00    0.00    0.00    0.00   -1.05    0.57    3.45   -1.01    4.85   32.70
C-G     0.00    0.00    0.00    0.00    0.00    0.00    0.48   -1.00    3.32   -0.97    7.71   33.56
C-G     0.00    0.00    0.00    0.00    0.00    0.00    0.46   -0.11    3.41    1.36   11.46   30.67
T-A     0.00    0.00    0.00    0.00    0.00    0.00   -0.98    0.25    3.56   -5.96    7.42   32.21
G-C     0.00    0.00    0.00    0.00    0.00    0.00    0.43    1.17    3.24    4.26   -5.66   39.80
C-G     0.00    0.00    0.00    0.00    0.00    0.00   -0.24    0.14    3.52   -6.93    3.48   38.20
A-T     0.00    0.00    0.00    0.00    0.00    0.00    0.12    1.65    3.02    3.47  -20.30   41.33
G-C     0.00    0.00    0.00    0.00    0.00    0.00    0.35    0.11    3.51    2.75    1.58   36.11
A-T     0.00    0.00    0.00    0.00    0.00    0.00    0.12   -0.88    3.25    1.28   -6.92   36.62
T-A     0.00    0.00    0.00    0.00    0.00    0.00    0.24    0.16    2.98    2.62   -3.61   36.48
T-A     0.00    0.00    0.00    0.00    0.00    0.00   -0.07   -1.35    3.41    3.23    2.87   29.60
C-G     0.00    0.00    0.00    0.00    0.00    0.00   -0.22   -0.36    2.72    4.19   10.08   27.29
T-A     0.00    0.00    0.00    0.00    0.00    0.00   -0.36   -0.40    3.80    0.84   12.57   28.36
A-T     0.00    0.00    0.00    0.00    0.00    0.00    1.96    0.80    3.70    2.16   20.51   34.07
C-G     0.00    0.00    0.00    0.00    0.00    0.00   -1.16   -0.20    2.92  -12.09    5.09   30.80
C-G     0.00    0.00    0.00    0.00    0.00    0.00    0.45   -0.20    2.71   13.56    7.30   29.44
A-T     0.00    0.00    0.00    0.00    0.00    0.00    0.09    2.64    3.18   -4.15  -15.75   42.26
A-T     0.00    0.00    0.00    0.00    0.00    0.00    0.47    0.39    3.59    3.87    4.73   38.65
A-T     0.00    0.00    0.00    0.00    0.00    0.00    0.47   -0.22    3.31   -1.48   -9.86   40.41
A-T     0.00    0.00    0.00    0.00    0.00    0.00    0.05   -0.47    3.28   -1.90    4.18   31.94
G-C     0.00    0.00    0.00    0.00    0.00    0.00    0.05   -0.51    3.53    0.46   -0.12   36.52
T-A     0.00    0.00    0.00    0.00    0.00    0.00   -0.33   -0.75    3.02    4.43   -3.30   28.10
G-C     0.00    0.00    0.00    0.00    0.00    0.00    1.26    0.07    3.81    3.02   15.05   34.04
T-A     0.00    0.00    0.00    0.00    0.00    0.00   -1.52   -0.55    2.85   -3.01   15.31   23.84
A-T     0.00    0.00    0.00    0.00    0.00    0.00    0.36   -0.64    3.80   -4.45    0.82   42.67
T-A     0.00    0.00    0.00    0.00    0.00    0.00    0.29   -1.04    3.40    1.34    3.69   31.19
T-A     0.00    0.00    0.00    0.00    0.00    0.00    0.19   -0.27    3.04    3.16   -9.41   39.29
T-A     0.00    0.00    0.00    0.00    0.00    0.00    0.05   -0.38    3.56   -6.55    5.39   31.68
G-C     0.00    0.00    0.00    0.00    0.00    0.00   -1.01    2.31    3.17    0.98  -21.14   47.21
G-C     0.00    0.00    0.00    0.00    0.00    0.00    1.11    1.01    3.45    6.87    4.43   29.86
A-T     0.00    0.00    0.00    0.00    0.00    0.00   -1.32    0.92    3.04  -11.88    2.49   36.61
A-T     0.00    0.00    0.00    0.00    0.00    0.00    0.29   -0.25    3.25   -1.38    3.29   33.81
A-T     0.00    0.00    0.00    0.00    0.00    0.00   -0.03   -0.15    3.60   -1.71   14.73   31.84
C-G     0.00    0.00    0.00    0.00    0.00    0.00    0.17   -0.40    2.92    3.72   -1.22   32.93
T-A     0.00    0.00    0.00    0.00    0.00    0.00    1.22   -0.12    3.31    1.58   10.76   33.51
G-C     0.00    0.00    0.00    0.00    0.00    0.00   -1.39    0.38    3.63   -5.49   11.69   36.85
C-G     0.00    0.00    0.00    0.00    0.00    0.00    0.40    1.06    3.59   -0.34  -12.12   46.46
T-A     0.00    0.00    0.00    0.00    0.00    0.00   -1.15   -0.12    2.79    0.15   -2.14   31.47
C-G     0.00    0.00    0.00    0.00    0.00    0.00    1.65    1.73    3.20    7.74   -9.02   42.64
C-G     0.00    0.00    0.00    0.00    0.00    0.00   -1.07    0.45    3.47   -5.01    4.70   36.05
A-T     0.00    0.00    0.00    0.00    0.00    0.00    0.57    0.99    3.38   -4.15   -3.80   41.58
T-A     0.00    0.00    0.00    0.00    0.00    0.00    0.58   -0.44    2.91    5.87    1.58   28.86
C-G     0.00    0.00    0.00    0.00    0.00    0.00    0.35   -0.14    3.53    3.68    8.56   33.26
A-T     0.00    0.00    0.00    0.00    0.00    0.00   -0.29    0.31    4.13    4.03   20.29   34.67
A-T     0.00    0.00    0.00    0.00    0.00    0.00    0.37    0.64    3.05   -4.56    6.36   42.76
A-T     0.00    0.00    0.00    0.00    0.00    0.00   -0.78    0.42    3.03   -4.45   -5.54   35.59
A-T     0.00    0.00    0.00    0.00    0.00    0.00   -0.22   -0.93    3.50   -4.35    1.59   35.00
G-C     0.00    0.00    0.00    0.00    0.00    0.00   -0.33    1.03    3.66   -2.86   -8.14   40.62
G-C     0.00    0.00    0.00    0.00    0.00    0.00   -0.78    0.09    3.19   -6.16  -28.36   30.79
C-G     0.00    0.00    0.00    0.00    0.00    0.00    1.27    0.02    4.54   -0.07  -20.10   38.27
A-T     0.00    0.00    0.00    0.00    0.00    0.00   -0.08    0.86    3.27   15.05    5.82   42.80
T-A     0.00    0.00    0.00    0.00    0.00    0.00    0.42   -0.60    3.32   -2.85   18.01   21.89
G-C     0.00    0.00    0.00    0.00    0.00    0.00   -0.14    1.32    4.09   -0.93    7.40   40.99
T-A     0.00    0.00    0.00    0.00    0.00    0.00   -0.63   -0.72    3.39   -1.32    7.36   27.19
T-A     0.00    0.00    0.00    0.00    0.00    0.00    0.26    0.11    2.97    3.82    4.74   31.89
C-G     0.00    0.00    0.00    0.00    0.00    0.00    0.83    0.68    3.25    4.18    5.95   36.88
A-T     0.00    0.00    0.00    0.00    0.00    0.00   -0.63    1.54    3.65   -2.08   -4.69   44.78
G-C     0.00    0.00    0.00    0.00    0.00    0.00    0.59    1.03    3.51    4.73   -1.40   31.98
C-G     0.00    0.00    0.00    0.00    0.00    0.00   -0.38    0.68    3.29   -6.00   -5.75   41.40
T-A     0.00    0.00    0.00    0.00    0.00    0.00    0.07    0.87    3.29    3.97    0.46   36.15
G-C     0.00    0.00    0.00    0.00    0.00    0.00    0.83    1.13    3.18   -0.11    2.69   34.59
A-T     0.00    0.00    0.00    0.00    0.00    0.00   -0.63    0.03    3.36   -6.29    7.23   34.46
A-T     0.00    0.00    0.00    0.00    0.00    0.00   -0.24   -0.31    3.19    1.65    5.61   33.45
T-A     0.00    0.00    0.00    0.00    0.00    0.00    0.20   -0.72    3.41   -0.70    6.79   29.36
T-A     0.00    0.00    0.00    0.00    0.00    0.00   -0.02   -0.38    3.19    3.81    9.37   33.78
C-G     0.00    0.00    0.00    0.00    0.00    0.00   -0.12    0.24    3.26    1.44    5.86   29.92
A-T     0.00    0.00    0.00    0.00    0.00    0.00   -0.55    1.79    3.42   -0.93   -1.29   42.51
G-C     0.00    0.00    0.00    0.00    0.00    0.00    0.94    0.71    3.30   -1.40   -2.21   35.82
C-G     0.00    0.00    0.00    0.00    0.00    0.00   -1.18    1.07    3.40   -3.26   -8.43   38.29
T-A     0.00    0.00    0.00    0.00    0.00    0.00    1.38    1.42    3.74    3.90   -4.66   43.58
G-C     0.00    0.00    0.00    0.00    0.00    0.00   -0.88    0.88    2.94   -3.29    7.01   33.30
A-T     0.00    0.00    0.00    0.00    0.00    0.00   -0.39    0.19    3.37   -1.75    3.25   33.61
A-T     0.00    0.00    0.00    0.00    0.00    0.00    0.42    0.10    3.31    2.40   10.92   33.65
C-G     0.00    0.00    0.00    0.00    0.00    0.00    0.09   -0.50    3.29   -0.29    4.71   30.21
A-T     0.00    0.00    0.00    0.00    0.00    0.00   -0.32    0.54    3.68    0.69   10.81   35.58
T-A     0.00    0.00    0.00    0.00    0.00    0.00    0.19   -0.50    3.08    1.12    1.48   27.60
G-C     0.00    0.00    0.00    0.00    0.00    0.00    0.87    0.44    3.43   -0.55    7.28   36.07
C-G     0.00    0.00    0.00    0.00    0.00    0.00   -1.39    0.43    3.33   -1.72  -14.01   37.89
C-G     0.00    0.00    0.00    0.00    0.00    0.00    0.46    1.55    4.02    1.36   -7.21   45.64
T-A     0.00    0.00    0.00    0.00    0.00    0.00   -0.19    1.45    3.38    1.87  -10.56   41.67
T-A     0.00    0.00    0.00    0.00    0.00    0.00    0.37    0.10    2.92   -3.40    6.21   31.21
T-A     0.00    0.00    0.00    0.00    0.00    0.00    0.19    0.00    3.28    1.24    8.54   31.20
T-A     0.00    0.00    0.00    0.00    0.00    0.00    0.00    0.29    3.51    2.02   13.13   33.41
G-C     0.00    0.00    0.00    0.00    0.00    0.00   -0.07   -1.12    3.82    4.91   21.34   23.35
A-T     0.00    0.00    0.00    0.00    0.00    0.00    0.09   -0.02    2.92   -8.96    6.81   32.16
T-A     0.00    0.00    0.00    0.00    0.00    0.00   -0.11   -0.80    3.26   -2.06    4.71   25.68
G-C     0.00    0.00    0.00    0.00    0.00    0.00   -0.46    0.85    3.15    0.67   -1.28   38.65
G-C     0.00    0.00    0.00    0.00    0.00    0.00    1.07    0.38    3.46    7.51    0.87   34.06
A-T     0.00    0.00    0.00    0.00    0.00    0.00   -1.11    1.25    3.22   -8.81   -3.30   42.84
G-C     0.00    0.00    0.00    0.00    0.00    0.00    1.05    0.34    3.13    0.01   -8.38   35.22
C-G     0.00    0.00    0.00    0.00    0.00    0.00   -0.41    0.18    3.46    0.23   -3.09   35.51
A-T     0.00    0.00    0.00    0.00    0.00    0.00    1.00    0.51    3.42    3.79    4.79   36.54
G-C     0.00    0.00    0.00    0.00    0.00    0.00   -1.31   -0.22    3.72   -4.33    8.64   36.95
T-A     0.00    0.00    0.00    0.00    0.00    0.00   -0.83   -0.48    3.16    0.06   14.57   30.01
T-A     0.00    0.00    0.00    0.00    0.00    0.00   -0.69   -0.22    3.22   -2.82   -0.12   32.01
T-A     0.00    0.00    0.00    0.00    0.00    0.00    0.90    0.08    3.25    1.47    7.64   34.73
C-G     0.00    0.00    0.00    0.00    0.00    0.00    1.28    0.93    2.81    9.26    2.77   35.77
C-G     0.00    0.00    0.00    0.00    0.00    0.00   -1.31    1.07    3.63  -10.22    4.89   30.55
A-T     0.00    0.00    0.00    0.00    0.00    0.00    0.53    2.25    3.22    8.33  -19.54   48.44
A-T     0.00    0.00    0.00    0.00    0.00    0.00    0.03   -0.32    3.15   -2.99    5.50   31.70
A-T     0.00    0.00    0.00    0.00    0.00    0.00   -0.60   -0.44    3.65    0.12    1.43   38.33
T-A     0.00    0.00    0.00    0.00    0.00    0.00   -0.29   -0.59    3.09    0.64   -3.84   30.89
A-T     0.00    0.00    0.00    0.00    0.00    0.00    0.15   -0.28    3.20  -12.27    4.38   38.13
C-G     0.00    0.00    0.00    0.00    0.00    0.00    0.07   -0.95    3.06    3.49    2.36   22.77
A-T     0.00    0.00    0.00    0.00    0.00    0.00    0.18   -0.33    3.82    5.30   13.12   40.96
C-G     0.00    0.00    0.00    0.00    0.00    0.00    0.63   -0.38    3.39   -1.73    6.14   35.48
T-A     0.00    0.00    0.00    0.00    0.00    0.00   -0.31   -0.20    3.17    1.81    5.99   33.94
T-A     0.00    0.00    0.00    0.00    0.00    0.00   -0.12   -0.03    3.51   -5.97   -3.39   33.91
T-A     0.00    0.00    0.00    0.00    0.00    0.00   -0.63   -0.25    3.01    3.01   -0.31   34.06
T-A     0.00    0.00    0.00    0.00    0.00    0.00   -0.40    0.29    3.55   -2.50   -4.69   40.86
G-C     0.00    0.00    0.00    0.00    0.00    0.00   -0.10    2.52    3.27    1.35   -4.73   40.88
G-C     0.00    0.00    0.00    0.00    0.00    0.00   -0.39    0.19    2.68  -12.35    1.77   26.34
T-A     0.00    0.00    0.00    0.00    0.00    0.00    0.53   -0.42    3.21    3.96    8.40   30.98
A-T     0.00    0.00    0.00    0.00    0.00    0.00   -0.73    0.24    3.63    3.28   13.10   35.37
G-C     0.00    0.00    0.00    0.00    0.00    0.00    0.43    0.05    3.29    0.89   11.62   29.90
A-T     0.00    0.00    0.00    0.00    0.00    0.00   -0.56   -0.85    3.07   -5.48   14.60   24.04
A-T     0.00    0.00    0.00    0.00    0.00    0.00    1.09   -0.45    3.07   -7.11    0.88   37.22
T-A     0.00    0.00    0.00    0.00    0.00    0.00   -0.47   -1.08    3.31   -0.05   -8.71   29.80
C-G     0.00    0.00    0.00    0.00    0.00    0.00    0.28   -0.56    3.49    3.44   -4.39   40.77
T-A     0.00    0.00    0.00    0.00    0.00    0.00   -0.77   -0.43    3.44   -5.38    5.17   32.25
G-C     0.00    0.00    0.00    0.00    0.00    0.00   -0.45    2.30    2.94    1.64  -16.19   45.55
C-G     0.00    0.00    0.00    0.00    0.00    0.00    0.33    0.56    3.06    4.24    4.51   30.85
A-T     0.00    0.00    0.00    0.00    0.00    0.00    0.34    2.53    3.46    1.75   -3.46   45.08
G-C     0.00    0.00    0.00    0.00    0.00    0.00    0.21    0.87    2.83   -6.19    8.29   28.17
G-C     0.00    0.00    0.00    0.00    0.00    0.00   -0.32   -0.42    3.60    0.21   16.24   32.39
T-A     0.00    0.00    0.00    0.00    0.00    0.00   -0.62   -0.56    3.30   -2.08    7.63   32.80
G-C     0.00    0.00    0.00    0.00    0.00    0.00    0.01    0.02    3.47    1.57    8.00   33.62
G-C     0.00    0.00    0.00    0.00    0.00    0.00    0.81    0.32    3.14    0.28    6.24   28.81
A-T     0.00    0.00    0.00    0.00    0.00    0.00   -0.65   -0.39    3.16   -4.26    3.95   38.98
T-A     0.00    0.00    0.00    0.00    0.00    0.00   -0.12   -0.78    3.29   -0.70   -4.85   30.26
A-T     0.00    0.00    0.00    0.00    0.00    0.00   -0.14   -0.02    3.73    2.11   -0.69   41.82
T-A     0.00    0.00    0.00    0.00    0.00    0.00   -0.68   -0.67    3.03   -5.94   -4.69   30.73
T-A     0.00    0.00    0.00    0.00    0.00    0.00    0.81    0.08    3.33    4.05    1.33   36.31
G-C     0.00    0.00    0.00    0.00    0.00    0.00   -0.21   -0.04    3.36    4.45    4.94   36.89
A-T     0.00    0.00    0.00    0.00    0.00    0.00   -0.15    0.04    3.28   -3.12    5.44   29.91
T-A     0.00    0.00    0.00    0.00    0.00    0.00    0.93   -0.82    3.16   -0.67    0.20   36.64
