 146 base-pairs
   0  ***local base-pair & step parameters***
       Shear  Stretch  Stagger Buckle Prop-Tw Opening   Shift  Slide    Rise    Tilt    Roll   Twist
A-T     0.00    0.00    0.00    0.00    0.00    0.00    0.00    0.00    0.00    0.00    0.00    0.00
T-A     0.00    0.00    0.00    0.00    0.00    0.00   -1.16   -0.80    3.27   -3.90   -1.85   30.68
C-G     0.00    0.00    0.00    0.00    0.00    0.00    1.00   -0.09    2.99    5.57    3.61   36.64
A-T     0.00    0.00    0.00    0.00    0.00    0.00   -0.26    0.79    3.48   -3.92    4.24   36.05
A-T     0.00    0.00    0.00    0.00    0.00    0.00   -0.55    0.15    3.20   -4.31   -0.45   37.77
T-A     0.00    0.00    0.00    0.00    0.00    0.00    0.54   -0.75    3.06    7.92   -1.43   33.18
A-T     0.00    0.00    0.00    0.00    0.00    0.00   -0.02   -0.07    3.57   -4.77   -3.29   41.16
T-A     0.00    0.00    0.00    0.00    0.00    0.00   -0.16   -1.06    3.18    5.32   -2.77   33.23
C-G     0.00    0.00    0.00    0.00    0.00    0.00    1.10    0.12    3.45    1.42    0.04   33.60
C-G     0.00    0.00    0.00    0.00    0.00    0.00   -0.32    0.01    3.09   -1.36    9.72   27.71
A-T     0.00    0.00    0.00    0.00    0.00    0.00   -1.15    0.53    3.43   -1.56    5.61   31.60
C-G     0.00    0.00    0.00    0.00    0.00    0.00    0.51   -0.97    3.39   -0.59    6.82   34.13
C-G     0.00    0.00    0.00    0.00    0.00    0.00    0.53   -0.12    3.34    1.49   12.24   31.07
T-A     0.00    0.00    0.00    0.00    0.00    0.00   -1.12    0.24    3.55   -6.57    7.07   31.18
G-C     0.00    0.00    0.00    0.00    0.00    0.00    0.56    1.19    3.31    4.94   -6.05   40.63
C-G     0.00    0.00    0.00    0.00    0.00    0.00   -0.28    0.14    3.43   -7.17    4.65   38.20
A-T     0.00    0.00    0.00    0.00    0.00    0.00    0.03    1.64    3.05    3.07  -21.77   40.56
G-C     0.00    0.00    0.00    0.00    0.00    0.00    0.52    0.10    3.56    3.51    2.46   36.98
A-T     0.00    0.00    0.00    0.00    0.00    0.00   -0.03   -0.86    3.17    0.70   -6.48   36.35
T-A     0.00    0.00    0.00    0.00    0.00    0.00    0.27    0.14    3.03    2.61   -5.31   36.02
T-A     0.00    0.00    0.00    0.00    0.00    0.00    0.03   -1.35    3.43    3.81    4.88   30.32
C-G     0.00    0.00    0.00    0.00    0.00    0.00   -0.40   -0.33    2.65    3.49    9.08   26.95
T-A     0.00    0.00    0.00    0.00    0.00    0.00   -0.22   -0.44    3.86    1.16   11.79   28.08
A-T     0.00    0.00    0.00    0.00    0.00    0.00    1.94    0.82    3.70    2.38   22.67   34.62
C-G     0.00    0.00    0.00    0.00    0.00    0.00   -1.27   -0.18    2.86  -12.63    2.92   30.53
C-G     0.00    0.00    0.00    0.00    0.00    0.00    0.62   -0.26    2.77   13.99    8.05   29.17
A-T     0.00    0.00    0.00    0.00    0.00    0.00   -0.03    2.69    3.17   -4.21  -14.59   42.79
A-T     0.00    0.00    0.00    0.00    0.00    0.00    0.48    0.39    3.55    3.61    2.43   38.43
A-T     0.00    0.00    0.00    0.00    0.00    0.00    0.55   -0.27    3.36   -1.18   -7.94   40.05
A-T     0.00    0.00    0.00    0.00    0.00    0.00   -0.08   -0.40    3.27   -2.02    3.82   32.59
G-C     0.00    0.00    0.00    0.00    0.00    0.00    0.16   -0.55    3.49    0.40   -1.42   36.19
T-A     0.00    0.00    0.00    0.00    0.00    0.00   -0.36   -0.77    3.07    4.50   -1.30   27.72
G-C     0.00    0.00    0.00    0.00    0.00    0.00    1.21    0.14    3.79    3.06   13.62   34.87
T-A     0.00    0.00    0.00    0.00    0.00    0.00   -1.43   -0.61    2.81   -3.09   15.44   23.23
A-T     0.00    0.00    0.00    0.00    0.00    0.00    0.26   -0.63    3.86   -4.50    1.83   42.48
T-A     0.00    0.00    0.00    0.00    0.00    0.00    0.35   -1.01    3.38    1.59    2.30   32.10
T-A     0.00    0.00    0.00    0.00    0.00    0.00    0.19   -0.32    3.00    2.85   -8.41   38.38
T-A     0.00    0.00    0.00    0.00    0.00    0.00   -0.02   -0.35    3.63   -6.48    5.12   31.85
G-C     0.00    0.00    0.00    0.00    0.00    0.00   -0.89    2.32    3.13    1.29  -21.51   47.95
G-C     0.00    0.00    0.00    0.00    0.00    0.00    1.01    0.97    3.43    6.32    5.19   28.76
A-T     0.00    0.00    0.00    0.00    0.00    0.00   -1.29    0.95    3.11  -11.50    1.60   37.18
A-T     0.00    0.00    0.00    0.00    0.00    0.00    0.36   -0.26    3.18   -1.25    4.07   34.21
A-T     0.00    0.00    0.00    0.00    0.00    0.00   -0.17   -0.16    3.59   -2.32   14.38   30.81
C-G     0.00    0.00    0.00    0.00    0.00    0.00    0.30   -0.38    2.99    4.40   -1.61   33.76
T-A     0.00    0.00    0.00    0.00    0.00    0.00    1.18   -0.12    3.22    1.34   11.93   33.51
G-C     0.00    0.00    0.00    0.00    0.00    0.00   -1.48    0.37    3.66   -5.89   10.22   36.08
C-G     0.00    0.00    0.00    0.00    0.00    0.00    0.57    1.05    3.64    0.42  -11.24   47.33
T-A     0.00    0.00    0.00    0.00    0.00    0.00   -1.30   -0.10    2.71   -0.43   -1.70   31.20
C-G     0.00    0.00    0.00    0.00    0.00    0.00    1.68    1.71    3.25    7.73  -10.72   42.18
C-G     0.00    0.00    0.00    0.00    0.00    0.00   -0.97    0.45    3.49   -4.43    6.71   36.77
A-T     0.00    0.00    0.00    0.00    0.00    0.00    0.39    1.02    3.31   -4.85   -4.80   41.24
T-A     0.00    0.00    0.00    0.00    0.00    0.00    0.72   -0.48    2.97    6.19    0.80   28.58
C-G     0.00    0.00    0.00    0.00    0.00    0.00    0.33   -0.12    3.53    3.90   10.72   33.81
A-T     0.00    0.00    0.00    0.00    0.00    0.00   -0.40    0.33    4.07    3.49   18.12   34.40
A-T     0.00    0.00    0.00    0.00    0.00    0.00    0.54    0.58    3.11   -4.13    7.11   42.49
A-T     0.00    0.00    0.00    0.00    0.00    0.00   -0.90    0.47    3.02   -4.51   -4.38   36.12
A-T     0.00    0.00    0.00    0.00    0.00    0.00   -0.21   -0.93    3.46   -4.61   -0.71   34.78
G-C     0.00    0.00    0.00    0.00    0.00    0.00   -0.25    0.98    3.71   -2.56   -6.22   40.26
G-C     0.00    0.00    0.00    0.00    0.00    0.00   -0.91    0.16    3.18   -6.28  -28.72   31.44
C-G     0.00    0.00    0.00    0.00    0.00    0.00    1.38   -0.02    4.50   -0.13  -21.40   37.94
A-T     0.00    0.00    0.00    0.00    0.00    0.00   -0.11    0.84    3.32   15.12    7.82   42.42
T-A     0.00    0.00    0.00    0.00    0.00    0.00    0.37   -0.53    3.30   -2.81   16.58   22.72
G-C     0.00    0.00    0.00    0.00    0.00    0.00   -0.05    1.26    4.05   -1.01    7.53   40.38
T-A     0.00    0.00    0.00    0.00    0.00    0.00   -0.73   -0.71    3.45   -1.37    8.37   27.00
T-A     0.00    0.00    0.00    0.00    0.00    0.00    0.32    0.14    2.95    4.07    3.35   32.80
C-G     0.00    0.00    0.00    0.00    0.00    0.00    0.83    0.63    3.21    3.87    6.95   35.97
A-T     0.00    0.00    0.00    0.00    0.00    0.00   -0.70    1.57    3.72   -2.01   -4.96   44.95
G-C     0.00    0.00    0.00    0.00    0.00    0.00    0.71    1.04    3.47    5.04   -1.77   32.72
C-G     0.00    0.00    0.00    0.00    0.00    0.00   -0.48    0.64    3.27   -6.55   -4.99   40.30
T-A     0.00    0.00    0.00    0.00    0.00    0.00    0.10    0.90    3.36    4.35   -0.43   36.72
G-C     0.00    0.00    0.00    0.00    0.00    0.00    0.90    1.12    3.11    0.02    3.47   34.99
A-T     0.00    0.00    0.00    0.00    0.00    0.00   -0.77    0.02    3.35   -6.90    6.88   33.43
A-T     0.00    0.00    0.00    0.00    0.00    0.00   -0.11   -0.29    3.26    2.33    5.22   34.28
T-A     0.00    0.00    0.00    0.00    0.00    0.00    0.16   -0.72    3.32   -0.94    7.96   29.36
T-A     0.00    0.00    0.00    0.00    0.00    0.00   -0.11   -0.39    3.22    3.41    7.90   33.01
C-G     0.00    0.00    0.00    0.00    0.00    0.00    0.05    0.23    3.31    2.20    6.74   30.79
A-T     0.00    0.00    0.00    0.00    0.00    0.00   -0.70    1.81    3.34   -1.51   -0.85   42.24
G-C     0.00    0.00    0.00    0.00    0.00    0.00    0.97    0.69    3.35   -1.41   -3.91   35.36
C-G     0.00    0.00    0.00    0.00    0.00    0.00   -1.08    1.07    3.42   -2.68   -6.42   39.01
T-A     0.00    0.00    0.00    0.00    0.00    0.00    1.20    1.45    3.67    3.20   -5.66   43.24
G-C     0.00    0.00    0.00    0.00    0.00    0.00   -0.74    0.84    3.00   -2.97    6.23   33.02
A-T     0.00    0.00    0.00    0.00    0.00    0.00   -0.41    0.21    3.37   -1.53    5.41   34.16
A-T     0.00    0.00    0.00    0.00    0.00    0.00    0.31    0.12    3.25    1.86    8.75   33.38
C-G     0.00    0.00    0.00    0.00    0.00    0.00    0.26   -0.56    3.35    0.14    5.46   29.94
A-T     0.00    0.00    0.00    0.00    0.00    0.00   -0.44    0.59    3.67    0.63   11.97   36.11
T-A     0.00    0.00    0.00    0.00    0.00    0.00    0.20   -0.50    3.04    0.86   -0.82   27.38
G-C     0.00    0.00    0.00    0.00    0.00    0.00    0.95    0.39    3.48   -0.25    9.20   35.71
C-G     0.00    0.00    0.00    0.00    0.00    0.00   -1.52    0.50    3.32   -1.84  -14.37   38.54
C-G     0.00    0.00    0.00    0.00    0.00    0.00    0.57    1.51    3.98    1.30   -8.51   45.31
T-A     0.00    0.00    0.00    0.00    0.00    0.00   -0.22    1.43    3.43    1.94   -8.56   41.29
T-A     0.00    0.00    0.00    0.00    0.00    0.00    0.32    0.17    2.90   -3.36    4.78   32.04
T-A     0.00    0.00    0.00    0.00    0.00    0.00    0.28   -0.06    3.24    1.16    8.67   30.59
T-A     0.00    0.00    0.00    0.00    0.00    0.00   -0.10    0.30    3.57    1.97   14.14   33.22
G-C     0.00    0.00    0.00    0.00    0.00    0.00   -0.01   -1.09    3.80    5.16   19.95   24.26
A-T     0.00    0.00    0.00    0.00    0.00    0.00    0.09   -0.07    2.88   -9.27    7.81   31.25
T-A     0.00    0.00    0.00    0.00    0.00    0.00   -0.18   -0.77    3.33   -1.99    4.44   25.85
G-C     0.00    0.00    0.00    0.00    0.00    0.00   -0.34    0.86    3.11    0.98   -1.65   39.39
G-C     0.00    0.00    0.00    0.00    0.00    0.00    0.97    0.34    3.44    6.96    1.63   32.96
A-T     0.00    0.00    0.00    0.00    0.00    0.00   -1.08    1.28    3.29   -8.43   -4.19   43.41
G-C     0.00    0.00    0.00    0.00    0.00    0.00    1.12    0.33    3.06    0.14   -7.60   35.62
C-G     0.00    0.00    0.00    0.00    0.00    0.00   -0.55    0.17    3.45   -0.38   -3.44   34.48
A-T     0.00    0.00    0.00    0.00    0.00    0.00    1.13    0.53    3.49    4.47    4.40   37.37
G-C     0.00    0.00    0.00    0.00    0.00    0.00   -1.35   -0.22    3.63   -4.57    9.81   36.95
T-A     0.00    0.00    0.00    0.00    0.00    0.00   -0.92   -0.49    3.19   -0.34   13.10   29.24
T-A     0.00    0.00    0.00    0.00    0.00    0.00   -0.52   -0.23    3.27   -2.06    0.76   32.88
T-A     0.00    0.00    0.00    0.00    0.00    0.00    0.75    0.10    3.17    0.89    8.08   34.46
C-G     0.00    0.00    0.00    0.00    0.00    0.00    1.31    0.91    2.86    9.25    1.07   35.31
C-G     0.00    0.00    0.00    0.00    0.00    0.00   -1.21    1.07    3.65   -9.64    6.90   31.27
A-T     0.00    0.00    0.00    0.00    0.00    0.00    0.35    2.28    3.15    7.63  -20.54   48.10
A-T     0.00    0.00    0.00    0.00    0.00    0.00    0.17   -0.36    3.21   -2.67    4.72   31.42
A-T     0.00    0.00    0.00    0.00    0.00    0.00   -0.62   -0.42    3.65    0.34    3.59   38.88
T-A     0.00    0.00    0.00    0.00    0.00    0.00   -0.40   -0.57    3.03    0.10   -6.01   30.62
A-T     0.00    0.00    0.00    0.00    0.00    0.00    0.32   -0.34    3.26  -11.84    5.13   37.86
C-G     0.00    0.00    0.00    0.00    0.00    0.00   -0.05   -0.90    3.05    3.43    3.52   23.30
A-T     0.00    0.00    0.00    0.00    0.00    0.00    0.19   -0.33    3.78    5.04   10.82   40.74
C-G     0.00    0.00    0.00    0.00    0.00    0.00    0.71   -0.43    3.44   -1.43    8.06   35.12
T-A     0.00    0.00    0.00    0.00    0.00    0.00   -0.44   -0.13    3.16    1.69    5.63   34.59
T-A     0.00    0.00    0.00    0.00    0.00    0.00   -0.01   -0.07    3.47   -6.03   -4.69   33.58
T-A     0.00    0.00    0.00    0.00    0.00    0.00   -0.66   -0.27    3.06    3.08    1.69   33.68
T-A     0.00    0.00    0.00    0.00    0.00    0.00   -0.45    0.36    3.53   -2.46   -6.12   41.69
G-C     0.00    0.00    0.00    0.00    0.00    0.00   -0.01    2.46    3.23    1.27   -4.60   40.27
G-C     0.00    0.00    0.00    0.00    0.00    0.00   -0.49    0.20    2.74  -12.40    2.78   26.15
T-A     0.00    0.00    0.00    0.00    0.00    0.00    0.59   -0.39    3.19    4.21    7.01   31.89
A-T     0.00    0.00    0.00    0.00    0.00    0.00   -0.73    0.19    3.59    2.97   14.10   34.46
G-C     0.00    0.00    0.00    0.00    0.00    0.00    0.36    0.08    3.36    0.96   11.35   30.07
A-T     0.00    0.00    0.00    0.00    0.00    0.00   -0.44   -0.84    3.03   -5.17   14.23   24.78
A-T     0.00    0.00    0.00    0.00    0.00    0.00    0.99   -0.49    3.05   -7.66    1.64   36.12
T-A     0.00    0.00    0.00    0.00    0.00    0.00   -0.44   -1.05    3.38    0.33   -9.60   30.37
C-G     0.00    0.00    0.00    0.00    0.00    0.00    0.35   -0.57    3.42    3.57   -3.61   41.17
T-A     0.00    0.00    0.00    0.00    0.00    0.00   -0.91   -0.44    3.43   -5.99    4.82   31.22
G-C     0.00    0.00    0.00    0.00    0.00    0.00   -0.32    2.32    3.01    2.32  -16.58   46.38
C-G     0.00    0.00    0.00    0.00    0.00    0.00    0.29    0.56    2.97    4.00    5.68   30.85
A-T     0.00    0.00    0.00    0.00    0.00    0.00    0.25    2.52    3.49    1.35   -4.93   44.31
G-C     0.00    0.00    0.00    0.00    0.00    0.00    0.38    0.86    2.88   -5.43    9.17   29.04
G-C     0.00    0.00    0.00    0.00    0.00    0.00   -0.47   -0.40    3.52   -0.37   16.68   32.12
T-A     0.00    0.00    0.00    0.00    0.00    0.00   -0.59   -0.58    3.35   -2.09    5.93   32.34
G-C     0.00    0.00    0.00    0.00    0.00    0.00    0.11    0.02    3.49    2.15   10.01   34.34
G-C     0.00    0.00    0.00    0.00    0.00    0.00    0.63    0.35    3.07   -0.42    5.24   28.47
A-T     0.00    0.00    0.00    0.00    0.00    0.00   -0.51   -0.43    3.22   -3.94    3.17   38.70
T-A     0.00    0.00    0.00    0.00    0.00    0.00   -0.14   -0.76    3.29   -0.48   -2.69   30.81
A-T     0.00    0.00    0.00    0.00    0.00    0.00   -0.25    0.00    3.67    1.57   -2.86   41.55
T-A     0.00    0.00    0.00    0.00    0.00    0.00   -0.51   -0.73    3.09   -5.51   -3.94   30.46
T-A     0.00    0.00    0.00    0.00    0.00    0.00    0.69    0.13    3.32    3.99    2.49   36.84
G-C     0.00    0.00    0.00    0.00    0.00    0.00   -0.20   -0.04    3.32    4.19    2.64   36.67
A-T     0.00    0.00    0.00    0.00    0.00    0.00   -0.07   -0.01    3.33   -2.82    7.36   29.55
T-A     0.00    0.00    0.00    0.00    0.00    0.00    0.80   -0.75    3.15   -0.79   -0.16   37.29
