 146 base-pairs
   0  ***local base-pair & step parameters***
       Shear  Stretch  Stagger Buckle Prop-Tw Opening   Shift  Slide    Rise    Tilt    Roll   Twist
A-T     0.00    0.00    0.00    0.00    0.00    0.00    0.00    0.00    0.00    0.00    0.00    0.00
T-A     0.00    0.00    0.00    0.00    0.00    0.00   -1.05   -0.83    3.28   -2.18   -1.32   30.44
C-G     0.00    0.00    0.00    0.00    0.00    0.00    1.02   -0.04    3.01    4.53    4.18   37.33
A-T     0.00    0.00    0.00    0.00    0.00    0.00   -0.41    0.75    3.44   -4.36    2.93   35.44
A-T     0.00    0.00    0.00    0.00    0.00    0.00   -0.39    0.14    3.24   -2.74    0.62   37.77
T-A     0.00    0.00    0.00    0.00    0.00    0.00    0.49   -0.69    3.06    6.43   -1.36   33.91
A-T     0.00    0.00    0.00    0.00    0.00    0.00   -0.12   -0.13    3.52   -4.50   -4.53   40.24
T-A     0.00    0.00    0.00    0.00    0.00    0.00    0.02   -1.05    3.25    6.47   -1.27   33.57
C-G     0.00    0.00    0.00    0.00    0.00    0.00    0.97    0.17    3.42   -0.25   -0.53   34.19
C-G     0.00    0.00    0.00    0.00    0.00    0.00   -0.35   -0.06    3.05   -0.45    8.83   26.59
A-T     0.00    0.00    0.00    0.00    0.00    0.00   -0.99    0.57    3.51   -1.03    7.31   32.36
C-G     0.00    0.00    0.00    0.00    0.00    0.00    0.33   -0.94    3.33   -2.12    5.63   34.41
C-G     0.00    0.00    0.00    0.00    0.00    0.00    0.58   -0.19    3.33    2.83   11.94   29.90
T-A     0.00    0.00    0.00    0.00    0.00    0.00   -1.01    0.31    3.64   -6.72    8.69   32.32
G-C     0.00    0.00    0.00    0.00    0.00    0.00    0.37    1.19    3.21    3.81   -7.74   40.47
C-G     0.00    0.00    0.00    0.00    0.00    0.00   -0.16    0.07    3.47   -5.66    5.06   37.19
A-T     0.00    0.00    0.00    0.00    0.00    0.00    0.07    1.73    3.11    2.32  -20.53   41.97
G-C     0.00    0.00    0.00    0.00    0.00    0.00    0.34    0.07    3.44    2.97    0.52   36.32
A-T     0.00    0.00    0.00    0.00    0.00    0.00    0.15   -0.91    3.25    2.08   -5.38   35.68
T-A     0.00    0.00    0.00    0.00    0.00    0.00    0.23    0.23    3.06    1.45   -4.68   37.52
T-A     0.00    0.00    0.00    0.00    0.00    0.00   -0.09   -1.41    3.31    3.90    3.00   29.19
C-G     0.00    0.00    0.00    0.00    0.00    0.00   -0.20   -0.34    2.77    4.48   10.73   26.78
T-A     0.00    0.00    0.00    0.00    0.00    0.00   -0.34   -0.36    3.84   -0.13   11.68   29.46
A-T     0.00    0.00    0.00    0.00    0.00    0.00    1.89    0.74    3.60    3.03   21.14   33.14
C-G     0.00    0.00    0.00    0.00    0.00    0.00   -1.09   -0.16    3.01  -12.19    4.88   30.91
C-G     0.00    0.00    0.00    0.00    0.00    0.00    0.44   -0.20    2.69   12.85    7.21   30.21
A-T     0.00    0.00    0.00    0.00    0.00    0.00    0.00    2.60    3.11   -3.22  -15.52   41.15
A-T     0.00    0.00    0.00    0.00    0.00    0.00    0.61    0.43    3.70    3.46    4.39   39.34
A-T     0.00    0.00    0.00    0.00    0.00    0.00    0.36   -0.24    3.25   -1.92   -9.37   40.61
A-T     0.00    0.00    0.00    0.00    0.00    0.00    0.03   -0.49    3.26   -0.96    3.61   31.02
G-C     0.00    0.00    0.00    0.00    0.00    0.00    0.21   -0.48    3.62   -0.22    0.24   37.51
T-A     0.00    0.00    0.00    0.00    0.00    0.00   -0.54   -0.78    2.92    4.28   -3.07   27.72
G-C     0.00    0.00    0.00    0.00    0.00    0.00    1.37    0.07    3.84    3.92   14.13   33.57
T-A     0.00    0.00    0.00    0.00    0.00    0.00   -1.45   -0.53    2.90   -3.98   16.55   24.78
A-T     0.00    0.00    0.00    0.00    0.00    0.00    0.14   -0.66    3.70   -4.19    0.02   41.93
T-A     0.00    0.00    0.00    0.00    0.00    0.00    0.53   -1.05    3.48    2.05    3.39   31.24
T-A     0.00    0.00    0.00    0.00    0.00    0.00    0.09   -0.24    3.05    1.96   -7.97   39.92
T-A     0.00    0.00    0.00    0.00    0.00    0.00   -0.07   -0.40    3.48   -5.76    3.56   30.87
G-C     0.00    0.00    0.00    0.00    0.00    0.00   -0.74    2.31    3.26    1.23  -20.09   47.62
G-C     0.00    0.00    0.00    0.00    0.00    0.00    0.86    1.04    3.41    5.69    4.97   30.11
A-T     0.00    0.00    0.00    0.00    0.00    0.00   -1.27    0.89    3.00  -10.59    0.52   35.94
A-T     0.00    0.00    0.00    0.00    0.00    0.00    0.47   -0.24    3.33   -1.82    5.55   34.38
A-T     0.00    0.00    0.00    0.00    0.00    0.00   -0.33   -0.12    3.53   -2.50   13.64   31.79
C-G     0.00    0.00    0.00    0.00    0.00    0.00    0.39   -0.44    2.92    5.21   -2.11   32.47
T-A     0.00    0.00    0.00    0.00    0.00    0.00    1.21   -0.09    3.37    0.42   13.19   34.09
G-C     0.00    0.00    0.00    0.00    0.00    0.00   -1.61    0.39    3.56   -5.52    9.20   36.62
C-G     0.00    0.00    0.00    0.00    0.00    0.00    0.70    1.01    3.62    0.90  -11.18   46.18
T-A     0.00    0.00    0.00    0.00    0.00    0.00   -1.33   -0.06    2.82   -1.45   -0.87   32.02
C-G     0.00    0.00    0.00    0.00    0.00    0.00    1.60    1.71    3.13    8.58  -11.76   42.29
C-G     0.00    0.00    0.00    0.00    0.00    0.00   -0.83    0.42    3.53   -4.47    7.20   35.91
A-T     0.00    0.00    0.00    0.00    0.00    0.00    0.30    1.06    3.38   -5.70   -4.47   42.12
T-A     0.00    0.00    0.00    0.00    0.00    0.00    0.71   -0.50    2.85    7.36   -0.01   28.36
C-G     0.00    0.00    0.00    0.00    0.00    0.00    0.43   -0.13    3.60    3.29   11.40   33.29
A-T     0.00    0.00    0.00    0.00    0.00    0.00   -0.52    0.36    4.10    3.06   17.99   35.17
A-T     0.00    0.00    0.00    0.00    0.00    0.00    0.59    0.56    3.01   -2.91    6.69   42.08
A-T     0.00    0.00    0.00    0.00    0.00    0.00   -0.85    0.47    3.11   -5.63   -3.76   35.92
A-T     0.00    0.00    0.00    0.00    0.00    0.00   -0.32   -0.92    3.45   -4.46   -1.13   35.32
G-C     0.00    0.00    0.00    0.00    0.00    0.00   -0.14    0.96    3.65   -1.58   -6.20   39.85
G-C     0.00    0.00    0.00    0.00    0.00    0.00   -0.93    0.17    3.26   -7.69  -28.38   31.47
C-G     0.00    0.00    0.00    0.00    0.00    0.00    1.30   -0.03    4.46    0.64  -21.89   38.22
A-T     0.00    0.00    0.00    0.00    0.00    0.00    0.01    0.83    3.29   15.61    8.20   42.13
T-A     0.00    0.00    0.00    0.00    0.00    0.00    0.29   -0.52    3.36   -4.24   16.52   22.83
G-C     0.00    0.00    0.00    0.00    0.00    0.00   -0.07    1.24    4.00    0.28    7.20   40.45
T-A     0.00    0.00    0.00    0.00    0.00    0.00   -0.62   -0.69    3.45   -1.51    8.94   26.91
T-A     0.00    0.00    0.00    0.00    0.00    0.00    0.20    0.15    2.98    2.92    2.87   32.83
C-G     0.00    0.00    0.00    0.00    0.00    0.00    0.88    0.61    3.18    5.46    6.99   35.92
A-T     0.00    0.00    0.00    0.00    0.00    0.00   -0.64    1.60    3.74   -2.81   -4.44   45.08
G-C     0.00    0.00    0.00    0.00    0.00    0.00    0.57    1.03    3.47    4.42   -2.57   32.57
C-G     0.00    0.00    0.00    0.00    0.00    0.00   -0.37    0.63    3.25   -4.95   -4.49   40.30
T-A     0.00    0.00    0.00    0.00    0.00    0.00    0.10    0.94    3.38    3.00   -0.20   37.00
G-C     0.00    0.00    0.00    0.00    0.00    0.00    0.78    1.09    3.09    0.07    2.58   34.59
A-T     0.00    0.00    0.00    0.00    0.00    0.00   -0.62    0.03    3.36   -5.60    7.83   33.60
A-T     0.00    0.00    0.00    0.00    0.00    0.00   -0.18   -0.26    3.26    0.66    4.97   34.57
T-A     0.00    0.00    0.00    0.00    0.00    0.00    0.09   -0.77    3.30   -0.21    7.22   28.75
T-A     0.00    0.00    0.00    0.00    0.00    0.00    0.05   -0.36    3.25    4.18    9.15   33.47
C-G     0.00    0.00    0.00    0.00    0.00    0.00   -0.09    0.26    3.28    0.52    5.94   30.93
A-T     0.00    0.00    0.00    0.00    0.00    0.00   -0.69    1.75    3.33   -0.22   -1.19   41.51
G-C     0.00    0.00    0.00    0.00    0.00    0.00    1.10    0.74    3.40   -1.33   -2.60   36.13
C-G     0.00    0.00    0.00    0.00    0.00    0.00   -1.25    1.07    3.37   -4.07   -7.72   38.86
T-A     0.00    0.00    0.00    0.00    0.00    0.00    1.29    1.40    3.68    4.82   -5.42   42.56
G-C     0.00    0.00    0.00    0.00    0.00    0.00   -0.67    0.91    3.04   -3.57    7.33   34.06
A-T     0.00    0.00    0.00    0.00    0.00    0.00   -0.59    0.19    3.29   -2.38    3.78   33.62
A-T     0.00    0.00    0.00    0.00    0.00    0.00    0.47    0.08    3.30    3.50    9.63   32.92
C-G     0.00    0.00    0.00    0.00    0.00    0.00    0.25   -0.48    3.37   -1.02    6.08   31.11
A-T     0.00    0.00    0.00    0.00    0.00    0.00   -0.58    0.53    3.59    0.44   10.27   35.15
T-A     0.00    0.00    0.00    0.00    0.00    0.00    0.39   -0.52    3.12    2.22    0.65   27.30
G-C     0.00    0.00    0.00    0.00    0.00    0.00    0.86    0.46    3.47   -1.71    9.16   36.83
C-G     0.00    0.00    0.00    0.00    0.00    0.00   -1.60    0.42    3.24   -1.38  -15.84   37.25
C-G     0.00    0.00    0.00    0.00    0.00    0.00    0.76    1.53    4.09    2.15   -6.66   45.71
T-A     0.00    0.00    0.00    0.00    0.00    0.00   -0.38    1.48    3.37    0.46   -9.32   42.16
T-A     0.00    0.00    0.00    0.00    0.00    0.00    0.33    0.08    2.85   -2.38    3.82   30.56
T-A     0.00    0.00    0.00    0.00    0.00    0.00    0.44   -0.01    3.36    1.38   10.62   31.50
T-A     0.00    0.00    0.00    0.00    0.00    0.00   -0.30    0.34    3.47    0.76   12.74   33.66
G-C     0.00    0.00    0.00    0.00    0.00    0.00    0.08   -1.17    3.79    6.42   19.68   22.79
A-T     0.00    0.00    0.00    0.00    0.00    0.00    0.18    0.00    3.00   -9.66    9.55   32.57
T-A     0.00    0.00    0.00    0.00    0.00    0.00   -0.38   -0.77    3.19   -2.71    2.59   25.75
G-C     0.00    0.00    0.00    0.00    0.00    0.00   -0.19    0.79    3.15    2.23   -1.17   38.16
G-C     0.00    0.00    0.00    0.00    0.00    0.00    0.97    0.43    3.52    6.12    2.88   34.55
A-T     0.00    0.00    0.00    0.00    0.00    0.00   -1.24    1.25    3.14   -8.57   -6.19   42.76
G-C     0.00    0.00    0.00    0.00    0.00    0.00    1.31    0.29    3.16    1.10   -6.43   34.80
C-G     0.00    0.00    0.00    0.00    0.00    0.00   -0.63    0.26    3.49   -1.45   -2.86   36.12
A-T     0.00    0.00    0.00    0.00    0.00    0.00    1.04    0.47    3.34    4.87    2.56   36.24
G-C     0.00    0.00    0.00    0.00    0.00    0.00   -1.17   -0.24    3.77   -4.08   11.45   36.67
T-A     0.00    0.00    0.00    0.00    0.00    0.00   -1.06   -0.41    3.17   -1.34   12.94   30.70
T-A     0.00    0.00    0.00    0.00    0.00    0.00   -0.53   -0.30    3.15   -1.27   -0.65   31.42
T-A     0.00    0.00    0.00    0.00    0.00    0.00    0.90    0.12    3.33    0.83    9.90   34.75
C-G     0.00    0.00    0.00    0.00    0.00    0.00    1.14    0.97    2.79    8.56    0.25   36.41
C-G     0.00    0.00    0.00    0.00    0.00    0.00   -1.14    0.99    3.58   -8.72    6.12   29.70
A-T     0.00    0.00    0.00    0.00    0.00    0.00    0.44    2.33    3.31    7.09  -18.83   48.89
A-T     0.00    0.00    0.00    0.00    0.00    0.00    0.00   -0.34    3.09   -2.87    3.43   32.02
A-T     0.00    0.00    0.00    0.00    0.00    0.00   -0.50   -0.49    3.64    1.14    3.49   37.42
T-A     0.00    0.00    0.00    0.00    0.00    0.00   -0.39   -0.51    3.17   -0.74   -4.67   31.76
A-T     0.00    0.00    0.00    0.00    0.00    0.00    0.18   -0.34    3.11  -11.51    3.65   37.93
C-G     0.00    0.00    0.00    0.00    0.00    0.00    0.10   -0.96    3.10    3.85    4.02   22.12
A-T     0.00    0.00    0.00    0.00    0.00    0.00    0.13   -0.27    3.87    4.14   11.62   42.03
C-G     0.00    0.00    0.00    0.00    0.00    0.00    0.64   -0.46    3.30   -0.66    6.67   34.73
T-A     0.00    0.00    0.00    0.00    0.00    0.00   -0.29   -0.16    3.25    1.59    6.54   33.83
T-A     0.00    0.00    0.00    0.00    0.00    0.00   -0.13   -0.01    3.51   -6.70   -4.48   34.82
T-A     0.00    0.00    0.00    0.00    0.00    0.00   -0.66   -0.31    2.93    4.08    0.63   32.96
T-A     0.00    0.00    0.00    0.00    0.00    0.00   -0.34    0.35    3.65   -3.09   -5.05   41.37
G-C     0.00    0.00    0.00    0.00    0.00    0.00   -0.14    2.50    3.22    1.04   -4.90   41.30
G-C     0.00    0.00    0.00    0.00    0.00    0.00   -0.42    0.16    2.64  -11.43    2.20   25.28
T-A     0.00    0.00    0.00    0.00    0.00    0.00    0.64   -0.37    3.31    3.17    7.96   31.96
A-T     0.00    0.00    0.00    0.00    0.00    0.00   -0.85    0.21    3.54    3.30   13.49   35.15
G-C     0.00    0.00    0.00    0.00    0.00    0.00    0.47    0.05    3.31    1.63   11.26   29.23
A-T     0.00    0.00    0.00    0.00    0.00    0.00   -0.47   -0.82    3.14   -6.39   14.86   25.12
A-T     0.00    0.00    0.00    0.00    0.00    0.00    0.91   -0.49    2.97   -6.78    0.96   36.48
T-A     0.00    0.00    0.00    0.00    0.00    0.00   -0.32   -1.07    3.38    0.49   -9.30   29.70
C-G     0.00    0.00    0.00    0.00    0.00    0.00    0.27   -0.54    3.50    2.43   -3.41   41.60
T-A     0.00    0.00    0.00    0.00    0.00    0.00   -0.93   -0.45    3.35   -4.70    4.31   31.29
G-C     0.00    0.00    0.00    0.00    0.00    0.00   -0.21    2.32    3.03    1.85  -16.09   45.97
C-G     0.00    0.00    0.00    0.00    0.00    0.00    0.17    0.57    3.02    3.23    5.47   31.22
A-T     0.00    0.00    0.00    0.00    0.00    0.00    0.31    2.51    3.42    2.81   -5.08   44.23
G-C     0.00    0.00    0.00    0.00    0.00    0.00    0.43    0.88    2.92   -6.48    9.61   28.88
G-C     0.00    0.00    0.00    0.00    0.00    0.00   -0.59   -0.40    3.53   -0.56   16.17   32.31
T-A     0.00    0.00    0.00    0.00    0.00    0.00   -0.48   -0.59    3.31   -0.77    6.21   32.25
G-C     0.00    0.00    0.00    0.00    0.00    0.00    0.10    0.04    3.54    0.67   10.18   34.35
G-C     0.00    0.00    0.00    0.00    0.00    0.00    0.54    0.33    3.06    0.06    4.66   28.45
A-T     0.00    0.00    0.00    0.00    0.00    0.00   -0.37   -0.43    3.20   -3.02    3.83   38.75
T-A     0.00    0.00    0.00    0.00    0.00    0.00   -0.23   -0.74    3.32   -2.11   -2.96   30.86
A-T     0.00    0.00    0.00    0.00    0.00    0.00   -0.28   -0.03    3.65    2.67   -3.26   41.33
T-A     0.00    0.00    0.00    0.00    0.00    0.00   -0.38   -0.70    3.09   -5.21   -3.06   30.73
T-A     0.00    0.00    0.00    0.00    0.00    0.00    0.55    0.13    3.33    2.50    1.75   36.77
G-C     0.00    0.00    0.00    0.00    0.00    0.00   -0.16   -0.08    3.31    5.73    2.64   36.36
A-T     0.00    0.00    0.00    0.00    0.00    0.00    0.02    0.03    3.36   -3.22    8.21   30.07
T-A     0.00    0.00    0.00    0.00    0.00    0.00    0.64   -0.77    3.13   -1.86   -1.29   36.99
