 146 base-pairs
   0  ***local base-pair & step parameters***
       Shear  Stretch  Stagger Buckle Prop-Tw Opening   Shift  Slide    Rise    Tilt    Roll   Twist
A-T     0.00    0.00    0.00    0.00    0.00    0.00    0.00    0.00    0.00    0.00    0.00    0.00
T-A     0.00    0.00    0.00    0.00    0.00    0.00   -0.92   -0.80    3.35   -2.43   -1.41   31.52
C-G     0.00    0.00    0.00    0.00    0.00    0.00    0.95   -0.03    2.92    5.02    3.68   37.46
A-T     0.00    0.00    0.00    0.00    0.00    0.00   -0.45    0.71    3.47   -4.74    3.68   34.24
A-T     0.00    0.00    0.00    0.00    0.00    0.00   -0.28    0.18    3.28   -2.79    0.14   39.07
T-A     0.00    0.00    0.00    0.00    0.00    0.00    0.41   -0.70    2.98    6.95   -1.52   33.50
A-T     0.00    0.00    0.00    0.00    0.00    0.00   -0.13   -0.15    3.58   -5.16   -3.82   39.48
T-A     0.00    0.00    0.00    0.00    0.00    0.00    0.11   -1.01    3.25    6.75   -2.05   34.86
C-G     0.00    0.00    0.00    0.00    0.00    0.00    0.89    0.15    3.36    0.13   -0.25   33.38
C-G     0.00    0.00    0.00    0.00    0.00    0.00   -0.35   -0.07    3.13   -1.27    9.29   26.32
A-T     0.00    0.00    0.00    0.00    0.00    0.00   -0.91    0.61    3.48   -0.37    6.41   33.45
C-G     0.00    0.00    0.00    0.00    0.00    0.00    0.25   -0.97    3.30   -2.07    6.32   33.38
C-G     0.00    0.00    0.00    0.00    0.00    0.00    0.60   -0.19    3.40    2.04   11.98   30.09
T-A     0.00    0.00    0.00    0.00    0.00    0.00   -0.94    0.33    3.58   -5.74    7.90   33.07
G-C     0.00    0.00    0.00    0.00    0.00    0.00    0.28    1.16    3.21    3.40   -6.76   39.41
C-G     0.00    0.00    0.00    0.00    0.00    0.00   -0.13    0.08    3.52   -6.21    4.61   37.73
A-T     0.00    0.00    0.00    0.00    0.00    0.00    0.14    1.73    3.05    3.47  -20.98   42.33
G-C     0.00    0.00    0.00    0.00    0.00    0.00    0.24    0.05    3.47    2.09    1.57   35.39
A-T     0.00    0.00    0.00    0.00    0.00    0.00    0.20   -0.89    3.27    1.97   -6.27   36.43
T-A     0.00    0.00    0.00    0.00    0.00    0.00    0.28    0.23    3.01    2.53   -4.64   37.52
T-A     0.00    0.00    0.00    0.00    0.00    0.00   -0.21   -1.42    3.36    2.63    3.87   28.51
C-G     0.00    0.00    0.00    0.00    0.00    0.00   -0.13   -0.33    2.76    4.95    9.56   27.57
T-A     0.00    0.00    0.00    0.00    0.00    0.00   -0.30   -0.37    3.80    0.63   12.27   29.17
A-T     0.00    0.00    0.00    0.00    0.00    0.00    1.76    0.74    3.65    1.57   21.60   32.75
C-G     0.00    0.00    0.00    0.00    0.00    0.00   -0.98   -0.16    2.97  -11.14    3.67   31.62
C-G     0.00    0.00    0.00    0.00    0.00    0.00    0.45   -0.20    2.69   13.06    8.27   29.76
A-T     0.00    0.00    0.00    0.00    0.00    0.00   -0.12    2.60    3.15   -4.60  -15.62   41.02
A-T     0.00    0.00    0.00    0.00    0.00    0.00    0.76    0.43    3.65    4.98    3.41   39.89
A-T     0.00    0.00    0.00    0.00    0.00    0.00    0.32   -0.23    3.27   -2.40   -8.02   40.12
A-T     0.00    0.00    0.00    0.00    0.00    0.00   -0.08   -0.49    3.27   -1.95    2.91   31.08
G-C     0.00    0.00    0.00    0.00    0.00    0.00    0.39   -0.49    3.58    1.52   -0.27   37.88
T-A     0.00    0.00    0.00    0.00    0.00    0.00   -0.64   -0.76    2.96    3.12   -1.70   27.26
G-C     0.00    0.00    0.00    0.00    0.00    0.00    1.31    0.06    3.83    3.57   12.92   33.74
T-A     0.00    0.00    0.00    0.00    0.00    0.00   -1.26   -0.53    2.88   -2.33   16.67   25.00
A-T     0.00    0.00    0.00    0.00    0.00    0.00   -0.03   -0.64    3.75   -5.89    1.12   41.56
T-A     0.00    0.00    0.00    0.00    0.00    0.00    0.53   -1.07    3.44    2.47    1.88   31.43
T-A     0.00    0.00    0.00    0.00    0.00    0.00    0.27   -0.24    3.04    3.20   -7.19   40.05
T-A     0.00    0.00    0.00    0.00    0.00    0.00   -0.29   -0.38    3.52   -7.74    4.13   30.58
G-C     0.00    0.00    0.00    0.00    0.00    0.00   -0.65    2.28    3.21    2.43  -21.60   47.78
G-C     0.00    0.00    0.00    0.00    0.00    0.00    0.99    1.06    3.44    6.23    6.29   30.21
A-T     0.00    0.00    0.00    0.00    0.00    0.00   -1.51    0.89    3.02  -12.50    0.40   35.69
A-T     0.00    0.00    0.00    0.00    0.00    0.00    0.64   -0.27    3.28    0.01    4.34   34.51
A-T     0.00    0.00    0.00    0.00    0.00    0.00   -0.28   -0.08    3.58   -2.81   15.28   31.91
C-G     0.00    0.00    0.00    0.00    0.00    0.00    0.16   -0.45    2.91    3.74   -2.93   32.20
T-A     0.00    0.00    0.00    0.00    0.00    0.00    1.46   -0.12    3.33    2.58   12.55   34.24
G-C     0.00    0.00    0.00    0.00    0.00    0.00   -1.66    0.43    3.61   -6.70   10.83   36.77
C-G     0.00    0.00    0.00    0.00    0.00    0.00    0.51    0.98    3.58    0.16  -12.57   45.84
T-A     0.00    0.00    0.00    0.00    0.00    0.00   -1.04   -0.07    2.82    0.67   -0.78   32.24
C-G     0.00    0.00    0.00    0.00    0.00    0.00    1.44    1.76    3.18    6.70  -10.45   42.42
C-G     0.00    0.00    0.00    0.00    0.00    0.00   -0.93    0.37    3.46   -4.30    5.47   35.49
A-T     0.00    0.00    0.00    0.00    0.00    0.00    0.59    1.07    3.41   -4.00   -3.64   42.48
T-A     0.00    0.00    0.00    0.00    0.00    0.00    0.45   -0.46    2.88    5.08    0.71   28.40
C-G     0.00    0.00    0.00    0.00    0.00    0.00    0.45   -0.18    3.53    4.39    9.67   32.83
A-T     0.00    0.00    0.00    0.00    0.00    0.00   -0.27    0.39    4.16    4.00   19.43   35.69
A-T     0.00    0.00    0.00    0.00    0.00    0.00    0.27    0.58    3.01   -5.20    6.65   41.94
A-T     0.00    0.00    0.00    0.00    0.00    0.00   -0.71    0.41    3.05   -3.75   -5.16   35.50
A-T     0.00    0.00    0.00    0.00    0.00    0.00   -0.17   -0.87    3.53   -4.47    0.65   36.00
G-C     0.00    0.00    0.00    0.00    0.00    0.00   -0.48    0.96    3.61   -3.46   -7.01   39.46
G-C     0.00    0.00    0.00    0.00    0.00    0.00   -0.67    0.12    3.23   -5.36  -29.17   31.20
C-G     0.00    0.00    0.00    0.00    0.00    0.00    1.33    0.04    4.54   -0.34  -20.09   38.97
A-T     0.00    0.00    0.00    0.00    0.00    0.00   -0.29    0.80    3.22   14.48    6.77   41.47
T-A     0.00    0.00    0.00    0.00    0.00    0.00    0.63   -0.55    3.37   -1.86   16.50   22.83
G-C     0.00    0.00    0.00    0.00    0.00    0.00   -0.18    1.32    4.07   -1.52    8.67   41.16
T-A     0.00    0.00    0.00    0.00    0.00    0.00   -0.83   -0.75    3.36   -1.69    7.14   26.01
T-A     0.00    0.00    0.00    0.00    0.00    0.00    0.57    0.14    3.03    4.94    3.63   33.19
C-G     0.00    0.00    0.00    0.00    0.00    0.00    0.63    0.67    3.21    3.15    7.84   36.43
A-T     0.00    0.00    0.00    0.00    0.00    0.00   -0.71    1.52    3.65   -2.00   -6.27   44.05
G-C     0.00    0.00    0.00    0.00    0.00    0.00    0.92    1.06    3.56    5.72   -1.16   33.31
C-G     0.00    0.00    0.00    0.00    0.00    0.00   -0.72    0.67    3.24   -7.37   -4.41   40.47
T-A     0.00    0.00    0.00    0.00    0.00    0.00    0.17    0.85    3.31    4.67   -1.71   36.00
G-C     0.00    0.00    0.00    0.00    0.00    0.00    1.05    1.15    3.19    0.43    4.35   35.66
A-T     0.00    0.00    0.00    0.00    0.00    0.00   -1.02    0.04    3.31   -7.70    7.13   33.32
A-T     0.00    0.00    0.00    0.00    0.00    0.00    0.04   -0.33    3.23    2.89    4.07   33.79
T-A     0.00    0.00    0.00    0.00    0.00    0.00    0.22   -0.69    3.40   -0.84    9.03   30.02
T-A     0.00    0.00    0.00    0.00    0.00    0.00   -0.33   -0.39    3.16    2.74    7.80   32.71
C-G     0.00    0.00    0.00    0.00    0.00    0.00    0.25    0.20    3.30    2.91    5.80   30.55
A-T     0.00    0.00    0.00    0.00    0.00    0.00   -0.71    1.85    3.41   -1.72    0.31   42.78
G-C     0.00    0.00    0.00    0.00    0.00    0.00    0.79    0.68    3.29   -1.86   -4.32   34.95
C-G     0.00    0.00    0.00    0.00    0.00    0.00   -0.85    1.05    3.43   -1.94   -7.09   39.01
T-A     0.00    0.00    0.00    0.00    0.00    0.00    1.11    1.48    3.72    2.74   -4.50   43.61
G-C     0.00    0.00    0.00    0.00    0.00    0.00   -0.85    0.82    2.93   -3.13    5.56   32.60
A-T     0.00    0.00    0.00    0.00    0.00    0.00   -0.19    0.21    3.39   -0.87    5.04   34.34
A-T     0.00    0.00    0.00    0.00    0.00    0.00    0.15    0.15    3.29    1.21    9.82   33.53
C-G     0.00    0.00    0.00    0.00    0.00    0.00    0.22   -0.58    3.28    0.28    4.61   29.60
A-T     0.00    0.00    0.00    0.00    0.00    0.00   -0.24    0.59    3.71    1.10   11.90   36.38
T-A     0.00    0.00    0.00    0.00    0.00    0.00    0.00   -0.49    3.06    0.13    0.09   27.33
G-C     0.00    0.00    0.00    0.00    0.00    0.00    1.00    0.37    3.43    0.18    8.24   35.53
C-G     0.00    0.00    0.00    0.00    0.00    0.00   -1.37    0.51    3.36   -1.63  -14.16   38.83
C-G     0.00    0.00    0.00    0.00    0.00    0.00    0.35    1.51    3.99    0.62   -7.82   45.09
T-A     0.00    0.00    0.00    0.00    0.00    0.00   -0.10    1.41    3.38    2.58   -9.54   41.31
T-A     0.00    0.00    0.00    0.00    0.00    0.00    0.40    0.18    2.95   -3.46    5.22   32.25
T-A     0.00    0.00    0.00    0.00    0.00    0.00    0.07   -0.06    3.24    0.62    9.11   30.28
T-A     0.00    0.00    0.00    0.00    0.00    0.00    0.07    0.30    3.53    2.73   13.22   33.43
G-C     0.00    0.00    0.00    0.00    0.00    0.00   -0.01   -1.07    3.84    4.77   20.56   24.31
A-T     0.00    0.00    0.00    0.00    0.00    0.00   -0.08   -0.08    2.87   -9.56    8.00   30.93
T-A     0.00    0.00    0.00    0.00    0.00    0.00    0.03   -0.77    3.30   -1.22    3.64   26.23
G-C     0.00    0.00    0.00    0.00    0.00    0.00   -0.42    0.87    3.15    0.33   -0.95   39.24
G-C     0.00    0.00    0.00    0.00    0.00    0.00    0.86    0.33    3.42    6.97    1.59   32.73
A-T     0.00    0.00    0.00    0.00    0.00    0.00   -0.87    1.29    3.27   -7.77   -4.82   43.90
G-C     0.00    0.00    0.00    0.00    0.00    0.00    0.97    0.34    3.09   -0.69   -6.87   35.23
C-G     0.00    0.00    0.00    0.00    0.00    0.00   -0.59    0.16    3.44   -0.05   -3.66   34.42
A-T     0.00    0.00    0.00    0.00    0.00    0.00    1.32    0.55    3.47    4.91    3.96   37.88
G-C     0.00    0.00    0.00    0.00    0.00    0.00   -1.55   -0.23    3.66   -5.46   10.51   36.36
T-A     0.00    0.00    0.00    0.00    0.00    0.00   -0.87   -0.50    3.17    0.30   12.74   29.42
T-A     0.00    0.00    0.00    0.00    0.00    0.00   -0.38   -0.20    3.25   -1.91    0.50   33.31
T-A     0.00    0.00    0.00    0.00    0.00    0.00    0.54    0.08    3.20    0.05    8.68   33.72
C-G     0.00    0.00    0.00    0.00    0.00    0.00    1.43    0.91    2.85   10.12    0.64   35.76
C-G     0.00    0.00    0.00    0.00    0.00    0.00   -1.13    1.09    3.64   -9.84    6.81   31.53
A-T     0.00    0.00    0.00    0.00    0.00    0.00    0.14    2.25    3.18    6.97  -20.05   47.31
A-T     0.00    0.00    0.00    0.00    0.00    0.00    0.34   -0.35    3.19   -1.65    4.28   32.13
A-T     0.00    0.00    0.00    0.00    0.00    0.00   -0.63   -0.40    3.64   -0.20    3.62   38.87
T-A     0.00    0.00    0.00    0.00    0.00    0.00   -0.57   -0.60    3.06   -0.29   -5.65   29.86
A-T     0.00    0.00    0.00    0.00    0.00    0.00    0.53   -0.31    3.24  -10.81    4.72   38.79
C-G     0.00    0.00    0.00    0.00    0.00    0.00   -0.13   -0.90    3.04    2.58    3.64   22.97
A-T     0.00    0.00    0.00    0.00    0.00    0.00    0.08   -0.37    3.81    5.00   11.07   40.14
C-G     0.00    0.00    0.00    0.00    0.00    0.00    0.93   -0.39    3.42   -0.50    7.70   36.20
T-A     0.00    0.00    0.00    0.00    0.00    0.00   -0.59   -0.14    3.15    0.61    5.78   33.93
T-A     0.00    0.00    0.00    0.00    0.00    0.00   -0.05   -0.10    3.50   -5.68   -4.53   33.24
T-A     0.00    0.00    0.00    0.00    0.00    0.00   -0.46   -0.23    3.03    3.77    1.41   34.80
T-A     0.00    0.00    0.00    0.00    0.00    0.00   -0.65    0.33    3.53   -3.65   -5.97   40.71
G-C     0.00    0.00    0.00    0.00    0.00    0.00    0.03    2.44    3.27    1.99   -4.50   40.28
G-C     0.00    0.00    0.00    0.00    0.00    0.00   -0.34    0.25    2.71  -12.04    2.57   27.17
T-A     0.00    0.00    0.00    0.00    0.00    0.00    0.36   -0.42    3.19    3.04    7.12   30.65
A-T     0.00    0.00    0.00    0.00    0.00    0.00   -0.61    0.18    3.63    4.01   14.18   34.86
G-C     0.00    0.00    0.00    0.00    0.00    0.00    0.45    0.13    3.32    0.92   11.18   30.87
A-T     0.00    0.00    0.00    0.00    0.00    0.00   -0.67   -0.89    3.04   -6.18   14.29   23.40
A-T     0.00    0.00    0.00    0.00    0.00    0.00    1.17   -0.48    3.08   -6.41    1.74   36.93
T-A     0.00    0.00    0.00    0.00    0.00    0.00   -0.43   -1.01    3.33   -0.12   -9.75   30.84
C-G     0.00    0.00    0.00    0.00    0.00    0.00    0.15   -0.63    3.44    2.83   -3.58   39.76
T-A     0.00    0.00    0.00    0.00    0.00    0.00   -0.69   -0.41    3.47   -4.65    4.96   32.39
G-C     0.00    0.00    0.00    0.00    0.00    0.00   -0.39    2.35    2.95    1.47  -16.75   46.44
C-G     0.00    0.00    0.00    0.00    0.00    0.00    0.14    0.49    3.01    3.64    5.69   29.57
A-T     0.00    0.00    0.00    0.00    0.00    0.00    0.50    2.57    3.51    2.64   -4.74   45.77
G-C     0.00    0.00    0.00    0.00    0.00    0.00    0.23    0.88    2.81   -6.60    8.95   28.64
G-C     0.00    0.00    0.00    0.00    0.00    0.00   -0.53   -0.46    3.57   -0.29   16.69   31.10
T-A     0.00    0.00    0.00    0.00    0.00    0.00   -0.35   -0.51    3.36   -1.00    6.17   33.96
G-C     0.00    0.00    0.00    0.00    0.00    0.00   -0.10    0.01    3.43    0.76    9.71   33.48
G-C     0.00    0.00    0.00    0.00    0.00    0.00    0.65    0.30    3.13    0.11    5.31   27.83
A-T     0.00    0.00    0.00    0.00    0.00    0.00   -0.32   -0.36    3.21   -3.16    3.44   40.34
T-A     0.00    0.00    0.00    0.00    0.00    0.00   -0.40   -0.79    3.23   -1.93   -3.08   29.54
A-T     0.00    0.00    0.00    0.00    0.00    0.00   -0.14   -0.03    3.75    2.50   -2.70   41.37
T-A     0.00    0.00    0.00    0.00    0.00    0.00   -0.39   -0.65    3.06   -5.14   -3.69   31.97
T-A     0.00    0.00    0.00    0.00    0.00    0.00    0.43    0.08    3.28    2.61    2.01   35.24
G-C     0.00    0.00    0.00    0.00    0.00    0.00   -0.01   -0.06    3.40    5.44    2.93   37.00
A-T     0.00    0.00    0.00    0.00    0.00    0.00   -0.02    0.06    3.29   -2.91    7.55   30.78
T-A     0.00    0.00    0.00    0.00    0.00    0.00    0.56   -0.82    3.12   -1.95   -0.70   35.51
