 146 base-pairs
   0  ***local base-pair & step parameters***
       Shear  Stretch  Stagger Buckle Prop-Tw Opening   Shift  Slide    Rise    Tilt    Roll   Twist
A-T     0.00    0.00    0.00    0.00    0.00    0.00    0.00    0.00    0.00    0.00    0.00    0.00
T-A     0.00    0.00    0.00    0.00    0.00    0.00   -0.88   -0.75    3.31   -3.99   -0.99   31.23
C-G     0.00    0.00    0.00    0.00    0.00    0.00    0.78   -0.14    2.92    5.28    4.11   36.42
A-T     0.00    0.00    0.00    0.00    0.00    0.00   -0.31    0.78    3.51   -3.51    2.90   35.72
A-T     0.00    0.00    0.00    0.00    0.00    0.00   -0.28    0.20    3.24   -4.45    0.47   38.39
T-A     0.00    0.00    0.00    0.00    0.00    0.00    0.30   -0.80    2.99    7.62   -1.10   32.81
A-T     0.00    0.00    0.00    0.00    0.00    0.00   -0.03   -0.06    3.61   -4.29   -4.51   40.94
T-A     0.00    0.00    0.00    0.00    0.00    0.00    0.09   -1.01    3.21    5.12   -1.82   33.88
C-G     0.00    0.00    0.00    0.00    0.00    0.00    0.85    0.06    3.39    1.13    0.21   33.08
C-G     0.00    0.00    0.00    0.00    0.00    0.00   -0.31    0.02    3.14   -0.82    8.64   27.62
A-T     0.00    0.00    0.00    0.00    0.00    0.00   -0.92    0.58    3.44   -1.83    6.55   32.25
C-G     0.00    0.00    0.00    0.00    0.00    0.00    0.25   -1.04    3.34   -0.86    6.87   33.48
C-G     0.00    0.00    0.00    0.00    0.00    0.00    0.57   -0.09    3.40    2.07   11.30   31.13
T-A     0.00    0.00    0.00    0.00    0.00    0.00   -0.91    0.29    3.55   -6.92    7.99   31.79
G-C     0.00    0.00    0.00    0.00    0.00    0.00    0.30    1.12    3.26    4.70   -6.10   39.87
C-G     0.00    0.00    0.00    0.00    0.00    0.00   -0.22    0.17    3.50   -6.55    3.84   38.43
A-T     0.00    0.00    0.00    0.00    0.00    0.00    0.23    1.68    3.03    2.64  -20.90   41.10
G-C     0.00    0.00    0.00    0.00    0.00    0.00    0.25    0.03    3.52    3.33    2.34   36.13
A-T     0.00    0.00    0.00    0.00    0.00    0.00    0.06   -0.82    3.24    1.35   -7.18   36.75
T-A     0.00    0.00    0.00    0.00    0.00    0.00    0.44    0.18    3.00    2.08   -4.51   36.45
T-A     0.00    0.00    0.00    0.00    0.00    0.00   -0.24   -1.43    3.41    3.70    4.73   29.43
C-G     0.00    0.00    0.00    0.00    0.00    0.00   -0.28   -0.28    2.72    4.16    8.48   27.52
T-A     0.00    0.00    0.00    0.00    0.00    0.00   -0.07   -0.42    3.81    0.54   12.52   28.37
A-T     0.00    0.00    0.00    0.00    0.00    0.00    1.67    0.74    3.69    2.37   22.51   33.71
C-G     0.00    0.00    0.00    0.00    0.00    0.00   -1.13   -0.11    2.93  -11.97    2.40   31.25
C-G     0.00    0.00    0.00    0.00    0.00    0.00    0.74   -0.24    2.71   13.29    8.70   29.30
A-T     0.00    0.00    0.00    0.00    0.00    0.00   -0.29    2.61    3.18   -4.13  -14.74   41.90
A-T     0.00    0.00    0.00    0.00    0.00    0.00    0.64    0.46    3.61    4.25    1.97   39.29
A-T     0.00    0.00    0.00    0.00    0.00    0.00    0.65   -0.27    3.30   -1.96   -7.36   40.00
A-T     0.00    0.00    0.00    0.00    0.00    0.00   -0.34   -0.48    3.29   -1.83    3.70   31.76
G-C     0.00    0.00    0.00    0.00    0.00    0.00    0.33   -0.47    3.54    0.99   -1.85   37.17
T-A     0.00    0.00    0.00    0.00    0.00    0.00   -0.29   -0.78    3.00    3.65   -0.79   27.48
G-C     0.00    0.00    0.00    0.00    0.00    0.00    0.97    0.07    3.83    3.37   13.55   34.14
T-A     0.00    0.00    0.00    0.00    0.00    0.00   -1.25   -0.52    2.85   -2.57   15.01   24.30
A-T     0.00    0.00    0.00    0.00    0.00    0.00    0.31   -0.65    3.79   -5.39    2.30   42.04
T-A     0.00    0.00    0.00    0.00    0.00    0.00    0.12   -1.07    3.43    2.03    2.28   31.49
T-A     0.00    0.00    0.00    0.00    0.00    0.00    0.38   -0.23    3.03    3.29   -8.86   39.49
T-A     0.00    0.00    0.00    0.00    0.00    0.00    0.01   -0.38    3.56   -7.40    5.57   31.23
G-C     0.00    0.00    0.00    0.00    0.00    0.00   -1.12    2.26    3.18    1.85  -21.48   47.51
G-C     0.00    0.00    0.00    0.00    0.00    0.00    1.21    1.07    3.44    6.66    4.69   29.89
A-T     0.00    0.00    0.00    0.00    0.00    0.00   -1.28    0.90    3.05  -12.43    2.05   36.38
A-T     0.00    0.00    0.00    0.00    0.00    0.00    0.15   -0.30    3.24   -0.58    4.15   33.95
A-T     0.00    0.00    0.00    0.00    0.00    0.00    0.03   -0.06    3.58   -2.11   13.82   31.91
C-G     0.00    0.00    0.00    0.00    0.00    0.00    0.30   -0.44    2.93    3.48   -1.14   32.81
T-A     0.00    0.00    0.00    0.00    0.00    0.00    0.98   -0.16    3.29    2.11   12.04   33.45
G-C     0.00    0.00    0.00    0.00    0.00    0.00   -1.27    0.47    3.63   -5.80    9.59   37.11
C-G     0.00    0.00    0.00    0.00    0.00    0.00    0.55    0.99    3.59   -0.46  -10.71   46.26
T-A     0.00    0.00    0.00    0.00    0.00    0.00   -1.48   -0.12    2.78    0.43   -1.58   31.34
C-G     0.00    0.00    0.00    0.00    0.00    0.00    1.89    1.80    3.21    7.68  -11.42   43.10
C-G     0.00    0.00    0.00    0.00    0.00    0.00   -1.01    0.37    3.46   -5.25    7.32   35.61
A-T     0.00    0.00    0.00    0.00    0.00    0.00    0.22    1.01    3.38   -3.91   -4.69   41.60
T-A     0.00    0.00    0.00    0.00    0.00    0.00    0.93   -0.40    2.91    6.01    0.03   29.36
C-G     0.00    0.00    0.00    0.00    0.00    0.00    0.27   -0.20    3.51    3.17   11.43   32.60
A-T     0.00    0.00    0.00    0.00    0.00    0.00   -0.56    0.34    4.14    4.48   18.19   34.95
A-T     0.00    0.00    0.00    0.00    0.00    0.00    0.75    0.66    3.04   -4.45    6.27   43.10
A-T     0.00    0.00    0.00    0.00    0.00    0.00   -0.97    0.38    3.02   -5.15   -3.55   34.89
A-T     0.00    0.00    0.00    0.00    0.00    0.00   -0.35   -0.92    3.52   -3.60   -0.70   35.51
G-C     0.00    0.00    0.00    0.00    0.00    0.00   -0.03    1.05    3.64   -3.01   -7.11   40.69
G-C     0.00    0.00    0.00    0.00    0.00    0.00   -0.99    0.07    3.19   -6.81  -27.77   30.25
C-G     0.00    0.00    0.00    0.00    0.00    0.00    1.25    0.01    4.55    0.90  -21.49   38.83
A-T     0.00    0.00    0.00    0.00    0.00    0.00    0.10    0.89    3.24   14.54    6.91   42.64
T-A     0.00    0.00    0.00    0.00    0.00    0.00    0.28   -0.63    3.33   -3.21   17.67   21.60
G-C     0.00    0.00    0.00    0.00    0.00    0.00   -0.17    1.30    4.09   -0.01    7.31   41.40
T-A     0.00    0.00    0.00    0.00    0.00    0.00   -0.52   -0.66    3.37   -2.05    7.46   27.01
T-A     0.00    0.00    0.00    0.00    0.00    0.00    0.22    0.05    2.99    3.81    4.57   31.78
C-G     0.00    0.00    0.00    0.00    0.00    0.00    0.72    0.68    3.24    4.84    6.58   37.07
A-T     0.00    0.00    0.00    0.00    0.00    0.00   -0.48    1.61    3.64   -2.78   -5.84   44.75
G-C     0.00    0.00    0.00    0.00    0.00    0.00    0.59    0.95    3.52    4.92   -0.43   31.84
C-G     0.00    0.00    0.00    0.00    0.00    0.00   -0.58    0.70    3.28   -5.65   -5.54   41.46
T-A     0.00    0.00    0.00    0.00    0.00    0.00    0.31    0.92    3.29    3.51   -1.24   36.32
G-C     0.00    0.00    0.00    0.00    0.00    0.00    0.77    1.04    3.17    0.03    4.92   34.27
A-T     0.00    0.00    0.00    0.00    0.00    0.00   -0.86    0.09    3.35   -6.08    6.14   34.60
A-T     0.00    0.00    0.00    0.00    0.00    0.00    0.11   -0.28    3.19    1.43    4.52   33.71
T-A     0.00    0.00    0.00    0.00    0.00    0.00    0.02   -0.80    3.39   -0.80    9.49   28.83
T-A     0.00    0.00    0.00    0.00    0.00    0.00   -0.18   -0.32    3.20    4.14    6.96   34.16
C-G     0.00    0.00    0.00    0.00    0.00    0.00    0.26    0.23    3.26    1.28    6.18   30.06
A-T     0.00    0.00    0.00    0.00    0.00    0.00   -0.85    1.74    3.41   -1.24    0.72   41.90
G-C     0.00    0.00    0.00    0.00    0.00    0.00    0.92    0.77    3.32   -0.80   -5.05   36.44
C-G     0.00    0.00    0.00    0.00    0.00    0.00   -0.86    1.06    3.39   -3.60   -6.80   38.17
T-A     0.00    0.00    0.00    0.00    0.00    0.00    1.04    1.39    3.75    3.58   -4.07   43.11
G-C     0.00    0.00    0.00    0.00    0.00    0.00   -0.78    0.91    2.95   -2.47    4.90   34.00
A-T     0.00    0.00    0.00    0.00    0.00    0.00   -0.20    0.20    3.35   -2.43    5.22   33.23
A-T     0.00    0.00    0.00    0.00    0.00    0.00    0.13    0.07    3.33    2.33   10.32   33.44
C-G     0.00    0.00    0.00    0.00    0.00    0.00    0.23   -0.49    3.29    0.52    3.95   30.79
A-T     0.00    0.00    0.00    0.00    0.00    0.00   -0.23    0.56    3.67   -0.23   12.01   35.13
T-A     0.00    0.00    0.00    0.00    0.00    0.00    0.01   -0.54    3.11    1.40    0.69   27.62
G-C     0.00    0.00    0.00    0.00    0.00    0.00    0.94    0.46    3.42    0.01    7.52   36.41
C-G     0.00    0.00    0.00    0.00    0.00    0.00   -1.31    0.47    3.33   -2.65  -14.09   37.56
C-G     0.00    0.00    0.00    0.00    0.00    0.00    0.36    1.48    4.04    1.91   -7.10   45.71
T-A     0.00    0.00    0.00    0.00    0.00    0.00   -0.22    1.49    3.36    2.08  -10.37   41.82
T-A     0.00    0.00    0.00    0.00    0.00    0.00    0.52    0.13    2.93   -4.10    5.31   31.08
T-A     0.00    0.00    0.00    0.00    0.00    0.00    0.07   -0.08    3.29    1.80    9.93   31.13
T-A     0.00    0.00    0.00    0.00    0.00    0.00   -0.08    0.36    3.50    2.01   12.24   33.57
G-C     0.00    0.00    0.00    0.00    0.00    0.00    0.19   -1.13    3.84    4.51   20.73   23.37
A-T     0.00    0.00    0.00    0.00    0.00    0.00   -0.14   -0.09    2.92   -8.62    8.89   31.88
T-A     0.00    0.00    0.00    0.00    0.00    0.00   -0.13   -0.72    3.26   -2.04    2.47   26.02
G-C     0.00    0.00    0.00    0.00    0.00    0.00   -0.16    0.82    3.16    0.41   -0.62   38.60
G-C     0.00    0.00    0.00    0.00    0.00    0.00    0.73    0.34    3.46    7.61    2.50   33.67
A-T     0.00    0.00    0.00    0.00    0.00    0.00   -1.01    1.33    3.23   -8.56   -6.17   43.41
G-C     0.00    0.00    0.00    0.00    0.00    0.00    1.29    0.29    3.12   -0.34   -6.33   34.94
C-G     0.00    0.00    0.00    0.00    0.00    0.00   -0.80    0.17    3.46    0.24   -2.81   35.21
A-T     0.00    0.00    0.00    0.00    0.00    0.00    1.23    0.57    3.43    4.27    2.44   37.22
G-C     0.00    0.00    0.00    0.00    0.00    0.00   -1.20   -0.26    3.70   -4.96   11.29   36.42
T-A     0.00    0.00    0.00    0.00    0.00    0.00   -1.17   -0.49    3.18    0.25   13.47   29.97
T-A     0.00    0.00    0.00    0.00    0.00    0.00   -0.41   -0.19    3.22   -2.30   -1.13   32.59
T-A     0.00    0.00    0.00    0.00    0.00    0.00    0.89    0.07    3.24    0.58    9.73   34.08
C-G     0.00    0.00    0.00    0.00    0.00    0.00    1.05    0.92    2.84    9.79    1.17   36.00
C-G     0.00    0.00    0.00    0.00    0.00    0.00   -1.07    1.10    3.62   -9.91    5.14   30.88
A-T     0.00    0.00    0.00    0.00    0.00    0.00    0.47    2.25    3.22    7.40  -18.74   47.88
A-T     0.00    0.00    0.00    0.00    0.00    0.00   -0.10   -0.36    3.17   -2.18    4.55   32.03
A-T     0.00    0.00    0.00    0.00    0.00    0.00   -0.46   -0.39    3.63    0.06    1.98   38.42
T-A     0.00    0.00    0.00    0.00    0.00    0.00   -0.30   -0.59    3.10   -0.07   -4.10   30.55
A-T     0.00    0.00    0.00    0.00    0.00    0.00    0.05   -0.33    3.20  -11.41    4.69   38.37
C-G     0.00    0.00    0.00    0.00    0.00    0.00    0.13   -0.88    3.05    3.15    2.09   22.80
A-T     0.00    0.00    0.00    0.00    0.00    0.00    0.27   -0.36    3.84    4.92   12.80   40.81
C-G     0.00    0.00    0.00    0.00    0.00    0.00    0.44   -0.43    3.38   -1.05    7.36   35.51
T-A     0.00    0.00    0.00    0.00    0.00    0.00   -0.23   -0.11    3.16    1.43    4.42   34.09
T-A     0.00    0.00    0.00    0.00    0.00    0.00    0.04   -0.09    3.52   -6.11   -2.69   33.77
T-A     0.00    0.00    0.00    0.00    0.00    0.00   -0.93   -0.27    2.99    3.40    0.75   33.94
T-A     0.00    0.00    0.00    0.00    0.00    0.00   -0.22    0.38    3.55   -2.69   -7.09   41.23
G-C     0.00    0.00    0.00    0.00    0.00    0.00    0.02    2.45    3.27    1.20   -2.63   40.56
G-C     0.00    0.00    0.00    0.00    0.00    0.00   -0.74    0.20    2.67  -12.12    1.64   26.26
T-A     0.00    0.00    0.00    0.00    0.00    0.00    0.84   -0.37    3.22    4.01    6.29   31.49
A-T     0.00    0.00    0.00    0.00    0.00    0.00   -0.74    0.17    3.62    2.91   16.00   34.81
G-C     0.00    0.00    0.00    0.00    0.00    0.00    0.12    0.08    3.29    1.20   10.03   30.04
A-T     0.00    0.00    0.00    0.00    0.00    0.00   -0.18   -0.82    3.07   -5.33   13.76   24.48
A-T     0.00    0.00    0.00    0.00    0.00    0.00    0.95   -0.50    3.06   -7.73    3.43   36.51
T-A     0.00    0.00    0.00    0.00    0.00    0.00   -0.67   -1.06    3.32    0.55  -11.06   30.21
C-G     0.00    0.00    0.00    0.00    0.00    0.00    0.63   -0.54    3.47    3.44   -3.82   40.97
T-A     0.00    0.00    0.00    0.00    0.00    0.00   -0.98   -0.45    3.43   -6.09    6.47   31.61
G-C     0.00    0.00    0.00    0.00    0.00    0.00   -0.52    2.31    2.95    2.52  -18.14   46.11
C-G     0.00    0.00    0.00    0.00    0.00    0.00    0.57    0.59    3.03    3.91    5.72   30.79
A-T     0.00    0.00    0.00    0.00    0.00    0.00    0.16    2.51    3.47    1.22   -3.45   44.66
G-C     0.00    0.00    0.00    0.00    0.00    0.00    0.19    0.85    2.83   -5.22    7.56   28.68
G-C     0.00    0.00    0.00    0.00    0.00    0.00   -0.18   -0.37    3.58   -0.44   16.93   32.19
T-A     0.00    0.00    0.00    0.00    0.00    0.00   -0.71   -0.60    3.32   -2.26    7.23   32.62
G-C     0.00    0.00    0.00    0.00    0.00    0.00   -0.05    0.01    3.46    2.38    8.39   33.92
G-C     0.00    0.00    0.00    0.00    0.00    0.00    0.93    0.39    3.13   -0.47    5.69   28.69
A-T     0.00    0.00    0.00    0.00    0.00    0.00   -0.66   -0.46    3.17   -4.14    4.27   38.89
T-A     0.00    0.00    0.00    0.00    0.00    0.00   -0.28   -0.77    3.27   -0.21   -4.29   30.36
A-T     0.00    0.00    0.00    0.00    0.00    0.00    0.04    0.05    3.73    1.52   -2.24   41.89
T-A     0.00    0.00    0.00    0.00    0.00    0.00   -0.69   -0.76    3.03   -5.75   -3.05   30.52
T-A     0.00    0.00    0.00    0.00    0.00    0.00    0.58    0.12    3.32    4.30    0.95   36.39
G-C     0.00    0.00    0.00    0.00    0.00    0.00    0.09    0.00    3.37    4.12    3.40   37.13
A-T     0.00    0.00    0.00    0.00    0.00    0.00   -0.27   -0.05    3.27   -3.08    8.05   29.48
T-A     0.00    0.00    0.00    0.00    0.00    0.00    0.72   -0.76    3.16   -0.43   -1.61   36.89
