 146 base-pairs
   0  ***local base-pair & step parameters***
       Shear  Stretch  Stagger Buckle Prop-Tw Opening   Shift  Slide    Rise    Tilt    Roll   Twist
A-T     0.00    0.00    0.00    0.00    0.00    0.00    0.00    0.00    0.00    0.00    0.00    0.00
T-A     0.00    0.00    0.00    0.00    0.00    0.00   -1.11   -0.79    3.34   -3.37   -1.56   31.77
C-G     0.00    0.00    0.00    0.00    0.00    0.00    0.97   -0.03    2.91    5.18    2.62   36.85
A-T     0.00    0.00    0.00    0.00    0.00    0.00   -0.30    0.69    3.51   -3.94    5.28   34.68
A-T     0.00    0.00    0.00    0.00    0.00    0.00   -0.46    0.24    3.26   -3.94   -1.15   39.40
T-A     0.00    0.00    0.00    0.00    0.00    0.00    0.45   -0.76    2.97    7.54   -1.06   32.33
A-T     0.00    0.00    0.00    0.00    0.00    0.00    0.01   -0.12    3.63   -4.68   -3.45   40.84
T-A     0.00    0.00    0.00    0.00    0.00    0.00   -0.12   -0.98    3.20    5.54   -2.89   34.30
C-G     0.00    0.00    0.00    0.00    0.00    0.00    1.01    0.06    3.37    1.14    0.65   32.58
C-G     0.00    0.00    0.00    0.00    0.00    0.00   -0.24    0.03    3.16   -1.30    8.56   28.13
A-T     0.00    0.00    0.00    0.00    0.00    0.00   -1.18    0.56    3.42   -1.35    6.88   31.75
C-G     0.00    0.00    0.00    0.00    0.00    0.00    0.47   -1.01    3.35   -0.84    6.21   33.85
C-G     0.00    0.00    0.00    0.00    0.00    0.00    0.60   -0.08    3.40    1.49   11.59   31.19
T-A     0.00    0.00    0.00    0.00    0.00    0.00   -1.18    0.22    3.54   -6.27    8.84   31.11
G-C     0.00    0.00    0.00    0.00    0.00    0.00    0.58    1.21    3.27    4.57   -8.02   40.97
C-G     0.00    0.00    0.00    0.00    0.00    0.00   -0.28    0.13    3.48   -7.08    5.61   37.50
A-T     0.00    0.00    0.00    0.00    0.00    0.00    0.02    1.64    3.04    3.38  -21.11   41.24
G-C     0.00    0.00    0.00    0.00    0.00    0.00    0.53    0.14    3.51    3.00    0.56   36.96
A-T     0.00    0.00    0.00    0.00    0.00    0.00   -0.05   -0.93    3.22    1.01   -4.50   35.42
T-A     0.00    0.00    0.00    0.00    0.00    0.00    0.31    0.20    3.02    2.76   -6.26   37.49
T-A     0.00    0.00    0.00    0.00    0.00    0.00    0.00   -1.36    3.38    3.30    4.42   29.25
C-G     0.00    0.00    0.00    0.00    0.00    0.00   -0.38   -0.38    2.73    3.97   10.46   26.83
T-A     0.00    0.00    0.00    0.00    0.00    0.00   -0.19   -0.34    3.82    1.07   10.39   29.42
A-T     0.00    0.00    0.00    0.00    0.00    0.00    1.86    0.74    3.66    2.05   23.44   32.91
C-G     0.00    0.00    0.00    0.00    0.00    0.00   -1.19   -0.16    2.95  -12.16    2.86   31.52
C-G     0.00    0.00    0.00    0.00    0.00    0.00    0.59   -0.20    2.69   13.76    7.69   29.46
A-T     0.00    0.00    0.00    0.00    0.00    0.00   -0.07    2.59    3.17   -4.36  -14.08   41.52
A-T     0.00    0.00    0.00    0.00    0.00    0.00    0.58    0.46    3.62    3.95    1.80   39.76
A-T     0.00    0.00    0.00    0.00    0.00    0.00    0.47   -0.29    3.28   -1.39   -7.12   39.45
A-T     0.00    0.00    0.00    0.00    0.00    0.00   -0.05   -0.44    3.30   -2.11    2.99   32.33
G-C     0.00    0.00    0.00    0.00    0.00    0.00    0.20   -0.49    3.53    0.67   -1.07   36.85
T-A     0.00    0.00    0.00    0.00    0.00    0.00   -0.44   -0.82    3.00    4.36   -0.68   27.21
G-C     0.00    0.00    0.00    0.00    0.00    0.00    1.28    0.16    3.84    2.90   12.07   35.06
T-A     0.00    0.00    0.00    0.00    0.00    0.00   -1.45   -0.60    2.83   -2.76   17.18   23.14
A-T     0.00    0.00    0.00    0.00    0.00    0.00    0.24   -0.64    3.81   -4.68    0.97   42.76
T-A     0.00    0.00    0.00    0.00    0.00    0.00    0.39   -0.99    3.41    1.41    1.63   31.73
T-A     0.00    0.00    0.00    0.00    0.00    0.00    0.16   -0.36    3.02    3.30   -6.49   38.39
T-A     0.00    0.00    0.00    0.00    0.00    0.00    0.00   -0.30    3.58   -6.84    3.06   32.53
G-C     0.00    0.00    0.00    0.00    0.00    0.00   -0.91    2.28    3.15    1.25  -20.52   46.76
G-C     0.00    0.00    0.00    0.00    0.00    0.00    1.02    0.98    3.46    6.77    5.77   29.73
A-T     0.00    0.00    0.00    0.00    0.00    0.00   -1.30    1.00    3.05  -12.02   -0.08   37.22
A-T     0.00    0.00    0.00    0.00    0.00    0.00    0.33   -0.34    3.23   -1.06    5.79   33.00
A-T     0.00    0.00    0.00    0.00    0.00    0.00   -0.12   -0.08    3.61   -2.05   13.52   32.50
C-G     0.00    0.00    0.00    0.00    0.00    0.00    0.24   -0.40    2.91    3.88   -1.82   32.68
T-A     0.00    0.00    0.00    0.00    0.00    0.00    1.20   -0.18    3.30    1.69   12.78   33.28
G-C     0.00    0.00    0.00    0.00    0.00    0.00   -1.44    0.47    3.64   -5.83    9.31   37.45
C-G     0.00    0.00    0.00    0.00    0.00    0.00    0.48    0.97    3.57    0.05  -10.56   45.76
T-A     0.00    0.00    0.00    0.00    0.00    0.00   -1.21   -0.08    2.80   -0.09   -2.18   31.99
C-G     0.00    0.00    0.00    0.00    0.00    0.00    1.65    1.77    3.20    7.68  -10.39   42.49
C-G     0.00    0.00    0.00    0.00    0.00    0.00   -1.01    0.37    3.47   -4.67    6.71   35.79
A-T     0.00    0.00    0.00    0.00    0.00    0.00    0.48    1.09    3.39   -4.60   -5.42   42.14
T-A     0.00    0.00    0.00    0.00    0.00    0.00    0.64   -0.50    2.90    6.19    2.07   28.23
C-G     0.00    0.00    0.00    0.00    0.00    0.00    0.35   -0.14    3.54    3.66    9.31   33.72
A-T     0.00    0.00    0.00    0.00    0.00    0.00   -0.36    0.37    4.12    3.73   18.81   34.54
A-T     0.00    0.00    0.00    0.00    0.00    0.00    0.48    0.55    3.05   -4.09    7.77   42.49
A-T     0.00    0.00    0.00    0.00    0.00    0.00   -0.85    0.49    3.03   -4.86   -6.21   36.15
A-T     0.00    0.00    0.00    0.00    0.00    0.00   -0.22   -0.96    3.50   -4.24    1.30   34.36
G-C     0.00    0.00    0.00    0.00    0.00    0.00   -0.25    1.00    3.67   -2.62   -7.20   41.10
G-C     0.00    0.00    0.00    0.00    0.00    0.00   -0.90    0.16    3.18   -6.63  -29.38   30.68
C-G     0.00    0.00    0.00    0.00    0.00    0.00    1.37   -0.06    4.55    0.40  -19.53   37.95
A-T     0.00    0.00    0.00    0.00    0.00    0.00   -0.09    0.91    3.27   14.83    5.88   43.43
T-A     0.00    0.00    0.00    0.00    0.00    0.00    0.33   -0.60    3.31   -3.00   17.51   21.18
G-C     0.00    0.00    0.00    0.00    0.00    0.00    0.00    1.27    4.11   -0.49    7.94   41.47
T-A     0.00    0.00    0.00    0.00    0.00    0.00   -0.75   -0.65    3.37   -1.82    7.11   27.15
T-A     0.00    0.00    0.00    0.00    0.00    0.00    0.29    0.04    2.98    4.12    4.64   31.44
C-G     0.00    0.00    0.00    0.00    0.00    0.00    0.91    0.71    3.26    4.22    6.20   37.66
A-T     0.00    0.00    0.00    0.00    0.00    0.00   -0.78    1.56    3.62   -2.46   -4.81   44.00
G-C     0.00    0.00    0.00    0.00    0.00    0.00    0.74    0.98    3.54    5.23   -1.59   32.41
C-G     0.00    0.00    0.00    0.00    0.00    0.00   -0.44    0.74    3.28   -6.37   -5.37   41.52
T-A     0.00    0.00    0.00    0.00    0.00    0.00    0.01    0.83    3.29    4.03    0.19   35.48
G-C     0.00    0.00    0.00    0.00    0.00    0.00    0.98    1.14    3.19    0.18    2.54   35.53
A-T     0.00    0.00    0.00    0.00    0.00    0.00   -0.80    0.06    3.33   -6.77    7.87   33.66
A-T     0.00    0.00    0.00    0.00    0.00    0.00   -0.15   -0.35    3.22    2.06    4.78   33.74
T-A     0.00    0.00    0.00    0.00    0.00    0.00    0.23   -0.68    3.39   -0.85    7.33   29.75
T-A     0.00    0.00    0.00    0.00    0.00    0.00   -0.17   -0.41    3.18    3.62    9.54   32.87
C-G     0.00    0.00    0.00    0.00    0.00    0.00    0.07    0.24    3.28    1.86    4.91   30.96
A-T     0.00    0.00    0.00    0.00    0.00    0.00   -0.68    1.81    3.39   -1.36    0.05   41.82
G-C     0.00    0.00    0.00    0.00    0.00    0.00    0.94    0.68    3.33   -1.19   -3.24   35.84
C-G     0.00    0.00    0.00    0.00    0.00    0.00   -1.05    1.11    3.40   -3.16   -8.34   38.99
T-A     0.00    0.00    0.00    0.00    0.00    0.00    1.18    1.40    3.72    3.55   -3.62   42.48
G-C     0.00    0.00    0.00    0.00    0.00    0.00   -0.72    0.89    2.98   -2.89    5.25   34.32
A-T     0.00    0.00    0.00    0.00    0.00    0.00   -0.44    0.21    3.33   -2.00    4.86   33.16
A-T     0.00    0.00    0.00    0.00    0.00    0.00    0.32    0.07    3.33    2.37   10.34   33.31
C-G     0.00    0.00    0.00    0.00    0.00    0.00    0.28   -0.47    3.30   -0.02    3.84   31.20
A-T     0.00    0.00    0.00    0.00    0.00    0.00   -0.50    0.51    3.65    0.33   12.80   34.40
T-A     0.00    0.00    0.00    0.00    0.00    0.00    0.27   -0.49    3.12    1.37   -0.69   28.44
G-C     0.00    0.00    0.00    0.00    0.00    0.00    0.93    0.45    3.40   -0.56    8.51   35.97
C-G     0.00    0.00    0.00    0.00    0.00    0.00   -1.56    0.40    3.33   -1.93  -13.60   37.20
C-G     0.00    0.00    0.00    0.00    0.00    0.00    0.66    1.59    4.05    1.67   -9.17   46.81
T-A     0.00    0.00    0.00    0.00    0.00    0.00   -0.31    1.41    3.34    1.64   -7.97   40.56
T-A     0.00    0.00    0.00    0.00    0.00    0.00    0.35    0.12    2.95   -3.36    4.28   31.74
T-A     0.00    0.00    0.00    0.00    0.00    0.00    0.33    0.02    3.27    1.41    8.79   31.48
T-A     0.00    0.00    0.00    0.00    0.00    0.00   -0.19    0.24    3.49    1.76   14.76   32.44
G-C     0.00    0.00    0.00    0.00    0.00    0.00    0.07   -1.07    3.86    5.11   18.58   24.55
A-T     0.00    0.00    0.00    0.00    0.00    0.00    0.07   -0.06    2.88   -8.99    9.34   31.28
T-A     0.00    0.00    0.00    0.00    0.00    0.00   -0.21   -0.80    3.28   -2.21    3.68   25.84
G-C     0.00    0.00    0.00    0.00    0.00    0.00   -0.29    0.89    3.15    0.89   -2.32   39.26
G-C     0.00    0.00    0.00    0.00    0.00    0.00    0.93    0.32    3.44    7.34    3.50   32.95
A-T     0.00    0.00    0.00    0.00    0.00    0.00   -1.06    1.31    3.25   -8.80   -6.23   43.92
G-C     0.00    0.00    0.00    0.00    0.00    0.00    1.12    0.31    3.10    0.17   -6.61   34.66
C-G     0.00    0.00    0.00    0.00    0.00    0.00   -0.55    0.17    3.47    0.00   -2.80   35.32
A-T     0.00    0.00    0.00    0.00    0.00    0.00    1.14    0.57    3.43    3.94    2.58   37.38
G-C     0.00    0.00    0.00    0.00    0.00    0.00   -1.38   -0.30    3.68   -4.31   11.69   35.87
T-A     0.00    0.00    0.00    0.00    0.00    0.00   -0.87   -0.42    3.19   -0.12   12.19   30.85
T-A     0.00    0.00    0.00    0.00    0.00    0.00   -0.57   -0.24    3.20   -2.58    0.41   31.78
T-A     0.00    0.00    0.00    0.00    0.00    0.00    0.77    0.04    3.25    1.31    9.21   34.28
C-G     0.00    0.00    0.00    0.00    0.00    0.00    1.35    1.02    2.83    9.23   -0.09   36.68
C-G     0.00    0.00    0.00    0.00    0.00    0.00   -1.29    0.99    3.60  -10.01    7.63   29.61
A-T     0.00    0.00    0.00    0.00    0.00    0.00    0.43    2.30    3.25    8.05  -20.80   49.01
A-T     0.00    0.00    0.00    0.00    0.00    0.00    0.14   -0.31    3.14   -2.81    4.71   31.74
A-T     0.00    0.00    0.00    0.00    0.00    0.00   -0.67   -0.51    3.64    0.15    3.83   37.74
T-A     0.00    0.00    0.00    0.00    0.00    0.00   -0.31   -0.50    3.11    0.40   -6.63   31.75
A-T     0.00    0.00    0.00    0.00    0.00    0.00    0.23   -0.35    3.18  -11.95    6.18   37.38
C-G     0.00    0.00    0.00    0.00    0.00    0.00   -0.03   -0.94    3.07    3.25    2.38   23.11
A-T     0.00    0.00    0.00    0.00    0.00    0.00    0.23   -0.28    3.82    5.30   11.35   41.15
C-G     0.00    0.00    0.00    0.00    0.00    0.00    0.64   -0.47    3.38   -1.48    8.70   34.87
T-A     0.00    0.00    0.00    0.00    0.00    0.00   -0.38   -0.11    3.18    1.43    3.92   34.70
T-A     0.00    0.00    0.00    0.00    0.00    0.00   -0.03   -0.08    3.50   -5.67   -2.78   33.32
T-A     0.00    0.00    0.00    0.00    0.00    0.00   -0.68   -0.27    3.01    2.95    0.75   34.25
T-A     0.00    0.00    0.00    0.00    0.00    0.00   -0.42    0.37    3.55   -2.73   -6.79   41.11
G-C     0.00    0.00    0.00    0.00    0.00    0.00   -0.03    2.42    3.27    1.76   -2.68   40.30
G-C     0.00    0.00    0.00    0.00    0.00    0.00   -0.47    0.26    2.69  -12.73    0.76   27.00
T-A     0.00    0.00    0.00    0.00    0.00    0.00    0.57   -0.44    3.20    4.09    7.98   30.50
A-T     0.00    0.00    0.00    0.00    0.00    0.00   -0.70    0.20    3.64    3.47   14.61   35.50
G-C     0.00    0.00    0.00    0.00    0.00    0.00    0.35    0.14    3.28    0.46    9.85   30.17
A-T     0.00    0.00    0.00    0.00    0.00    0.00   -0.47   -0.93    3.07   -5.04   15.74   23.48
A-T     0.00    0.00    0.00    0.00    0.00    0.00    1.06   -0.41    3.08   -7.34    0.84   37.84
T-A     0.00    0.00    0.00    0.00    0.00    0.00   -0.51   -1.07    3.30   -0.16   -9.64   29.34
C-G     0.00    0.00    0.00    0.00    0.00    0.00    0.38   -0.63    3.50    3.84   -3.08   40.89
T-A     0.00    0.00    0.00    0.00    0.00    0.00   -0.87   -0.34    3.43   -5.87    4.18   32.53
G-C     0.00    0.00    0.00    0.00    0.00    0.00   -0.41    2.24    2.94    1.96  -15.94   44.96
C-G     0.00    0.00    0.00    0.00    0.00    0.00    0.37    0.57    3.06    4.25    4.98   31.52
A-T     0.00    0.00    0.00    0.00    0.00    0.00    0.23    2.57    3.45    1.40   -4.26   44.60
G-C     0.00    0.00    0.00    0.00    0.00    0.00    0.34    0.79    2.84   -5.69    8.93   28.26
G-C     0.00    0.00    0.00    0.00    0.00    0.00   -0.38   -0.35    3.59   -0.20   16.06   32.77
T-A     0.00    0.00    0.00    0.00    0.00    0.00   -0.66   -0.59    3.30   -1.99    7.39   32.10
G-C     0.00    0.00    0.00    0.00    0.00    0.00    0.13    0.01    3.49    1.84    8.37   34.37
G-C     0.00    0.00    0.00    0.00    0.00    0.00    0.66    0.37    3.12   -0.22    6.05   28.34
A-T     0.00    0.00    0.00    0.00    0.00    0.00   -0.56   -0.46    3.18   -3.80    3.84   38.95
T-A     0.00    0.00    0.00    0.00    0.00    0.00   -0.11   -0.73    3.28   -0.89   -4.59   30.81
A-T     0.00    0.00    0.00    0.00    0.00    0.00   -0.27   -0.04    3.72    1.94   -0.81   40.95
T-A     0.00    0.00    0.00    0.00    0.00    0.00   -0.50   -0.69    3.05   -5.50   -4.93   31.54
T-A     0.00    0.00    0.00    0.00    0.00    0.00    0.68    0.12    3.30    3.57    1.87   35.93
G-C     0.00    0.00    0.00    0.00    0.00    0.00   -0.20   -0.09    3.38    4.72    4.40   36.64
A-T     0.00    0.00    0.00    0.00    0.00    0.00   -0.04    0.07    3.28   -3.04    5.56   30.70
T-A     0.00    0.00    0.00    0.00    0.00    0.00    0.75   -0.82    3.14   -1.04    0.72   35.64
