 146 base-pairs
   0  ***local base-pair & step parameters***
       Shear  Stretch  Stagger Buckle Prop-Tw Opening   Shift  Slide    Rise    Tilt    Roll   Twist
A-T     0.00    0.00    0.00    0.00    0.00    0.00    0.00    0.00    0.00    0.00    0.00    0.00
T-A     0.00    0.00    0.00    0.00    0.00    0.00   -1.13   -0.79    3.37   -3.09    0.19   31.14
C-G     0.00    0.00    0.00    0.00    0.00    0.00    0.89   -0.06    2.85    5.15    1.61   36.91
A-T     0.00    0.00    0.00    0.00    0.00    0.00   -0.14    0.73    3.57   -4.18    5.18   35.21
A-T     0.00    0.00    0.00    0.00    0.00    0.00   -0.63    0.19    3.21   -3.55   -0.04   38.51
T-A     0.00    0.00    0.00    0.00    0.00    0.00    0.57   -0.74    2.98    7.13   -2.67   33.17
A-T     0.00    0.00    0.00    0.00    0.00    0.00    0.00   -0.11    3.66   -4.41   -1.99   40.39
T-A     0.00    0.00    0.00    0.00    0.00    0.00   -0.21   -1.01    3.14    5.51   -3.62   34.16
C-G     0.00    0.00    0.00    0.00    0.00    0.00    1.17    0.10    3.44    0.93    0.42   33.24
C-G     0.00    0.00    0.00    0.00    0.00    0.00   -0.41   -0.01    3.11   -0.94    9.60   27.24
A-T     0.00    0.00    0.00    0.00    0.00    0.00   -1.07    0.57    3.43   -1.73    5.51   32.47
C-G     0.00    0.00    0.00    0.00    0.00    0.00    0.47   -0.99    3.38   -0.58    7.36   33.59
C-G     0.00    0.00    0.00    0.00    0.00    0.00    0.49   -0.12    3.33    1.45   11.10   30.87
T-A     0.00    0.00    0.00    0.00    0.00    0.00   -1.01    0.26    3.61   -6.46    8.54   31.86
G-C     0.00    0.00    0.00    0.00    0.00    0.00    0.42    1.18    3.22    4.90   -7.10   40.12
C-G     0.00    0.00    0.00    0.00    0.00    0.00   -0.18    0.12    3.49   -7.44    4.51   38.07
A-T     0.00    0.00    0.00    0.00    0.00    0.00    0.03    1.67    3.08    3.64  -20.25   41.18
G-C     0.00    0.00    0.00    0.00    0.00    0.00    0.42    0.10    3.44    2.94    0.26   36.48
A-T     0.00    0.00    0.00    0.00    0.00    0.00    0.12   -0.89    3.30    0.85   -4.81   36.21
T-A     0.00    0.00    0.00    0.00    0.00    0.00    0.15    0.19    2.97    3.06   -5.53   36.73
T-A     0.00    0.00    0.00    0.00    0.00    0.00    0.08   -1.38    3.39    2.95    3.61   29.64
C-G     0.00    0.00    0.00    0.00    0.00    0.00   -0.36   -0.34    2.77    4.23   11.04   26.97
T-A     0.00    0.00    0.00    0.00    0.00    0.00   -0.31   -0.39    3.74    0.99   10.23   28.81
A-T     0.00    0.00    0.00    0.00    0.00    0.00    2.03    0.77    3.74    1.92   23.19   33.71
C-G     0.00    0.00    0.00    0.00    0.00    0.00   -1.34   -0.16    2.90  -11.88    3.36   30.88
C-G     0.00    0.00    0.00    0.00    0.00    0.00    0.66   -0.23    2.70   13.42    7.19   29.66
A-T     0.00    0.00    0.00    0.00    0.00    0.00   -0.04    2.64    3.22   -4.09  -13.75   41.84
A-T     0.00    0.00    0.00    0.00    0.00    0.00    0.45    0.42    3.54    3.84    1.72   39.06
A-T     0.00    0.00    0.00    0.00    0.00    0.00    0.63   -0.27    3.36   -1.48   -7.25   40.21
A-T     0.00    0.00    0.00    0.00    0.00    0.00   -0.19   -0.43    3.25   -1.86    3.22   31.84
G-C     0.00    0.00    0.00    0.00    0.00    0.00    0.26   -0.53    3.53    0.33   -1.28   36.85
T-A     0.00    0.00    0.00    0.00    0.00    0.00   -0.40   -0.77    3.05    4.65   -0.54   27.69
G-C     0.00    0.00    0.00    0.00    0.00    0.00    1.15    0.12    3.75    2.76   12.00   34.31
T-A     0.00    0.00    0.00    0.00    0.00    0.00   -1.29   -0.60    2.91   -2.83   17.23   23.82
A-T     0.00    0.00    0.00    0.00    0.00    0.00    0.11   -0.61    3.76   -4.44    0.91   42.44
T-A     0.00    0.00    0.00    0.00    0.00    0.00    0.44   -1.04    3.41    1.07    1.70   31.53
T-A     0.00    0.00    0.00    0.00    0.00    0.00    0.21   -0.30    3.08    3.61   -6.50   39.01
T-A     0.00    0.00    0.00    0.00    0.00    0.00   -0.13   -0.33    3.49   -7.01    2.94   31.77
G-C     0.00    0.00    0.00    0.00    0.00    0.00   -0.76    2.27    3.24    1.21  -20.25   47.33
G-C     0.00    0.00    0.00    0.00    0.00    0.00    0.91    1.02    3.41    7.00    5.41   29.60
A-T     0.00    0.00    0.00    0.00    0.00    0.00   -1.26    0.94    3.04  -12.37    0.24   36.84
A-T     0.00    0.00    0.00    0.00    0.00    0.00    0.39   -0.29    3.29   -0.72    5.69   33.71
A-T     0.00    0.00    0.00    0.00    0.00    0.00   -0.24   -0.10    3.52   -2.25   13.29   31.77
C-G     0.00    0.00    0.00    0.00    0.00    0.00    0.38   -0.42    2.99    3.86   -1.28   33.10
T-A     0.00    0.00    0.00    0.00    0.00    0.00    1.10   -0.13    3.26    1.92   12.11   33.35
G-C     0.00    0.00    0.00    0.00    0.00    0.00   -1.41    0.41    3.63   -6.20    9.84   36.90
C-G     0.00    0.00    0.00    0.00    0.00    0.00    0.54    1.02    3.64    0.42  -10.68   46.53
T-A     0.00    0.00    0.00    0.00    0.00    0.00   -1.33   -0.09    2.71   -0.32   -2.59   31.34
C-G     0.00    0.00    0.00    0.00    0.00    0.00    1.78    1.73    3.28    7.68   -9.56   42.74
C-G     0.00    0.00    0.00    0.00    0.00    0.00   -1.10    0.43    3.43   -4.44    5.76   36.06
A-T     0.00    0.00    0.00    0.00    0.00    0.00    0.50    1.02    3.37   -4.99   -4.74   41.46
T-A     0.00    0.00    0.00    0.00    0.00    0.00    0.70   -0.46    2.97    6.59    2.00   29.01
C-G     0.00    0.00    0.00    0.00    0.00    0.00    0.24   -0.13    3.44    3.40    8.68   33.18
A-T     0.00    0.00    0.00    0.00    0.00    0.00   -0.25    0.32    4.20    3.74   19.94   34.60
A-T     0.00    0.00    0.00    0.00    0.00    0.00    0.40    0.62    3.02   -3.85    6.57   42.95
A-T     0.00    0.00    0.00    0.00    0.00    0.00   -0.84    0.43    3.01   -5.27   -5.44   35.37
A-T     0.00    0.00    0.00    0.00    0.00    0.00   -0.17   -0.93    3.57   -3.81    1.34   35.11
G-C     0.00    0.00    0.00    0.00    0.00    0.00   -0.35    1.02    3.58   -2.90   -8.09   40.70
G-C     0.00    0.00    0.00    0.00    0.00    0.00   -0.80    0.10    3.25   -6.62  -27.94   30.54
C-G     0.00    0.00    0.00    0.00    0.00    0.00    1.30    0.01    4.52    0.65  -20.94   38.57
A-T     0.00    0.00    0.00    0.00    0.00    0.00   -0.08    0.85    3.24   14.39    6.68   42.59
T-A     0.00    0.00    0.00    0.00    0.00    0.00    0.38   -0.58    3.38   -2.54   17.72   21.86
G-C     0.00    0.00    0.00    0.00    0.00    0.00   -0.09    1.31    4.02   -0.79    6.76   41.25
T-A     0.00    0.00    0.00    0.00    0.00    0.00   -0.66   -0.72    3.44   -1.81    8.83   26.81
T-A     0.00    0.00    0.00    0.00    0.00    0.00    0.23    0.12    2.96    4.40    3.07   32.20
C-G     0.00    0.00    0.00    0.00    0.00    0.00    0.92    0.66    3.23    3.75    6.96   36.80
A-T     0.00    0.00    0.00    0.00    0.00    0.00   -0.74    1.56    3.70   -1.97   -4.38   44.57
G-C     0.00    0.00    0.00    0.00    0.00    0.00    0.66    1.03    3.45    4.92   -3.07   32.38
C-G     0.00    0.00    0.00    0.00    0.00    0.00   -0.36    0.66    3.34   -6.37   -3.39   40.99
T-A     0.00    0.00    0.00    0.00    0.00    0.00   -0.05    0.90    3.27    4.33   -1.47   36.35
G-C     0.00    0.00    0.00    0.00    0.00    0.00    1.00    1.10    3.16   -0.33    3.19   34.69
A-T     0.00    0.00    0.00    0.00    0.00    0.00   -0.77    0.05    3.40   -6.26    8.55   34.09
A-T     0.00    0.00    0.00    0.00    0.00    0.00   -0.21   -0.29    3.13    1.75    2.99   33.90
T-A     0.00    0.00    0.00    0.00    0.00    0.00    0.30   -0.76    3.45   -0.86    9.52   29.05
T-A     0.00    0.00    0.00    0.00    0.00    0.00   -0.22   -0.34    3.17    3.95    7.84   33.80
C-G     0.00    0.00    0.00    0.00    0.00    0.00    0.09    0.21    3.25    1.32    5.40   30.19
A-T     0.00    0.00    0.00    0.00    0.00    0.00   -0.66    1.79    3.46   -0.83    1.02   42.08
G-C     0.00    0.00    0.00    0.00    0.00    0.00    0.89    0.75    3.25   -1.50   -5.31   36.20
C-G     0.00    0.00    0.00    0.00    0.00    0.00   -0.99    1.02    3.45   -3.19   -5.99   38.15
T-A     0.00    0.00    0.00    0.00    0.00    0.00    1.13    1.46    3.71    3.91   -5.28   43.43
G-C     0.00    0.00    0.00    0.00    0.00    0.00   -0.69    0.87    2.94   -3.45    5.53   33.65
A-T     0.00    0.00    0.00    0.00    0.00    0.00   -0.43    0.17    3.40   -1.46    6.13   33.23
A-T     0.00    0.00    0.00    0.00    0.00    0.00    0.28    0.15    3.25    2.07    8.01   33.86
C-G     0.00    0.00    0.00    0.00    0.00    0.00    0.34   -0.55    3.35   -0.08    6.30   30.25
A-T     0.00    0.00    0.00    0.00    0.00    0.00   -0.56    0.56    3.64    0.72   11.23   35.33
T-A     0.00    0.00    0.00    0.00    0.00    0.00    0.31   -0.49    3.09    0.78   -0.67   27.91
G-C     0.00    0.00    0.00    0.00    0.00    0.00    0.92    0.40    3.47   -0.02   10.09   35.85
C-G     0.00    0.00    0.00    0.00    0.00    0.00   -1.59    0.48    3.26   -2.22  -16.15   37.92
C-G     0.00    0.00    0.00    0.00    0.00    0.00    0.71    1.51    4.09    1.58   -6.67   45.79
T-A     0.00    0.00    0.00    0.00    0.00    0.00   -0.37    1.45    3.33    2.06   -9.38   41.43
T-A     0.00    0.00    0.00    0.00    0.00    0.00    0.40    0.13    2.92   -3.97    4.02   31.38
T-A     0.00    0.00    0.00    0.00    0.00    0.00    0.31   -0.04    3.33    1.95   10.66   31.16
T-A     0.00    0.00    0.00    0.00    0.00    0.00   -0.21    0.33    3.43    1.49   12.04   33.31
G-C     0.00    0.00    0.00    0.00    0.00    0.00    0.12   -1.14    3.90    4.99   21.05   23.51
A-T     0.00    0.00    0.00    0.00    0.00    0.00    0.00   -0.03    2.88   -8.54    8.14   32.05
T-A     0.00    0.00    0.00    0.00    0.00    0.00   -0.15   -0.77    3.25   -2.83    3.12   25.67
G-C     0.00    0.00    0.00    0.00    0.00    0.00   -0.32    0.82    3.21    1.43   -0.19   38.75
G-C     0.00    0.00    0.00    0.00    0.00    0.00    0.91    0.40    3.38    7.10    0.67   33.93
A-T     0.00    0.00    0.00    0.00    0.00    0.00   -1.01    1.25    3.29   -8.95   -3.85   42.89
G-C     0.00    0.00    0.00    0.00    0.00    0.00    1.04    0.32    3.09    0.64   -7.56   35.29
C-G     0.00    0.00    0.00    0.00    0.00    0.00   -0.48    0.21    3.44   -0.62   -3.67   35.34
A-T     0.00    0.00    0.00    0.00    0.00    0.00    1.10    0.50    3.48    4.46    4.93   36.69
G-C     0.00    0.00    0.00    0.00    0.00    0.00   -1.39   -0.22    3.63   -4.53    8.81   36.92
T-A     0.00    0.00    0.00    0.00    0.00    0.00   -0.81   -0.47    3.23   -0.30   14.42   29.88
T-A     0.00    0.00    0.00    0.00    0.00    0.00   -0.66   -0.24    3.19   -2.09   -0.26   32.25
T-A     0.00    0.00    0.00    0.00    0.00    0.00    0.86    0.09    3.23    0.69    8.05   34.50
C-G     0.00    0.00    0.00    0.00    0.00    0.00    1.30    0.94    2.88    9.73    2.43   35.85
C-G     0.00    0.00    0.00    0.00    0.00    0.00   -1.30    1.06    3.55  -10.19    4.77   30.69
A-T     0.00    0.00    0.00    0.00    0.00    0.00    0.50    2.26    3.28    7.84  -18.78   48.14
A-T     0.00    0.00    0.00    0.00    0.00    0.00    0.04   -0.32    3.13   -2.30    4.34   32.02
A-T     0.00    0.00    0.00    0.00    0.00    0.00   -0.57   -0.45    3.62   -0.47    2.41   38.15
T-A     0.00    0.00    0.00    0.00    0.00    0.00   -0.36   -0.57    3.15    0.88   -3.99   30.80
A-T     0.00    0.00    0.00    0.00    0.00    0.00    0.22   -0.29    3.13  -12.10    3.41   38.45
C-G     0.00    0.00    0.00    0.00    0.00    0.00    0.05   -0.96    3.11    3.02    4.16   22.37
A-T     0.00    0.00    0.00    0.00    0.00    0.00    0.12   -0.31    3.81    5.81   11.29   41.24
C-G     0.00    0.00    0.00    0.00    0.00    0.00    0.75   -0.41    3.37   -2.08    7.05   35.46
T-A     0.00    0.00    0.00    0.00    0.00    0.00   -0.44   -0.18    3.22    1.88    6.61   33.67
T-A     0.00    0.00    0.00    0.00    0.00    0.00   -0.05   -0.03    3.45   -5.79   -5.41   34.34
T-A     0.00    0.00    0.00    0.00    0.00    0.00   -0.59   -0.28    3.05    2.70    2.25   33.67
T-A     0.00    0.00    0.00    0.00    0.00    0.00   -0.55    0.33    3.53   -2.22   -6.56   41.00
G-C     0.00    0.00    0.00    0.00    0.00    0.00    0.09    2.49    3.26    1.18   -4.51   41.04
G-C     0.00    0.00    0.00    0.00    0.00    0.00   -0.53    0.20    2.72  -12.31    3.44   25.94
T-A     0.00    0.00    0.00    0.00    0.00    0.00    0.54   -0.40    3.16    4.00    5.55   31.42
A-T     0.00    0.00    0.00    0.00    0.00    0.00   -0.60    0.20    3.68    3.20   15.81   35.11
G-C     0.00    0.00    0.00    0.00    0.00    0.00    0.21    0.09    3.26    0.97   10.35   29.86
A-T     0.00    0.00    0.00    0.00    0.00    0.00   -0.35   -0.87    3.07   -5.60   13.79   24.34
A-T     0.00    0.00    0.00    0.00    0.00    0.00    1.00   -0.46    3.11   -6.95    3.44   36.79
T-A     0.00    0.00    0.00    0.00    0.00    0.00   -0.55   -1.04    3.25   -0.23  -11.82   30.13
C-G     0.00    0.00    0.00    0.00    0.00    0.00    0.49   -0.61    3.54    3.57   -2.19   40.69
T-A     0.00    0.00    0.00    0.00    0.00    0.00   -1.02   -0.39    3.40   -5.38    4.91   32.05
G-C     0.00    0.00    0.00    0.00    0.00    0.00   -0.28    2.30    2.94    1.43  -17.95   45.90
C-G     0.00    0.00    0.00    0.00    0.00    0.00    0.32    0.53    3.09    4.61    7.44   30.52
A-T     0.00    0.00    0.00    0.00    0.00    0.00    0.18    2.58    3.40    1.35   -6.17   45.23
G-C     0.00    0.00    0.00    0.00    0.00    0.00    0.46    0.82    2.89   -5.96    9.53   28.26
G-C     0.00    0.00    0.00    0.00    0.00    0.00   -0.54   -0.40    3.56    0.28   16.97   32.13
T-A     0.00    0.00    0.00    0.00    0.00    0.00   -0.53   -0.54    3.31   -2.49    5.39   33.08
G-C     0.00    0.00    0.00    0.00    0.00    0.00    0.09   -0.02    3.51    2.17   10.64   33.46
G-C     0.00    0.00    0.00    0.00    0.00    0.00    0.60    0.37    3.07   -0.25    4.44   28.79
A-T     0.00    0.00    0.00    0.00    0.00    0.00   -0.42   -0.42    3.23   -4.07    4.17   39.15
T-A     0.00    0.00    0.00    0.00    0.00    0.00   -0.27   -0.78    3.24   -0.44   -3.55   30.05
A-T     0.00    0.00    0.00    0.00    0.00    0.00   -0.14    0.01    3.73    1.47   -2.74   41.93
T-A     0.00    0.00    0.00    0.00    0.00    0.00   -0.54   -0.71    3.08   -5.20   -2.90   30.75
T-A     0.00    0.00    0.00    0.00    0.00    0.00    0.61    0.11    3.25    3.54    0.57   36.19
G-C     0.00    0.00    0.00    0.00    0.00    0.00   -0.05   -0.05    3.44    4.46    4.49   37.02
A-T     0.00    0.00    0.00    0.00    0.00    0.00   -0.21    0.02    3.24   -2.62    6.67   29.86
T-A     0.00    0.00    0.00    0.00    0.00    0.00    0.87   -0.79    3.15   -1.48   -1.08   36.57
