 146 base-pairs
   0  ***local base-pair & step parameters***
       Shear  Stretch  Stagger Buckle Prop-Tw Opening   Shift  Slide    Rise    Tilt    Roll   Twist
A-T     0.00    0.00    0.00    0.00    0.00    0.00    0.00    0.00    0.00    0.00    0.00    0.00
T-A     0.00    0.00    0.00    0.00    0.00    0.00   -1.00   -0.78    3.34   -4.05   -0.67   30.79
C-G     0.00    0.00    0.00    0.00    0.00    0.00    0.90   -0.01    2.92    6.08    2.11   37.75
A-T     0.00    0.00    0.00    0.00    0.00    0.00   -0.29    0.66    3.49   -4.55    5.00   34.43
A-T     0.00    0.00    0.00    0.00    0.00    0.00   -0.40    0.24    3.27   -3.99   -0.05   38.73
T-A     0.00    0.00    0.00    0.00    0.00    0.00    0.38   -0.73    2.97    8.20   -2.55   33.66
A-T     0.00    0.00    0.00    0.00    0.00    0.00    0.05   -0.17    3.61   -5.56   -2.29   39.52
T-A     0.00    0.00    0.00    0.00    0.00    0.00   -0.09   -0.94    3.23    6.14   -3.03   34.86
C-G     0.00    0.00    0.00    0.00    0.00    0.00    0.94    0.07    3.35    1.18   -0.43   33.17
C-G     0.00    0.00    0.00    0.00    0.00    0.00   -0.18   -0.04    3.16   -1.93   10.44   26.61
A-T     0.00    0.00    0.00    0.00    0.00    0.00   -1.18    0.64    3.44   -0.50    5.12   33.43
C-G     0.00    0.00    0.00    0.00    0.00    0.00    0.41   -1.07    3.31   -1.40    6.92   32.91
C-G     0.00    0.00    0.00    0.00    0.00    0.00    0.68   -0.09    3.43    1.45   12.40   30.83
T-A     0.00    0.00    0.00    0.00    0.00    0.00   -1.24    0.30    3.53   -5.68    6.85   32.63
G-C     0.00    0.00    0.00    0.00    0.00    0.00    0.57    1.09    3.24    3.79   -5.80   39.06
C-G     0.00    0.00    0.00    0.00    0.00    0.00   -0.19    0.20    3.52   -6.59    4.31   38.79
A-T     0.00    0.00    0.00    0.00    0.00    0.00   -0.10    1.64    3.00    3.45  -21.43   41.27
G-C     0.00    0.00    0.00    0.00    0.00    0.00    0.60    0.05    3.52    2.44    2.39   35.61
A-T     0.00    0.00    0.00    0.00    0.00    0.00   -0.02   -0.79    3.25    1.70   -6.92   37.37
T-A     0.00    0.00    0.00    0.00    0.00    0.00    0.19    0.10    2.98    2.36   -4.48   35.96
T-A     0.00    0.00    0.00    0.00    0.00    0.00    0.14   -1.34    3.43    3.17    4.18   29.57
C-G     0.00    0.00    0.00    0.00    0.00    0.00   -0.47   -0.30    2.71    4.52    9.04   27.86
T-A     0.00    0.00    0.00    0.00    0.00    0.00   -0.22   -0.49    3.80    0.46   12.72   27.62
A-T     0.00    0.00    0.00    0.00    0.00    0.00    2.00    0.87    3.70    2.34   21.38   34.52
C-G     0.00    0.00    0.00    0.00    0.00    0.00   -1.36   -0.20    2.91  -11.94    3.63   30.93
C-G     0.00    0.00    0.00    0.00    0.00    0.00    0.69   -0.27    2.72   13.19    8.55   28.80
A-T     0.00    0.00    0.00    0.00    0.00    0.00   -0.05    2.73    3.18   -3.81  -16.06   43.01
A-T     0.00    0.00    0.00    0.00    0.00    0.00    0.43    0.32    3.59    3.77    3.86   38.27
A-T     0.00    0.00    0.00    0.00    0.00    0.00    0.65   -0.22    3.32   -1.70   -8.25   40.18
A-T     0.00    0.00    0.00    0.00    0.00    0.00   -0.18   -0.40    3.27   -1.50    2.71   32.65
G-C     0.00    0.00    0.00    0.00    0.00    0.00    0.19   -0.61    3.53    0.15    0.35   35.77
T-A     0.00    0.00    0.00    0.00    0.00    0.00   -0.31   -0.68    3.03    4.44   -2.45   28.41
G-C     0.00    0.00    0.00    0.00    0.00    0.00    1.09    0.08    3.80    3.32   13.31   34.36
T-A     0.00    0.00    0.00    0.00    0.00    0.00   -1.31   -0.63    2.86   -3.44   16.98   23.06
A-T     0.00    0.00    0.00    0.00    0.00    0.00    0.23   -0.53    3.80   -4.17    0.19   43.42
T-A     0.00    0.00    0.00    0.00    0.00    0.00    0.27   -1.11    3.39    1.41    2.87   30.95
T-A     0.00    0.00    0.00    0.00    0.00    0.00    0.34   -0.28    3.05    2.77   -7.57   38.87
T-A     0.00    0.00    0.00    0.00    0.00    0.00   -0.14   -0.30    3.55   -6.09    3.54   32.52
G-C     0.00    0.00    0.00    0.00    0.00    0.00   -0.88    2.20    3.17    0.73  -20.35   46.46
G-C     0.00    0.00    0.00    0.00    0.00    0.00    1.12    1.08    3.47    6.72    5.19   30.03
A-T     0.00    0.00    0.00    0.00    0.00    0.00   -1.46    0.93    3.03  -11.41    0.56   37.12
A-T     0.00    0.00    0.00    0.00    0.00    0.00    0.47   -0.34    3.24   -1.88    5.31   32.91
A-T     0.00    0.00    0.00    0.00    0.00    0.00   -0.15   -0.03    3.61   -1.50   13.79   32.58
C-G     0.00    0.00    0.00    0.00    0.00    0.00    0.16   -0.47    2.90    3.94   -1.92   32.82
T-A     0.00    0.00    0.00    0.00    0.00    0.00    1.34   -0.14    3.31    1.04   12.75   32.91
G-C     0.00    0.00    0.00    0.00    0.00    0.00   -1.55    0.47    3.64   -4.96    9.51   37.81
C-G     0.00    0.00    0.00    0.00    0.00    0.00    0.51    0.94    3.57   -0.52  -11.02   45.73
T-A     0.00    0.00    0.00    0.00    0.00    0.00   -1.15   -0.05    2.81   -0.15   -1.51   31.52
C-G     0.00    0.00    0.00    0.00    0.00    0.00    1.54    1.75    3.20    8.36  -11.06   43.33
C-G     0.00    0.00    0.00    0.00    0.00    0.00   -0.93    0.36    3.46   -5.57    7.01   35.04
A-T     0.00    0.00    0.00    0.00    0.00    0.00    0.47    1.11    3.40   -4.00   -5.05   42.31
T-A     0.00    0.00    0.00    0.00    0.00    0.00    0.58   -0.51    2.89    6.24    1.04   28.87
C-G     0.00    0.00    0.00    0.00    0.00    0.00    0.43   -0.16    3.53    2.99   10.62   32.49
A-T     0.00    0.00    0.00    0.00    0.00    0.00   -0.42    0.41    4.14    4.63   17.87   35.73
A-T     0.00    0.00    0.00    0.00    0.00    0.00    0.46    0.52    3.03   -4.69    7.75   42.05
A-T     0.00    0.00    0.00    0.00    0.00    0.00   -0.79    0.48    3.05   -4.89   -5.09   35.52
A-T     0.00    0.00    0.00    0.00    0.00    0.00   -0.29   -0.91    3.50   -3.60   -0.48   35.83
G-C     0.00    0.00    0.00    0.00    0.00    0.00   -0.23    0.93    3.65   -3.48   -5.62   39.52
G-C     0.00    0.00    0.00    0.00    0.00    0.00   -0.86    0.21    3.21   -6.06  -29.89   31.50
C-G     0.00    0.00    0.00    0.00    0.00    0.00    1.29   -0.05    4.52    0.43  -20.45   38.40
A-T     0.00    0.00    0.00    0.00    0.00    0.00   -0.03    0.83    3.27   14.23    7.88   41.89
T-A     0.00    0.00    0.00    0.00    0.00    0.00    0.34   -0.49    3.33   -2.20   15.42   23.03
G-C     0.00    0.00    0.00    0.00    0.00    0.00   -0.08    1.21    4.07   -1.01    9.05   40.29
T-A     0.00    0.00    0.00    0.00    0.00    0.00   -0.64   -0.66    3.41   -1.88    7.61   27.01
T-A     0.00    0.00    0.00    0.00    0.00    0.00    0.23    0.14    2.98    4.69    2.72   32.86
C-G     0.00    0.00    0.00    0.00    0.00    0.00    0.88    0.58    3.23    3.50    8.59   35.71
A-T     0.00    0.00    0.00    0.00    0.00    0.00   -0.67    1.65    3.67   -2.02   -6.45   45.46
G-C     0.00    0.00    0.00    0.00    0.00    0.00    0.60    0.97    3.49    5.34   -1.54   32.21
C-G     0.00    0.00    0.00    0.00    0.00    0.00   -0.36    0.65    3.29   -6.93   -3.79   40.37
T-A     0.00    0.00    0.00    0.00    0.00    0.00    0.04    0.97    3.31    4.67   -2.20   37.36
G-C     0.00    0.00    0.00    0.00    0.00    0.00    0.85    1.02    3.15   -0.15    4.53   33.93
A-T     0.00    0.00    0.00    0.00    0.00    0.00   -0.64    0.09    3.38   -6.95    7.26   34.17
A-T     0.00    0.00    0.00    0.00    0.00    0.00   -0.24   -0.27    3.19    2.63    3.72   34.52
T-A     0.00    0.00    0.00    0.00    0.00    0.00    0.20   -0.82    3.38   -1.42    9.45   28.14
T-A     0.00    0.00    0.00    0.00    0.00    0.00   -0.03   -0.27    3.22    3.83    7.44   34.42
C-G     0.00    0.00    0.00    0.00    0.00    0.00   -0.11    0.18    3.24    2.14    5.94   30.25
A-T     0.00    0.00    0.00    0.00    0.00    0.00   -0.56    1.76    3.42   -1.95    0.51   41.39
G-C     0.00    0.00    0.00    0.00    0.00    0.00    0.95    0.81    3.33   -0.66   -4.86   37.06
C-G     0.00    0.00    0.00    0.00    0.00    0.00   -1.19    0.96    3.36   -3.27   -6.44   37.67
T-A     0.00    0.00    0.00    0.00    0.00    0.00    1.37    1.47    3.76    3.16   -4.86   43.21
G-C     0.00    0.00    0.00    0.00    0.00    0.00   -0.85    0.92    2.94   -2.23    5.32   34.45
A-T     0.00    0.00    0.00    0.00    0.00    0.00   -0.43    0.09    3.34   -2.50    5.85   32.36
A-T     0.00    0.00    0.00    0.00    0.00    0.00    0.45    0.20    3.35    2.40    8.90   34.24
C-G     0.00    0.00    0.00    0.00    0.00    0.00    0.10   -0.55    3.27    0.47    5.01   30.63
A-T     0.00    0.00    0.00    0.00    0.00    0.00   -0.36    0.50    3.68   -0.40   12.38   34.40
T-A     0.00    0.00    0.00    0.00    0.00    0.00    0.25   -0.40    3.11    1.88   -1.06   28.84
G-C     0.00    0.00    0.00    0.00    0.00    0.00    0.82    0.34    3.39   -0.53    9.33   35.51
C-G     0.00    0.00    0.00    0.00    0.00    0.00   -1.39    0.47    3.35   -2.51  -14.41   37.44
C-G     0.00    0.00    0.00    0.00    0.00    0.00    0.52    1.59    4.03    2.46   -8.66   46.84
T-A     0.00    0.00    0.00    0.00    0.00    0.00   -0.28    1.35    3.34    1.10   -8.11   40.43
T-A     0.00    0.00    0.00    0.00    0.00    0.00    0.44    0.20    2.96   -3.43    4.16   31.74
T-A     0.00    0.00    0.00    0.00    0.00    0.00    0.18   -0.03    3.26    2.05    9.04   31.69
T-A     0.00    0.00    0.00    0.00    0.00    0.00   -0.07    0.25    3.50    0.90   14.44   32.19
G-C     0.00    0.00    0.00    0.00    0.00    0.00    0.04   -1.03    3.86    5.67   19.00   24.58
A-T     0.00    0.00    0.00    0.00    0.00    0.00    0.00   -0.10    2.88   -8.92    8.84   31.66
T-A     0.00    0.00    0.00    0.00    0.00    0.00   -0.09   -0.77    3.28   -2.89    4.12   25.16
G-C     0.00    0.00    0.00    0.00    0.00    0.00   -0.39    0.89    3.16    1.79   -2.43   39.87
G-C     0.00    0.00    0.00    0.00    0.00    0.00    0.94    0.29    3.43    6.75    3.07   32.85
A-T     0.00    0.00    0.00    0.00    0.00    0.00   -1.00    1.33    3.26   -8.86   -5.29   43.31
G-C     0.00    0.00    0.00    0.00    0.00    0.00    1.03    0.32    3.10    0.84   -7.72   35.77
C-G     0.00    0.00    0.00    0.00    0.00    0.00   -0.49    0.14    3.45   -0.90   -2.09   34.28
A-T     0.00    0.00    0.00    0.00    0.00    0.00    1.14    0.60    3.45    4.54    2.74   37.72
G-C     0.00    0.00    0.00    0.00    0.00    0.00   -1.44   -0.29    3.67   -4.27   10.56   36.53
T-A     0.00    0.00    0.00    0.00    0.00    0.00   -0.80   -0.46    3.19   -0.77   13.84   29.44
T-A     0.00    0.00    0.00    0.00    0.00    0.00   -0.60   -0.18    3.22   -1.71   -0.96   33.24
T-A     0.00    0.00    0.00    0.00    0.00    0.00    0.74    0.00    3.22    0.73    9.53   33.59
C-G     0.00    0.00    0.00    0.00    0.00    0.00    1.42    1.00    2.86    9.20    0.92   36.16
C-G     0.00    0.00    0.00    0.00    0.00    0.00   -1.35    1.06    3.60   -9.39    5.67   31.15
A-T     0.00    0.00    0.00    0.00    0.00    0.00    0.43    2.21    3.22    7.23  -18.86   47.23
A-T     0.00    0.00    0.00    0.00    0.00    0.00    0.21   -0.24    3.18   -2.27    3.80   32.80
A-T     0.00    0.00    0.00    0.00    0.00    0.00   -0.77   -0.49    3.60    0.19    3.17   37.99
T-A     0.00    0.00    0.00    0.00    0.00    0.00   -0.25   -0.58    3.11   -0.18   -4.66   30.27
A-T     0.00    0.00    0.00    0.00    0.00    0.00    0.26   -0.23    3.21  -11.20    3.86   39.32
C-G     0.00    0.00    0.00    0.00    0.00    0.00   -0.13   -1.02    3.03    2.79    3.86   21.72
A-T     0.00    0.00    0.00    0.00    0.00    0.00    0.36   -0.28    3.87    5.21   11.49   41.24
C-G     0.00    0.00    0.00    0.00    0.00    0.00    0.57   -0.38    3.37   -0.92    6.99   36.12
T-A     0.00    0.00    0.00    0.00    0.00    0.00   -0.41   -0.25    3.16    0.76    6.34   32.77
T-A     0.00    0.00    0.00    0.00    0.00    0.00    0.09    0.03    3.54   -5.30   -4.69   34.90
T-A     0.00    0.00    0.00    0.00    0.00    0.00   -0.83   -0.29    2.96    3.11    1.18   33.83
T-A     0.00    0.00    0.00    0.00    0.00    0.00   -0.33    0.29    3.57   -3.29   -5.55   40.20
G-C     0.00    0.00    0.00    0.00    0.00    0.00    0.00    2.57    3.28    2.36   -4.92   42.01
G-C     0.00    0.00    0.00    0.00    0.00    0.00   -0.61    0.13    2.65  -12.98    2.85   25.41
T-A     0.00    0.00    0.00    0.00    0.00    0.00    0.74   -0.39    3.25    3.85    7.07   31.16
A-T     0.00    0.00    0.00    0.00    0.00    0.00   -0.81    0.26    3.61    4.05   13.95   36.04
G-C     0.00    0.00    0.00    0.00    0.00    0.00    0.33    0.00    3.28   -0.08   11.66   28.80
A-T     0.00    0.00    0.00    0.00    0.00    0.00   -0.33   -0.79    3.10   -4.90   13.75   24.90
A-T     0.00    0.00    0.00    0.00    0.00    0.00    0.87   -0.47    3.04   -6.98    2.04   37.10
T-A     0.00    0.00    0.00    0.00    0.00    0.00   -0.39   -1.10    3.33   -0.79   -9.54   29.12
C-G     0.00    0.00    0.00    0.00    0.00    0.00    0.38   -0.50    3.49    4.35   -4.29   41.83
T-A     0.00    0.00    0.00    0.00    0.00    0.00   -1.00   -0.47    3.40   -5.93    5.80   31.46
G-C     0.00    0.00    0.00    0.00    0.00    0.00   -0.22    2.32    2.97    1.50  -17.16   45.60
C-G     0.00    0.00    0.00    0.00    0.00    0.00    0.23    0.59    3.03    4.95    5.30   31.55
A-T     0.00    0.00    0.00    0.00    0.00    0.00    0.24    2.47    3.46    0.89   -3.70   44.07
G-C     0.00    0.00    0.00    0.00    0.00    0.00    0.45    0.91    2.86   -5.70    7.89   28.88
G-C     0.00    0.00    0.00    0.00    0.00    0.00   -0.56   -0.42    3.57    0.36   17.02   32.40
T-A     0.00    0.00    0.00    0.00    0.00    0.00   -0.52   -0.59    3.33   -2.76    6.88   32.10
G-C     0.00    0.00    0.00    0.00    0.00    0.00    0.11    0.08    3.48    2.37    8.36   34.58
G-C     0.00    0.00    0.00    0.00    0.00    0.00    0.57    0.28    3.11   -0.16    6.40   28.19
A-T     0.00    0.00    0.00    0.00    0.00    0.00   -0.40   -0.39    3.19   -4.43    3.39   38.91
T-A     0.00    0.00    0.00    0.00    0.00    0.00   -0.23   -0.73    3.27   -0.05   -4.18   30.97
A-T     0.00    0.00    0.00    0.00    0.00    0.00   -0.23   -0.08    3.72    1.38   -1.16   40.91
T-A     0.00    0.00    0.00    0.00    0.00    0.00   -0.43   -0.64    3.06   -5.57   -4.62   31.27
T-A     0.00    0.00    0.00    0.00    0.00    0.00    0.55    0.09    3.30    4.23    1.67   36.46
G-C     0.00    0.00    0.00    0.00    0.00    0.00   -0.09   -0.09    3.38    3.83    4.34   36.17
A-T     0.00    0.00    0.00    0.00    0.00    0.00   -0.07    0.10    3.29   -2.46    6.02   30.76
T-A     0.00    0.00    0.00    0.00    0.00    0.00    0.69   -0.85    3.13   -0.98   -0.10   36.19
