 146 base-pairs
   0  ***local base-pair & step parameters***
       Shear  Stretch  Stagger Buckle Prop-Tw Opening   Shift  Slide    Rise    Tilt    Roll   Twist
A-T     0.00    0.00    0.00    0.00    0.00    0.00    0.00    0.00    0.00    0.00    0.00    0.00
T-A     0.00    0.00    0.00    0.00    0.00    0.00   -1.10   -0.72    3.30   -3.25   -1.22   32.07
C-G     0.00    0.00    0.00    0.00    0.00    0.00    0.93   -0.18    2.92    5.19    3.60   35.90
A-T     0.00    0.00    0.00    0.00    0.00    0.00   -0.25    0.82    3.52   -4.12    3.51   35.67
A-T     0.00    0.00    0.00    0.00    0.00    0.00   -0.50    0.19    3.22   -3.70    0.49   38.88
T-A     0.00    0.00    0.00    0.00    0.00    0.00    0.47   -0.82    3.00    7.39   -1.80   32.24
A-T     0.00    0.00    0.00    0.00    0.00    0.00    0.02    0.00    3.61   -4.74   -3.86   41.28
T-A     0.00    0.00    0.00    0.00    0.00    0.00   -0.14   -1.08    3.19    5.80   -1.64   33.87
C-G     0.00    0.00    0.00    0.00    0.00    0.00    1.03    0.09    3.40    0.82   -0.77   32.78
C-G     0.00    0.00    0.00    0.00    0.00    0.00   -0.27    0.07    3.13   -1.12    9.51   28.11
A-T     0.00    0.00    0.00    0.00    0.00    0.00   -1.16    0.48    3.43   -1.27    6.72   31.79
C-G     0.00    0.00    0.00    0.00    0.00    0.00    0.46   -0.95    3.35   -1.15    5.65   33.64
C-G     0.00    0.00    0.00    0.00    0.00    0.00    0.59   -0.09    3.38    1.86   12.53   31.44
T-A     0.00    0.00    0.00    0.00    0.00    0.00   -1.15    0.18    3.55   -6.48    7.93   31.10
G-C     0.00    0.00    0.00    0.00    0.00    0.00    0.54    1.25    3.26    4.49   -7.40   40.53
C-G     0.00    0.00    0.00    0.00    0.00    0.00   -0.23    0.11    3.48   -6.75    5.43   38.31
A-T     0.00    0.00    0.00    0.00    0.00    0.00    0.00    1.61    3.05    3.01  -21.36   40.49
G-C     0.00    0.00    0.00    0.00    0.00    0.00    0.52    0.18    3.51    3.21    1.18   37.13
A-T     0.00    0.00    0.00    0.00    0.00    0.00    0.01   -0.93    3.22    1.08   -5.35   36.09
T-A     0.00    0.00    0.00    0.00    0.00    0.00    0.24    0.16    3.02    2.46   -5.42   36.21
T-A     0.00    0.00    0.00    0.00    0.00    0.00    0.04   -1.30    3.39    3.64    3.91   30.47
C-G     0.00    0.00    0.00    0.00    0.00    0.00   -0.38   -0.42    2.71    3.78   10.35   26.41
T-A     0.00    0.00    0.00    0.00    0.00    0.00   -0.25   -0.37    3.83    1.01   11.22   28.68
A-T     0.00    0.00    0.00    0.00    0.00    0.00    1.95    0.83    3.66    2.29   22.14   34.48
C-G     0.00    0.00    0.00    0.00    0.00    0.00   -1.26   -0.26    2.94  -12.43    4.08   29.95
C-G     0.00    0.00    0.00    0.00    0.00    0.00    0.60   -0.15    2.72   13.89    7.20   30.14
A-T     0.00    0.00    0.00    0.00    0.00    0.00   -0.03    2.63    3.15   -4.30  -14.66   42.16
A-T     0.00    0.00    0.00    0.00    0.00    0.00    0.49    0.34    3.63    3.77    3.30   38.12
A-T     0.00    0.00    0.00    0.00    0.00    0.00    0.55   -0.15    3.30   -1.22   -8.86   41.19
A-T     0.00    0.00    0.00    0.00    0.00    0.00   -0.09   -0.51    3.27   -2.16    4.09   31.45
G-C     0.00    0.00    0.00    0.00    0.00    0.00    0.17   -0.53    3.56    0.59   -0.92   36.40
T-A     0.00    0.00    0.00    0.00    0.00    0.00   -0.37   -0.68    2.99    4.47   -2.07   28.70
G-C     0.00    0.00    0.00    0.00    0.00    0.00    1.20    0.00    3.82    2.85   14.05   33.38
T-A     0.00    0.00    0.00    0.00    0.00    0.00   -1.40   -0.53    2.87   -2.82   15.62   24.09
A-T     0.00    0.00    0.00    0.00    0.00    0.00    0.25   -0.59    3.77   -4.57    1.32   42.98
T-A     0.00    0.00    0.00    0.00    0.00    0.00    0.34   -1.13    3.43    1.35    2.68   30.57
T-A     0.00    0.00    0.00    0.00    0.00    0.00    0.23   -0.20    3.04    3.23   -8.39   39.78
T-A     0.00    0.00    0.00    0.00    0.00    0.00   -0.05   -0.38    3.54   -6.67    4.84   31.68
G-C     0.00    0.00    0.00    0.00    0.00    0.00   -0.90    2.24    3.20    1.10  -21.31   46.73
G-C     0.00    0.00    0.00    0.00    0.00    0.00    1.05    1.11    3.44    6.79    5.23   30.46
A-T     0.00    0.00    0.00    0.00    0.00    0.00   -1.34    0.86    3.04  -11.85    1.45   36.32
A-T     0.00    0.00    0.00    0.00    0.00    0.00    0.37   -0.27    3.26   -1.32    4.08   33.57
A-T     0.00    0.00    0.00    0.00    0.00    0.00   -0.14   -0.05    3.57   -1.85   14.59   32.44
C-G     0.00    0.00    0.00    0.00    0.00    0.00    0.24   -0.50    2.93    3.88   -1.82   32.40
T-A     0.00    0.00    0.00    0.00    0.00    0.00    1.21   -0.08    3.31    1.46   11.84   33.58
G-C     0.00    0.00    0.00    0.00    0.00    0.00   -1.46    0.42    3.62   -5.49   10.64   37.31
C-G     0.00    0.00    0.00    0.00    0.00    0.00    0.51    0.95    3.60   -0.19  -11.67   45.78
T-A     0.00    0.00    0.00    0.00    0.00    0.00   -1.24   -0.02    2.79   -0.10   -1.71   31.89
C-G     0.00    0.00    0.00    0.00    0.00    0.00    1.68    1.71    3.20    7.95  -10.17   42.81
C-G     0.00    0.00    0.00    0.00    0.00    0.00   -1.02    0.38    3.48   -5.05    6.00   35.39
A-T     0.00    0.00    0.00    0.00    0.00    0.00    0.46    1.11    3.37   -4.33   -4.55   42.30
T-A     0.00    0.00    0.00    0.00    0.00    0.00    0.69   -0.54    2.91    6.19    1.31   28.59
C-G     0.00    0.00    0.00    0.00    0.00    0.00    0.30   -0.13    3.53    3.39    9.76   32.86
A-T     0.00    0.00    0.00    0.00    0.00    0.00   -0.33    0.40    4.12    4.11   18.76   35.49
A-T     0.00    0.00    0.00    0.00    0.00    0.00    0.48    0.51    3.05   -4.36    7.37   42.06
A-T     0.00    0.00    0.00    0.00    0.00    0.00   -0.90    0.50    3.03   -4.85   -5.41   35.68
A-T     0.00    0.00    0.00    0.00    0.00    0.00   -0.15   -0.92    3.50   -3.99    0.31   35.62
G-C     0.00    0.00    0.00    0.00    0.00    0.00   -0.31    0.93    3.66   -2.96   -6.39   39.68
G-C     0.00    0.00    0.00    0.00    0.00    0.00   -0.89    0.22    3.19   -6.41  -29.60   31.44
C-G     0.00    0.00    0.00    0.00    0.00    0.00    1.41   -0.05    4.53    0.39  -20.12   38.37
A-T     0.00    0.00    0.00    0.00    0.00    0.00   -0.18    0.82    3.27   14.63    7.16   41.98
T-A     0.00    0.00    0.00    0.00    0.00    0.00    0.41   -0.48    3.32   -2.74   16.07   22.90
G-C     0.00    0.00    0.00    0.00    0.00    0.00   -0.04    1.20    4.08   -0.65    8.83   40.45
T-A     0.00    0.00    0.00    0.00    0.00    0.00   -0.78   -0.67    3.40   -1.84    7.30   26.88
T-A     0.00    0.00    0.00    0.00    0.00    0.00    0.37    0.16    2.97    4.27    3.34   32.88
C-G     0.00    0.00    0.00    0.00    0.00    0.00    0.82    0.56    3.25    4.07    8.03   35.85
A-T     0.00    0.00    0.00    0.00    0.00    0.00   -0.73    1.65    3.66   -2.40   -6.27   45.19
G-C     0.00    0.00    0.00    0.00    0.00    0.00    0.75    1.00    3.50    5.29   -1.27   32.48
C-G     0.00    0.00    0.00    0.00    0.00    0.00   -0.50    0.61    3.30   -6.48   -4.32   40.29
T-A     0.00    0.00    0.00    0.00    0.00    0.00    0.09    0.99    3.30    4.07   -1.72   37.15
G-C     0.00    0.00    0.00    0.00    0.00    0.00    0.93    1.04    3.15    0.24    4.36   34.35
A-T     0.00    0.00    0.00    0.00    0.00    0.00   -0.79    0.05    3.37   -6.89    7.06   33.77
A-T     0.00    0.00    0.00    0.00    0.00    0.00   -0.11   -0.23    3.19    2.13    4.17   34.63
T-A     0.00    0.00    0.00    0.00    0.00    0.00    0.17   -0.84    3.38   -0.79    9.02   28.45
T-A     0.00    0.00    0.00    0.00    0.00    0.00   -0.12   -0.30    3.22    3.44    7.64   33.84
C-G     0.00    0.00    0.00    0.00    0.00    0.00    0.05    0.25    3.24    2.04    6.07   30.76
A-T     0.00    0.00    0.00    0.00    0.00    0.00   -0.69    1.71    3.42   -1.41    0.14   41.32
G-C     0.00    0.00    0.00    0.00    0.00    0.00    0.97    0.82    3.33   -1.33   -4.45   36.61
C-G     0.00    0.00    0.00    0.00    0.00    0.00   -1.09    1.02    3.37   -2.88   -6.68   38.41
T-A     0.00    0.00    0.00    0.00    0.00    0.00    1.21    1.39    3.76    3.30   -4.91   42.64
G-C     0.00    0.00    0.00    0.00    0.00    0.00   -0.73    0.97    2.95   -2.83    5.64   34.46
A-T     0.00    0.00    0.00    0.00    0.00    0.00   -0.44    0.11    3.34   -1.80    5.43   32.98
A-T     0.00    0.00    0.00    0.00    0.00    0.00    0.33    0.13    3.34    2.03    9.20   33.35
C-G     0.00    0.00    0.00    0.00    0.00    0.00    0.26   -0.46    3.28    0.28    4.99   31.23
A-T     0.00    0.00    0.00    0.00    0.00    0.00   -0.47    0.45    3.67    0.26   12.09   34.51
T-A     0.00    0.00    0.00    0.00    0.00    0.00    0.24   -0.43    3.12    1.15   -0.59   28.04
G-C     0.00    0.00    0.00    0.00    0.00    0.00    0.95    0.43    3.40   -0.19    8.94   36.53
C-G     0.00    0.00    0.00    0.00    0.00    0.00   -1.55    0.37    3.34   -2.25  -14.33   36.86
C-G     0.00    0.00    0.00    0.00    0.00    0.00    0.62    1.62    4.04    1.74   -8.36   46.57
T-A     0.00    0.00    0.00    0.00    0.00    0.00   -0.25    1.40    3.34    1.85   -8.64   41.43
T-A     0.00    0.00    0.00    0.00    0.00    0.00    0.30    0.09    2.95   -3.73    4.63   30.63
T-A     0.00    0.00    0.00    0.00    0.00    0.00    0.34    0.07    3.27    1.71    8.92   32.19
T-A     0.00    0.00    0.00    0.00    0.00    0.00   -0.15    0.23    3.49    1.68   14.11   32.66
G-C     0.00    0.00    0.00    0.00    0.00    0.00   -0.01   -1.11    3.86    4.92   19.62   23.39
A-T     0.00    0.00    0.00    0.00    0.00    0.00    0.14    0.02    2.89   -8.67    8.29   32.83
T-A     0.00    0.00    0.00    0.00    0.00    0.00   -0.25   -0.87    3.26   -2.47    4.27   24.77
G-C     0.00    0.00    0.00    0.00    0.00    0.00   -0.32    0.90    3.18    0.95   -2.05   39.19
G-C     0.00    0.00    0.00    0.00    0.00    0.00    1.00    0.39    3.43    7.49    2.36   34.21
A-T     0.00    0.00    0.00    0.00    0.00    0.00   -1.15    1.19    3.24   -9.04   -4.66   42.13
G-C     0.00    0.00    0.00    0.00    0.00    0.00    1.17    0.41    3.12    0.33   -7.86   35.99
C-G     0.00    0.00    0.00    0.00    0.00    0.00   -0.55    0.16    3.43   -0.01   -2.56   35.19
A-T     0.00    0.00    0.00    0.00    0.00    0.00    1.07    0.48    3.45    3.82    3.56   36.22
G-C     0.00    0.00    0.00    0.00    0.00    0.00   -1.29   -0.15    3.69   -4.17    9.88   37.66
T-A     0.00    0.00    0.00    0.00    0.00    0.00   -0.93   -0.54    3.16   -0.18   13.94   29.41
T-A     0.00    0.00    0.00    0.00    0.00    0.00   -0.56   -0.22    3.24   -2.64   -0.38   32.10
T-A     0.00    0.00    0.00    0.00    0.00    0.00    0.82    0.14    3.22    1.41    8.59   35.19
C-G     0.00    0.00    0.00    0.00    0.00    0.00    1.27    0.85    2.83    9.19    1.63   35.12
C-G     0.00    0.00    0.00    0.00    0.00    0.00   -1.22    1.11    3.63  -10.07    5.65   30.94
A-T     0.00    0.00    0.00    0.00    0.00    0.00    0.41    2.28    3.20    8.18  -19.58   48.59
A-T     0.00    0.00    0.00    0.00    0.00    0.00    0.12   -0.40    3.17   -2.90    4.84   31.14
A-T     0.00    0.00    0.00    0.00    0.00    0.00   -0.62   -0.35    3.63    0.10    2.46   38.88
T-A     0.00    0.00    0.00    0.00    0.00    0.00   -0.36   -0.62    3.08    0.59   -4.74   30.73
A-T     0.00    0.00    0.00    0.00    0.00    0.00    0.26   -0.33    3.22  -12.16    4.73   37.77
C-G     0.00    0.00    0.00    0.00    0.00    0.00   -0.03   -0.85    3.04    3.35    2.73   23.39
A-T     0.00    0.00    0.00    0.00    0.00    0.00    0.21   -0.41    3.83    5.40   12.18   40.54
C-G     0.00    0.00    0.00    0.00    0.00    0.00    0.67   -0.37    3.40   -1.75    7.20   35.39
T-A     0.00    0.00    0.00    0.00    0.00    0.00   -0.41   -0.13    3.15    1.72    5.33   34.49
T-A     0.00    0.00    0.00    0.00    0.00    0.00   -0.01   -0.14    3.53   -5.79   -3.49   33.28
T-A     0.00    0.00    0.00    0.00    0.00    0.00   -0.69   -0.18    3.00    2.81    0.56   34.30
T-A     0.00    0.00    0.00    0.00    0.00    0.00   -0.42    0.31    3.54   -2.40   -5.92   41.19
G-C     0.00    0.00    0.00    0.00    0.00    0.00   -0.01    2.43    3.29    1.42   -3.77   40.18
G-C     0.00    0.00    0.00    0.00    0.00    0.00   -0.50    0.31    2.67  -12.59    1.62   26.92
T-A     0.00    0.00    0.00    0.00    0.00    0.00    0.61   -0.49    3.21    4.25    7.59   30.94
A-T     0.00    0.00    0.00    0.00    0.00    0.00   -0.73    0.21    3.64    3.11   14.49   34.81
G-C     0.00    0.00    0.00    0.00    0.00    0.00    0.35    0.16    3.28    0.82   10.37   30.71
A-T     0.00    0.00    0.00    0.00    0.00    0.00   -0.44   -0.97    3.08   -5.19   14.98   23.54
A-T     0.00    0.00    0.00    0.00    0.00    0.00    1.00   -0.40    3.08   -7.48    1.64   37.04
T-A     0.00    0.00    0.00    0.00    0.00    0.00   -0.45   -1.03    3.30    0.18  -10.26   30.57
C-G     0.00    0.00    0.00    0.00    0.00    0.00    0.35   -0.68    3.49    3.51   -2.89   39.91
T-A     0.00    0.00    0.00    0.00    0.00    0.00   -0.89   -0.31    3.44   -5.74    4.59   32.62
G-C     0.00    0.00    0.00    0.00    0.00    0.00   -0.34    2.27    2.93    2.08  -16.93   45.94
C-G     0.00    0.00    0.00    0.00    0.00    0.00    0.29    0.49    3.06    3.97    6.20   29.92
A-T     0.00    0.00    0.00    0.00    0.00    0.00    0.28    2.66    3.47    1.67   -5.19   45.95
G-C     0.00    0.00    0.00    0.00    0.00    0.00    0.34    0.76    2.82   -5.78    9.03   27.95
G-C     0.00    0.00    0.00    0.00    0.00    0.00   -0.45   -0.41    3.61   -0.30   16.96   31.79
T-A     0.00    0.00    0.00    0.00    0.00    0.00   -0.57   -0.47    3.30   -1.78    5.80   33.86
G-C     0.00    0.00    0.00    0.00    0.00    0.00    0.06   -0.11    3.46    1.67    9.91   32.80
G-C     0.00    0.00    0.00    0.00    0.00    0.00    0.67    0.41    3.16   -0.18    5.36   28.86
A-T     0.00    0.00    0.00    0.00    0.00    0.00   -0.50   -0.38    3.15   -3.71    3.25   39.77
T-A     0.00    0.00    0.00    0.00    0.00    0.00   -0.19   -0.87    3.28   -1.02   -2.94   29.12
A-T     0.00    0.00    0.00    0.00    0.00    0.00   -0.19    0.10    3.75    1.99   -2.73   42.55
T-A     0.00    0.00    0.00    0.00    0.00    0.00   -0.53   -0.74    3.01   -5.45   -3.72   30.88
T-A     0.00    0.00    0.00    0.00    0.00    0.00    0.65    0.05    3.34    3.47    2.02   35.36
G-C     0.00    0.00    0.00    0.00    0.00    0.00   -0.13    0.06    3.37    4.76    2.96   38.04
A-T     0.00    0.00    0.00    0.00    0.00    0.00   -0.11   -0.07    3.26   -2.98    7.56   29.30
T-A     0.00    0.00    0.00    0.00    0.00    0.00    0.78   -0.77    3.18   -1.19   -0.83   36.31
