 146 base-pairs
   0  ***local base-pair & step parameters***
       Shear  Stretch  Stagger Buckle Prop-Tw Opening   Shift  Slide    Rise    Tilt    Roll   Twist
A-T     0.00    0.00    0.00    0.00    0.00    0.00    0.00    0.00    0.00    0.00    0.00    0.00
T-A     0.00    0.00    0.00    0.00    0.00    0.00   -0.98   -0.93    3.34   -2.60   -0.84   30.95
C-G     0.00    0.00    0.00    0.00    0.00    0.00    0.83    0.09    2.92    4.71    2.91   37.19
A-T     0.00    0.00    0.00    0.00    0.00    0.00   -0.15    0.59    3.49   -3.79    4.14   34.83
A-T     0.00    0.00    0.00    0.00    0.00    0.00   -0.57    0.31    3.27   -3.79    0.32   38.96
T-A     0.00    0.00    0.00    0.00    0.00    0.00    0.50   -0.83    2.95    7.11   -2.25   32.70
A-T     0.00    0.00    0.00    0.00    0.00    0.00    0.06   -0.07    3.66   -4.00   -3.00   40.81
T-A     0.00    0.00    0.00    0.00    0.00    0.00   -0.24   -1.00    3.17    4.68   -2.48   33.89
C-G     0.00    0.00    0.00    0.00    0.00    0.00    1.20    0.04    3.42    2.13   -0.33   33.29
C-G     0.00    0.00    0.00    0.00    0.00    0.00   -0.45    0.11    3.12   -2.29    9.59   27.46
A-T     0.00    0.00    0.00    0.00    0.00    0.00   -1.00    0.41    3.45   -0.48    6.34   32.02
C-G     0.00    0.00    0.00    0.00    0.00    0.00    0.35   -0.81    3.34   -1.43    5.96   34.20
C-G     0.00    0.00    0.00    0.00    0.00    0.00    0.64   -0.29    3.37    1.69   12.56   30.21
T-A     0.00    0.00    0.00    0.00    0.00    0.00   -1.15    0.40    3.59   -6.02    7.58   32.44
G-C     0.00    0.00    0.00    0.00    0.00    0.00    0.50    1.11    3.20    3.87   -7.04   39.74
C-G     0.00    0.00    0.00    0.00    0.00    0.00   -0.17    0.13    3.55   -6.04    5.42   38.21
A-T     0.00    0.00    0.00    0.00    0.00    0.00   -0.09    1.73    2.99    2.19  -21.88   41.30
G-C     0.00    0.00    0.00    0.00    0.00    0.00    0.64   -0.03    3.54    4.15    2.05   36.16
A-T     0.00    0.00    0.00    0.00    0.00    0.00   -0.14   -0.72    3.22    0.08   -6.17   36.65
T-A     0.00    0.00    0.00    0.00    0.00    0.00    0.40    0.02    3.00    3.32   -5.07   36.27
T-A     0.00    0.00    0.00    0.00    0.00    0.00   -0.09   -1.22    3.42    3.15    4.16   30.07
C-G     0.00    0.00    0.00    0.00    0.00    0.00   -0.31   -0.47    2.69    3.72    9.68   26.62
T-A     0.00    0.00    0.00    0.00    0.00    0.00   -0.24   -0.32    3.85    1.64   11.88   29.06
A-T     0.00    0.00    0.00    0.00    0.00    0.00    1.86    0.75    3.63    1.26   21.83   33.54
C-G     0.00    0.00    0.00    0.00    0.00    0.00   -1.13   -0.19    2.97  -11.25    3.98   30.97
C-G     0.00    0.00    0.00    0.00    0.00    0.00    0.45   -0.15    2.67   12.83    7.46   29.66
A-T     0.00    0.00    0.00    0.00    0.00    0.00    0.11    2.52    3.19   -3.50  -14.74   41.74
A-T     0.00    0.00    0.00    0.00    0.00    0.00    0.37    0.56    3.60    3.22    2.96   39.28
A-T     0.00    0.00    0.00    0.00    0.00    0.00    0.64   -0.42    3.29   -0.88   -8.22   39.86
A-T     0.00    0.00    0.00    0.00    0.00    0.00   -0.16   -0.29    3.30   -2.33    3.51   32.31
G-C     0.00    0.00    0.00    0.00    0.00    0.00    0.22   -0.65    3.50    0.52   -0.79   36.33
T-A     0.00    0.00    0.00    0.00    0.00    0.00   -0.37   -0.69    3.04    4.89   -1.60   28.19
G-C     0.00    0.00    0.00    0.00    0.00    0.00    1.14    0.09    3.77    2.03   13.17   33.94
T-A     0.00    0.00    0.00    0.00    0.00    0.00   -1.28   -0.63    2.89   -1.65   16.48   23.98
A-T     0.00    0.00    0.00    0.00    0.00    0.00    0.07   -0.52    3.76   -5.86    0.87   42.56
T-A     0.00    0.00    0.00    0.00    0.00    0.00    0.52   -1.18    3.44    2.46    2.58   31.16
T-A     0.00    0.00    0.00    0.00    0.00    0.00    0.07   -0.13    3.03    2.56   -7.97   39.58
T-A     0.00    0.00    0.00    0.00    0.00    0.00    0.04   -0.51    3.54   -6.54    4.48   31.12
G-C     0.00    0.00    0.00    0.00    0.00    0.00   -0.93    2.43    3.21    1.43  -21.28   47.94
G-C     0.00    0.00    0.00    0.00    0.00    0.00    1.02    0.91    3.40    6.17    5.53   29.15
A-T     0.00    0.00    0.00    0.00    0.00    0.00   -1.28    0.98    3.10  -11.11    1.12   37.08
A-T     0.00    0.00    0.00    0.00    0.00    0.00    0.29   -0.26    3.19   -2.11    4.08   33.72
A-T     0.00    0.00    0.00    0.00    0.00    0.00   -0.04   -0.20    3.63   -1.01   15.10   31.56
C-G     0.00    0.00    0.00    0.00    0.00    0.00    0.12   -0.27    2.90    2.99   -2.67   33.45
T-A     0.00    0.00    0.00    0.00    0.00    0.00    1.36   -0.30    3.30    2.35   12.63   32.95
G-C     0.00    0.00    0.00    0.00    0.00    0.00   -1.60    0.58    3.65   -6.21   10.32   37.31
C-G     0.00    0.00    0.00    0.00    0.00    0.00    0.62    0.88    3.57    0.14  -11.96   46.17
T-A     0.00    0.00    0.00    0.00    0.00    0.00   -1.29    0.01    2.82    0.12   -1.01   31.64
C-G     0.00    0.00    0.00    0.00    0.00    0.00    1.65    1.68    3.18    7.19  -10.87   42.49
C-G     0.00    0.00    0.00    0.00    0.00    0.00   -0.91    0.43    3.51   -3.92    6.35   36.25
A-T     0.00    0.00    0.00    0.00    0.00    0.00    0.31    1.07    3.34   -5.55   -4.47   41.35
T-A     0.00    0.00    0.00    0.00    0.00    0.00    0.84   -0.55    2.95    7.24    1.04   29.01
C-G     0.00    0.00    0.00    0.00    0.00    0.00    0.16   -0.01    3.49    2.65    9.87   33.32
A-T     0.00    0.00    0.00    0.00    0.00    0.00   -0.22    0.18    4.14    4.54   19.04   34.30
A-T     0.00    0.00    0.00    0.00    0.00    0.00    0.40    0.77    3.07   -4.54    6.79   43.41
A-T     0.00    0.00    0.00    0.00    0.00    0.00   -0.85    0.29    2.99   -4.85   -4.88   34.82
A-T     0.00    0.00    0.00    0.00    0.00    0.00   -0.18   -0.82    3.56   -3.77    0.22   35.68
G-C     0.00    0.00    0.00    0.00    0.00    0.00   -0.33    0.96    3.60   -3.49   -6.88   40.24
G-C     0.00    0.00    0.00    0.00    0.00    0.00   -0.81    0.10    3.24   -5.51  -28.71   30.80
C-G     0.00    0.00    0.00    0.00    0.00    0.00    1.28    0.07    4.51   -0.78  -20.99   38.58
A-T     0.00    0.00    0.00    0.00    0.00    0.00    0.00    0.73    3.28   15.88    7.60   42.31
T-A     0.00    0.00    0.00    0.00    0.00    0.00    0.23   -0.41    3.32   -3.76   16.19   22.36
G-C     0.00    0.00    0.00    0.00    0.00    0.00    0.11    1.12    4.08   -0.11    8.36   40.63
T-A     0.00    0.00    0.00    0.00    0.00    0.00   -0.86   -0.55    3.40   -1.82    7.73   27.43
T-A     0.00    0.00    0.00    0.00    0.00    0.00    0.38   -0.01    2.95    3.78    3.25   31.70
C-G     0.00    0.00    0.00    0.00    0.00    0.00    0.87    0.73    3.28    4.83    7.79   37.11
A-T     0.00    0.00    0.00    0.00    0.00    0.00   -0.81    1.55    3.60   -3.25   -5.96   44.48
G-C     0.00    0.00    0.00    0.00    0.00    0.00    0.85    0.97    3.56    6.13   -1.27   32.28
C-G     0.00    0.00    0.00    0.00    0.00    0.00   -0.61    0.78    3.25   -7.30   -4.81   41.24
T-A     0.00    0.00    0.00    0.00    0.00    0.00    0.21    0.75    3.32    4.89   -0.90   36.03
G-C     0.00    0.00    0.00    0.00    0.00    0.00    0.79    1.26    3.17   -0.54    3.61   35.05
A-T     0.00    0.00    0.00    0.00    0.00    0.00   -0.66   -0.10    3.34   -6.31    7.34   33.74
A-T     0.00    0.00    0.00    0.00    0.00    0.00   -0.20   -0.17    3.23    1.96    4.50   34.23
T-A     0.00    0.00    0.00    0.00    0.00    0.00    0.20   -0.84    3.35   -1.15    8.27   28.74
T-A     0.00    0.00    0.00    0.00    0.00    0.00   -0.06   -0.30    3.25    4.33    8.39   34.08
C-G     0.00    0.00    0.00    0.00    0.00    0.00   -0.08    0.22    3.21    0.83    5.69   29.98
A-T     0.00    0.00    0.00    0.00    0.00    0.00   -0.53    1.73    3.45   -0.17    0.07   42.19
G-C     0.00    0.00    0.00    0.00    0.00    0.00    0.81    0.85    3.29   -2.35   -4.15   36.25
C-G     0.00    0.00    0.00    0.00    0.00    0.00   -0.95    0.89    3.40   -2.23   -6.84   37.91
T-A     0.00    0.00    0.00    0.00    0.00    0.00    1.11    1.62    3.75    3.01   -5.13   43.86
G-C     0.00    0.00    0.00    0.00    0.00    0.00   -0.67    0.71    2.93   -2.80    6.16   33.09
A-T     0.00    0.00    0.00    0.00    0.00    0.00   -0.47    0.31    3.38   -1.64    4.94   33.84
A-T     0.00    0.00    0.00    0.00    0.00    0.00    0.33    0.05    3.28    1.66    9.27   33.32
C-G     0.00    0.00    0.00    0.00    0.00    0.00    0.30   -0.51    3.34    0.92    5.50   30.61
A-T     0.00    0.00    0.00    0.00    0.00    0.00   -0.56    0.59    3.63   -0.68   11.19   35.23
T-A     0.00    0.00    0.00    0.00    0.00    0.00    0.38   -0.59    3.13    2.32    0.27   27.73
G-C     0.00    0.00    0.00    0.00    0.00    0.00    0.77    0.55    3.40   -1.36    8.52   36.27
C-G     0.00    0.00    0.00    0.00    0.00    0.00   -1.38    0.30    3.33   -1.35  -14.48   37.35
C-G     0.00    0.00    0.00    0.00    0.00    0.00    0.49    1.69    4.04    1.34   -7.85   46.40
T-A     0.00    0.00    0.00    0.00    0.00    0.00   -0.19    1.30    3.33    1.67   -9.13   40.91
T-A     0.00    0.00    0.00    0.00    0.00    0.00    0.32    0.23    2.97   -3.09    4.79   31.76
T-A     0.00    0.00    0.00    0.00    0.00    0.00    0.27   -0.08    3.23    0.82    9.12   30.98
T-A     0.00    0.00    0.00    0.00    0.00    0.00   -0.05    0.30    3.55    2.62   13.83   33.31
G-C     0.00    0.00    0.00    0.00    0.00    0.00   -0.12   -1.05    3.80    4.06   19.62   23.65
A-T     0.00    0.00    0.00    0.00    0.00    0.00    0.26   -0.16    2.94   -7.89    8.74   31.82
T-A     0.00    0.00    0.00    0.00    0.00    0.00   -0.37   -0.62    3.25   -3.19    3.48   25.96
G-C     0.00    0.00    0.00    0.00    0.00    0.00   -0.19    0.66    3.16    1.58   -1.33   38.44
G-C     0.00    0.00    0.00    0.00    0.00    0.00    0.89    0.54    3.47    7.08    2.11   34.27
A-T     0.00    0.00    0.00    0.00    0.00    0.00   -1.08    1.14    3.20   -9.02   -5.03   42.53
G-C     0.00    0.00    0.00    0.00    0.00    0.00    1.16    0.39    3.16    0.83   -7.07   35.65
C-G     0.00    0.00    0.00    0.00    0.00    0.00   -0.62    0.19    3.40   -0.99   -3.35   35.03
A-T     0.00    0.00    0.00    0.00    0.00    0.00    1.21    0.47    3.47    5.09    3.97   36.91
G-C     0.00    0.00    0.00    0.00    0.00    0.00   -1.46   -0.15    3.67   -5.42    9.95   36.86
T-A     0.00    0.00    0.00    0.00    0.00    0.00   -0.77   -0.59    3.19    0.78   13.62   29.73
T-A     0.00    0.00    0.00    0.00    0.00    0.00   -0.69   -0.09    3.22   -3.18   -0.17   32.63
T-A     0.00    0.00    0.00    0.00    0.00    0.00    0.90   -0.07    3.23    1.56    8.75   33.96
C-G     0.00    0.00    0.00    0.00    0.00    0.00    1.23    1.10    2.86    9.32    1.17   36.49
C-G     0.00    0.00    0.00    0.00    0.00    0.00   -1.21    0.93    3.58  -10.40    6.09   30.09
A-T     0.00    0.00    0.00    0.00    0.00    0.00    0.43    2.33    3.27    8.68  -19.62   48.59
A-T     0.00    0.00    0.00    0.00    0.00    0.00    0.06   -0.32    3.11   -3.62    4.32   31.82
A-T     0.00    0.00    0.00    0.00    0.00    0.00   -0.51   -0.51    3.67    1.07    3.36   38.08
T-A     0.00    0.00    0.00    0.00    0.00    0.00   -0.51   -0.44    3.07   -0.55   -5.60   31.13
A-T     0.00    0.00    0.00    0.00    0.00    0.00    0.44   -0.46    3.21  -11.07    5.13   37.95
C-G     0.00    0.00    0.00    0.00    0.00    0.00   -0.19   -0.77    3.05    2.58    2.92   22.94
A-T     0.00    0.00    0.00    0.00    0.00    0.00    0.32   -0.48    3.82    5.65   11.62   40.71
C-G     0.00    0.00    0.00    0.00    0.00    0.00    0.64   -0.28    3.41   -1.42    7.75   35.88
T-A     0.00    0.00    0.00    0.00    0.00    0.00   -0.45   -0.25    3.13    0.94    5.12   33.41
T-A     0.00    0.00    0.00    0.00    0.00    0.00    0.08   -0.02    3.57   -4.78   -3.66   34.44
T-A     0.00    0.00    0.00    0.00    0.00    0.00   -0.81   -0.23    2.95    1.81    0.83   33.70
T-A     0.00    0.00    0.00    0.00    0.00    0.00   -0.30    0.23    3.60   -1.53   -5.94   40.88
G-C     0.00    0.00    0.00    0.00    0.00    0.00   -0.13    2.62    3.25    0.70   -4.19   41.24
G-C     0.00    0.00    0.00    0.00    0.00    0.00   -0.39    0.05    2.68  -11.97    2.36   25.68
T-A     0.00    0.00    0.00    0.00    0.00    0.00    0.49   -0.25    3.24    3.76    6.92   31.74
A-T     0.00    0.00    0.00    0.00    0.00    0.00   -0.64    0.07    3.59    3.36   14.70   34.73
G-C     0.00    0.00    0.00    0.00    0.00    0.00    0.30    0.19    3.33    0.96   10.78   30.28
A-T     0.00    0.00    0.00    0.00    0.00    0.00   -0.46   -0.93    3.03   -5.81   14.16   23.94
A-T     0.00    0.00    0.00    0.00    0.00    0.00    1.09   -0.45    3.11   -6.41    2.46   37.11
T-A     0.00    0.00    0.00    0.00    0.00    0.00   -0.61   -1.00    3.28   -1.12  -10.69   29.97
C-G     0.00    0.00    0.00    0.00    0.00    0.00    0.53   -0.70    3.51    4.73   -2.96   40.63
T-A     0.00    0.00    0.00    0.00    0.00    0.00   -1.06   -0.25    3.42   -6.62    4.94   32.35
G-C     0.00    0.00    0.00    0.00    0.00    0.00   -0.22    2.13    2.95    2.50  -17.18   45.40
C-G     0.00    0.00    0.00    0.00    0.00    0.00    0.22    0.70    3.06    3.98    6.11   31.16
A-T     0.00    0.00    0.00    0.00    0.00    0.00    0.30    2.43    3.44    1.36   -4.78   44.59
G-C     0.00    0.00    0.00    0.00    0.00    0.00    0.36    0.93    2.87   -5.31    8.63   28.78
G-C     0.00    0.00    0.00    0.00    0.00    0.00   -0.49   -0.44    3.54   -0.91   16.98   31.83
T-A     0.00    0.00    0.00    0.00    0.00    0.00   -0.49   -0.57    3.36   -1.00    6.33   33.12
G-C     0.00    0.00    0.00    0.00    0.00    0.00   -0.05    0.08    3.42    0.71    9.02   33.68
G-C     0.00    0.00    0.00    0.00    0.00    0.00    0.82    0.22    3.16    0.89    6.20   28.38
A-T     0.00    0.00    0.00    0.00    0.00    0.00   -0.67   -0.24    3.16   -4.69    2.86   39.66
T-A     0.00    0.00    0.00    0.00    0.00    0.00   -0.04   -0.96    3.26   -0.38   -3.15   29.54
A-T     0.00    0.00    0.00    0.00    0.00    0.00   -0.28    0.16    3.77    1.90   -2.12   42.37
T-A     0.00    0.00    0.00    0.00    0.00    0.00   -0.52   -0.81    2.99   -5.94   -4.33   30.44
T-A     0.00    0.00    0.00    0.00    0.00    0.00    0.71    0.15    3.37    4.39    2.28   36.37
G-C     0.00    0.00    0.00    0.00    0.00    0.00   -0.24   -0.03    3.33    3.66    3.09   36.95
A-T     0.00    0.00    0.00    0.00    0.00    0.00    0.02   -0.05    3.31   -1.94    7.30   29.84
T-A     0.00    0.00    0.00    0.00    0.00    0.00    0.65   -0.68    3.13   -2.04   -0.79   36.68
