 146 base-pairs
   0  ***local base-pair & step parameters***
       Shear  Stretch  Stagger Buckle Prop-Tw Opening   Shift  Slide    Rise    Tilt    Roll   Twist
A-T     0.00    0.00    0.00    0.00    0.00    0.00    0.00    0.00    0.00    0.00    0.00    0.00
T-A     0.00    0.00    0.00    0.00    0.00    0.00   -1.05   -0.80    3.36   -2.87   -0.55   31.52
C-G     0.00    0.00    0.00    0.00    0.00    0.00    0.93   -0.06    2.90    5.10    3.33   36.79
A-T     0.00    0.00    0.00    0.00    0.00    0.00   -0.28    0.74    3.50   -4.31    3.12   35.03
A-T     0.00    0.00    0.00    0.00    0.00    0.00   -0.44    0.18    3.27   -3.27    1.61   38.95
T-A     0.00    0.00    0.00    0.00    0.00    0.00    0.40   -0.73    2.95    6.78   -3.36   32.63
A-T     0.00    0.00    0.00    0.00    0.00    0.00    0.09   -0.12    3.65   -4.08   -2.47   40.86
T-A     0.00    0.00    0.00    0.00    0.00    0.00   -0.19   -1.01    3.18    5.29   -2.20   33.93
C-G     0.00    0.00    0.00    0.00    0.00    0.00    1.06    0.10    3.38    0.98   -1.40   33.15
C-G     0.00    0.00    0.00    0.00    0.00    0.00   -0.24   -0.01    3.16   -0.78   11.15   27.63
A-T     0.00    0.00    0.00    0.00    0.00    0.00   -1.24    0.57    3.40   -2.04    4.74   31.92
C-G     0.00    0.00    0.00    0.00    0.00    0.00    0.57   -0.99    3.38   -0.18    7.11   34.13
C-G     0.00    0.00    0.00    0.00    0.00    0.00    0.49   -0.12    3.36    1.09   12.22   30.53
T-A     0.00    0.00    0.00    0.00    0.00    0.00   -1.10    0.26    3.56   -6.23    7.00   31.87
G-C     0.00    0.00    0.00    0.00    0.00    0.00    0.57    1.18    3.26    4.91   -5.70   40.45
C-G     0.00    0.00    0.00    0.00    0.00    0.00   -0.34    0.12    3.46   -7.68    3.73   37.52
A-T     0.00    0.00    0.00    0.00    0.00    0.00    0.13    1.67    3.08    4.07  -20.33   41.77
G-C     0.00    0.00    0.00    0.00    0.00    0.00    0.40    0.10    3.47    2.45    1.10   36.05
A-T     0.00    0.00    0.00    0.00    0.00    0.00    0.05   -0.89    3.26    1.25   -6.06   36.33
T-A     0.00    0.00    0.00    0.00    0.00    0.00    0.28    0.19    3.00    2.90   -4.34   36.98
T-A     0.00    0.00    0.00    0.00    0.00    0.00   -0.06   -1.39    3.37    2.81    2.88   29.12
C-G     0.00    0.00    0.00    0.00    0.00    0.00   -0.26   -0.34    2.76    4.65   11.08   27.60
T-A     0.00    0.00    0.00    0.00    0.00    0.00   -0.34   -0.40    3.77    0.41   10.82   28.30
A-T     0.00    0.00    0.00    0.00    0.00    0.00    1.98    0.77    3.71    2.48   22.24   33.93
C-G     0.00    0.00    0.00    0.00    0.00    0.00   -1.23   -0.15    2.92  -12.22    4.30   31.03
C-G     0.00    0.00    0.00    0.00    0.00    0.00    0.53   -0.24    2.69   13.42    6.58   29.20
A-T     0.00    0.00    0.00    0.00    0.00    0.00    0.05    2.65    3.21   -3.71  -13.65   42.47
A-T     0.00    0.00    0.00    0.00    0.00    0.00    0.42    0.41    3.56    3.20    2.10   38.48
A-T     0.00    0.00    0.00    0.00    0.00    0.00    0.60   -0.27    3.34   -0.78   -7.90   40.53
A-T     0.00    0.00    0.00    0.00    0.00    0.00   -0.11   -0.42    3.26   -2.38    3.88   31.89
G-C     0.00    0.00    0.00    0.00    0.00    0.00    0.16   -0.54    3.53    0.48   -1.72   36.46
T-A     0.00    0.00    0.00    0.00    0.00    0.00   -0.32   -0.76    3.03    4.94   -0.45   28.31
G-C     0.00    0.00    0.00    0.00    0.00    0.00    1.12    0.11    3.77    2.10   12.22   33.68
T-A     0.00    0.00    0.00    0.00    0.00    0.00   -1.31   -0.60    2.89   -2.01   16.85   24.24
A-T     0.00    0.00    0.00    0.00    0.00    0.00    0.17   -0.60    3.76   -5.13    1.27   42.38
T-A     0.00    0.00    0.00    0.00    0.00    0.00    0.36   -1.06    3.42    1.39    1.48   31.22
T-A     0.00    0.00    0.00    0.00    0.00    0.00    0.28   -0.28    3.06    3.79   -6.48   39.59
T-A     0.00    0.00    0.00    0.00    0.00    0.00   -0.16   -0.35    3.52   -7.65    3.05   31.12
G-C     0.00    0.00    0.00    0.00    0.00    0.00   -0.77    2.28    3.23    2.11  -20.39   47.82
G-C     0.00    0.00    0.00    0.00    0.00    0.00    0.95    1.03    3.41    6.15    5.47   29.44
A-T     0.00    0.00    0.00    0.00    0.00    0.00   -1.32    0.92    3.06  -11.87    0.28   36.63
A-T     0.00    0.00    0.00    0.00    0.00    0.00    0.44   -0.27    3.26   -0.68    5.58   34.24
A-T     0.00    0.00    0.00    0.00    0.00    0.00   -0.26   -0.12    3.55   -2.83   13.37   31.12
C-G     0.00    0.00    0.00    0.00    0.00    0.00    0.37   -0.41    2.98    4.81   -1.22   33.66
T-A     0.00    0.00    0.00    0.00    0.00    0.00    1.13   -0.12    3.25    0.94   11.88   33.09
G-C     0.00    0.00    0.00    0.00    0.00    0.00   -1.45    0.39    3.66   -5.52   10.17   36.79
C-G     0.00    0.00    0.00    0.00    0.00    0.00    0.57    1.04    3.60    0.30  -10.98   46.98
T-A     0.00    0.00    0.00    0.00    0.00    0.00   -1.34   -0.11    2.75   -0.81   -2.49   30.71
C-G     0.00    0.00    0.00    0.00    0.00    0.00    1.77    1.74    3.26    8.64   -9.36   43.34
C-G     0.00    0.00    0.00    0.00    0.00    0.00   -1.08    0.44    3.42   -5.53    5.26   35.71
A-T     0.00    0.00    0.00    0.00    0.00    0.00    0.48    1.00    3.41   -4.14   -4.11   41.46
T-A     0.00    0.00    0.00    0.00    0.00    0.00    0.71   -0.43    2.92    6.29    1.46   29.37
C-G     0.00    0.00    0.00    0.00    0.00    0.00    0.25   -0.16    3.49    3.03    8.88   32.59
A-T     0.00    0.00    0.00    0.00    0.00    0.00   -0.26    0.34    4.18    4.67   20.22   35.21
A-T     0.00    0.00    0.00    0.00    0.00    0.00    0.41    0.62    3.00   -5.01    5.84   42.53
A-T     0.00    0.00    0.00    0.00    0.00    0.00   -0.84    0.41    3.06   -4.27   -4.51   35.48
A-T     0.00    0.00    0.00    0.00    0.00    0.00   -0.19   -0.90    3.51   -4.29    0.53   35.37
G-C     0.00    0.00    0.00    0.00    0.00    0.00   -0.32    0.99    3.64   -3.12   -7.74   40.18
G-C     0.00    0.00    0.00    0.00    0.00    0.00   -0.82    0.12    3.23   -5.76  -27.64   31.15
C-G     0.00    0.00    0.00    0.00    0.00    0.00    1.31    0.01    4.50   -0.55  -21.85   38.09
A-T     0.00    0.00    0.00    0.00    0.00    0.00   -0.06    0.83    3.29   15.52    7.89   42.79
T-A     0.00    0.00    0.00    0.00    0.00    0.00    0.34   -0.55    3.31   -3.19   16.62   22.01
G-C     0.00    0.00    0.00    0.00    0.00    0.00   -0.04    1.28    4.09   -0.85    7.31   40.81
T-A     0.00    0.00    0.00    0.00    0.00    0.00   -0.70   -0.69    3.41   -1.05    9.09   27.39
T-A     0.00    0.00    0.00    0.00    0.00    0.00    0.24    0.12    2.95    3.21    2.04   31.69
C-G     0.00    0.00    0.00    0.00    0.00    0.00    0.95    0.65    3.28    4.97    8.43   37.09
A-T     0.00    0.00    0.00    0.00    0.00    0.00   -0.80    1.59    3.62   -2.79   -5.78   44.62
G-C     0.00    0.00    0.00    0.00    0.00    0.00    0.73    0.99    3.53    5.04   -2.27   32.03
C-G     0.00    0.00    0.00    0.00    0.00    0.00   -0.41    0.69    3.30   -5.74   -3.24   41.52
T-A     0.00    0.00    0.00    0.00    0.00    0.00   -0.04    0.89    3.26    3.18   -2.57   35.83
G-C     0.00    0.00    0.00    0.00    0.00    0.00    1.03    1.09    3.22    0.96    4.88   35.04
A-T     0.00    0.00    0.00    0.00    0.00    0.00   -0.85    0.08    3.31   -7.22    6.85   34.03
A-T     0.00    0.00    0.00    0.00    0.00    0.00   -0.12   -0.33    3.22    2.05    4.06   33.65
T-A     0.00    0.00    0.00    0.00    0.00    0.00    0.23   -0.73    3.40   -0.39    9.50   29.51
T-A     0.00    0.00    0.00    0.00    0.00    0.00   -0.19   -0.35    3.17    2.88    6.75   33.29
C-G     0.00    0.00    0.00    0.00    0.00    0.00    0.12    0.20    3.31    2.63    7.25   30.59
A-T     0.00    0.00    0.00    0.00    0.00    0.00   -0.75    1.82    3.37   -1.91   -0.95   41.93
G-C     0.00    0.00    0.00    0.00    0.00    0.00    1.00    0.71    3.34   -1.03   -3.94   36.06
C-G     0.00    0.00    0.00    0.00    0.00    0.00   -1.08    1.05    3.39   -2.89   -6.23   38.53
T-A     0.00    0.00    0.00    0.00    0.00    0.00    1.17    1.44    3.71    2.95   -6.31   42.95
G-C     0.00    0.00    0.00    0.00    0.00    0.00   -0.66    0.87    2.99   -2.16    7.49   34.08
A-T     0.00    0.00    0.00    0.00    0.00    0.00   -0.53    0.19    3.30   -2.63    3.91   33.00
A-T     0.00    0.00    0.00    0.00    0.00    0.00    0.41    0.11    3.35    2.70    9.68   33.82
C-G     0.00    0.00    0.00    0.00    0.00    0.00    0.22   -0.51    3.28    0.04    5.80   30.53
A-T     0.00    0.00    0.00    0.00    0.00    0.00   -0.50    0.54    3.65   -0.10   10.33   34.91
T-A     0.00    0.00    0.00    0.00    0.00    0.00    0.33   -0.49    3.14    2.02    1.33   28.34
G-C     0.00    0.00    0.00    0.00    0.00    0.00    0.82    0.42    3.37   -1.24    7.67   35.56
C-G     0.00    0.00    0.00    0.00    0.00    0.00   -1.44    0.44    3.37   -1.45  -14.19   37.98
C-G     0.00    0.00    0.00    0.00    0.00    0.00    0.57    1.55    4.01    1.53   -7.45   45.97
T-A     0.00    0.00    0.00    0.00    0.00    0.00   -0.29    1.43    3.35    1.40  -10.10   41.08
T-A     0.00    0.00    0.00    0.00    0.00    0.00    0.41    0.13    2.96   -2.82    6.00   31.79
T-A     0.00    0.00    0.00    0.00    0.00    0.00    0.21   -0.02    3.23    0.72    8.09   30.83
T-A     0.00    0.00    0.00    0.00    0.00    0.00   -0.05    0.29    3.54    2.37   14.27   33.46
G-C     0.00    0.00    0.00    0.00    0.00    0.00   -0.04   -1.10    3.81    4.77   19.97   23.58
A-T     0.00    0.00    0.00    0.00    0.00    0.00    0.10   -0.06    2.91   -9.03    7.65   31.79
T-A     0.00    0.00    0.00    0.00    0.00    0.00   -0.16   -0.76    3.28   -1.80    5.02   26.04
G-C     0.00    0.00    0.00    0.00    0.00    0.00   -0.42    0.83    3.12    0.23   -2.85   38.40
G-C     0.00    0.00    0.00    0.00    0.00    0.00    1.08    0.37    3.50    8.06    3.13   34.16
A-T     0.00    0.00    0.00    0.00    0.00    0.00   -1.19    1.29    3.20   -9.33   -5.23   42.85
G-C     0.00    0.00    0.00    0.00    0.00    0.00    1.16    0.29    3.13    0.33   -7.78   35.13
C-G     0.00    0.00    0.00    0.00    0.00    0.00   -0.50    0.22    3.46    0.27   -1.92   35.65
A-T     0.00    0.00    0.00    0.00    0.00    0.00    1.01    0.51    3.39    3.32    2.25   36.34
G-C     0.00    0.00    0.00    0.00    0.00    0.00   -1.22   -0.25    3.75   -3.54   11.46   37.21
T-A     0.00    0.00    0.00    0.00    0.00    0.00   -1.00   -0.43    3.13   -0.81   12.75   29.75
T-A     0.00    0.00    0.00    0.00    0.00    0.00   -0.51   -0.27    3.24   -2.22   -0.19   32.20
T-A     0.00    0.00    0.00    0.00    0.00    0.00    0.81    0.10    3.25    1.41    9.60   34.73
C-G     0.00    0.00    0.00    0.00    0.00    0.00    1.22    0.95    2.80    8.69   -0.21   35.53
C-G     0.00    0.00    0.00    0.00    0.00    0.00   -1.13    1.03    3.66   -9.19    7.55   31.01
A-T     0.00    0.00    0.00    0.00    0.00    0.00    0.29    2.29    3.18    7.23  -20.71   47.92
A-T     0.00    0.00    0.00    0.00    0.00    0.00    0.21   -0.35    3.19   -2.27    4.71   32.07
A-T     0.00    0.00    0.00    0.00    0.00    0.00   -0.64   -0.43    3.63    0.08    3.72   38.29
T-A     0.00    0.00    0.00    0.00    0.00    0.00   -0.42   -0.57    3.08   -0.03   -6.53   30.52
A-T     0.00    0.00    0.00    0.00    0.00    0.00    0.39   -0.31    3.24  -11.14    6.26   38.78
C-G     0.00    0.00    0.00    0.00    0.00    0.00   -0.16   -0.93    3.00    2.35    2.01   22.08
A-T     0.00    0.00    0.00    0.00    0.00    0.00    0.30   -0.34    3.88    5.99   11.96   41.40
C-G     0.00    0.00    0.00    0.00    0.00    0.00    0.66   -0.39    3.37   -1.71    8.09   35.50
T-A     0.00    0.00    0.00    0.00    0.00    0.00   -0.48   -0.18    3.16    1.12    4.23   33.46
T-A     0.00    0.00    0.00    0.00    0.00    0.00    0.11   -0.05    3.55   -4.91   -2.55   34.66
T-A     0.00    0.00    0.00    0.00    0.00    0.00   -0.80   -0.25    2.94    2.00   -0.07   33.33
T-A     0.00    0.00    0.00    0.00    0.00    0.00   -0.35    0.30    3.60   -1.92   -5.61   41.25
G-C     0.00    0.00    0.00    0.00    0.00    0.00   -0.02    2.51    3.25    1.37   -3.77   40.97
G-C     0.00    0.00    0.00    0.00    0.00    0.00   -0.55    0.20    2.67  -12.90    1.28   25.81
T-A     0.00    0.00    0.00    0.00    0.00    0.00    0.68   -0.41    3.26    4.77    8.35   31.71
A-T     0.00    0.00    0.00    0.00    0.00    0.00   -0.81    0.22    3.58    2.51   13.38   34.74
G-C     0.00    0.00    0.00    0.00    0.00    0.00    0.42    0.07    3.34    1.36   11.55   30.19
A-T     0.00    0.00    0.00    0.00    0.00    0.00   -0.48   -0.85    3.05   -5.57   14.23   24.17
A-T     0.00    0.00    0.00    0.00    0.00    0.00    1.01   -0.47    3.07   -7.36    1.53   36.76
T-A     0.00    0.00    0.00    0.00    0.00    0.00   -0.43   -1.05    3.34    0.41   -9.14   30.37
C-G     0.00    0.00    0.00    0.00    0.00    0.00    0.29   -0.59    3.44    2.93   -4.67   40.32
T-A     0.00    0.00    0.00    0.00    0.00    0.00   -0.81   -0.41    3.48   -4.94    6.31   32.44
G-C     0.00    0.00    0.00    0.00    0.00    0.00   -0.43    2.32    2.91    1.32  -17.80   45.63
C-G     0.00    0.00    0.00    0.00    0.00    0.00    0.35    0.52    3.06    4.38    5.81   30.59
A-T     0.00    0.00    0.00    0.00    0.00    0.00    0.28    2.57    3.48    1.83   -3.67   45.40
G-C     0.00    0.00    0.00    0.00    0.00    0.00    0.27    0.84    2.80   -6.51    7.06   27.90
G-C     0.00    0.00    0.00    0.00    0.00    0.00   -0.33   -0.42    3.64    0.74   18.53   32.57
T-A     0.00    0.00    0.00    0.00    0.00    0.00   -0.69   -0.52    3.28   -2.71    5.26   32.71
G-C     0.00    0.00    0.00    0.00    0.00    0.00    0.14   -0.03    3.49    2.11    9.31   33.64
G-C     0.00    0.00    0.00    0.00    0.00    0.00    0.68    0.37    3.14    0.06    6.71   28.87
A-T     0.00    0.00    0.00    0.00    0.00    0.00   -0.60   -0.41    3.15   -4.51    1.78   38.83
T-A     0.00    0.00    0.00    0.00    0.00    0.00   -0.06   -0.79    3.31    0.00   -1.90   30.51
A-T     0.00    0.00    0.00    0.00    0.00    0.00   -0.31    0.02    3.69    1.17   -3.10   41.49
T-A     0.00    0.00    0.00    0.00    0.00    0.00   -0.47   -0.72    3.06   -5.11   -3.93   31.03
T-A     0.00    0.00    0.00    0.00    0.00    0.00    0.67    0.11    3.31    3.67    2.58   36.17
G-C     0.00    0.00    0.00    0.00    0.00    0.00   -0.21   -0.04    3.36    4.17    2.24   36.76
A-T     0.00    0.00    0.00    0.00    0.00    0.00   -0.01    0.01    3.31   -2.24    8.35   30.32
T-A     0.00    0.00    0.00    0.00    0.00    0.00    0.70   -0.78    3.11   -1.82   -1.63   36.07
