 146 base-pairs
   0  ***local base-pair & step parameters***
       Shear  Stretch  Stagger Buckle Prop-Tw Opening   Shift  Slide    Rise    Tilt    Roll   Twist
A-T     0.00    0.00    0.00    0.00    0.00    0.00    0.00    0.00    0.00    0.00    0.00    0.00
T-A     0.00    0.00    0.00    0.00    0.00    0.00   -0.86   -0.74    3.31   -1.82   -1.73   32.04
C-G     0.00    0.00    0.00    0.00    0.00    0.00    0.73   -0.13    2.92    4.27    3.82   35.58
A-T     0.00    0.00    0.00    0.00    0.00    0.00   -0.09    0.81    3.52   -3.80    3.36   36.71
A-T     0.00    0.00    0.00    0.00    0.00    0.00   -0.58    0.13    3.22   -3.33    0.85   37.12
T-A     0.00    0.00    0.00    0.00    0.00    0.00    0.45   -0.71    3.02    6.28   -2.42   34.22
A-T     0.00    0.00    0.00    0.00    0.00    0.00    0.16   -0.11    3.58   -2.96   -3.21   39.85
T-A     0.00    0.00    0.00    0.00    0.00    0.00   -0.37   -1.04    3.24    3.62   -1.91   34.13
C-G     0.00    0.00    0.00    0.00    0.00    0.00    1.33    0.15    3.36    2.99   -1.18   33.79
C-G     0.00    0.00    0.00    0.00    0.00    0.00   -0.56   -0.07    3.15   -2.78   10.58   26.28
A-T     0.00    0.00    0.00    0.00    0.00    0.00   -0.93    0.63    3.44   -0.48    5.37   33.68
C-G     0.00    0.00    0.00    0.00    0.00    0.00    0.35   -1.03    3.31   -0.92    6.76   32.33
C-G     0.00    0.00    0.00    0.00    0.00    0.00    0.58   -0.10    3.43    0.74   12.05   32.00
T-A     0.00    0.00    0.00    0.00    0.00    0.00   -1.03    0.25    3.52   -4.78    7.71   31.01
G-C     0.00    0.00    0.00    0.00    0.00    0.00    0.34    1.17    3.28    2.56   -6.76   40.58
C-G     0.00    0.00    0.00    0.00    0.00    0.00    0.00    0.14    3.47   -4.91    4.78   38.09
A-T     0.00    0.00    0.00    0.00    0.00    0.00   -0.24    1.64    3.05    1.45  -20.96   40.69
G-C     0.00    0.00    0.00    0.00    0.00    0.00    0.74    0.13    3.50    4.35    1.00   37.40
A-T     0.00    0.00    0.00    0.00    0.00    0.00   -0.17   -0.93    3.23    0.51   -5.15   34.99
T-A     0.00    0.00    0.00    0.00    0.00    0.00    0.34    0.23    3.02    2.32   -5.88   38.09
T-A     0.00    0.00    0.00    0.00    0.00    0.00    0.04   -1.42    3.37    4.58    4.65   28.38
C-G     0.00    0.00    0.00    0.00    0.00    0.00   -0.49   -0.31    2.75    2.09    9.60   27.92
T-A     0.00    0.00    0.00    0.00    0.00    0.00   -0.03   -0.41    3.78    3.20   11.54   28.37
A-T     0.00    0.00    0.00    0.00    0.00    0.00    1.66    0.76    3.70    0.05   22.54   33.54
C-G     0.00    0.00    0.00    0.00    0.00    0.00   -0.96   -0.13    2.92  -10.63    3.00   31.66
C-G     0.00    0.00    0.00    0.00    0.00    0.00    0.36   -0.29    2.71   12.93    8.55   28.40
A-T     0.00    0.00    0.00    0.00    0.00    0.00    0.11    2.71    3.18   -4.33  -15.76   43.37
A-T     0.00    0.00    0.00    0.00    0.00    0.00    0.48    0.35    3.59    4.68    3.77   37.56
A-T     0.00    0.00    0.00    0.00    0.00    0.00    0.45   -0.22    3.33   -2.75   -8.67   41.40
A-T     0.00    0.00    0.00    0.00    0.00    0.00    0.08   -0.45    3.25   -0.34    3.54   31.18
G-C     0.00    0.00    0.00    0.00    0.00    0.00   -0.05   -0.54    3.57   -1.25   -0.40   36.86
T-A     0.00    0.00    0.00    0.00    0.00    0.00   -0.13   -0.73    2.98    6.14   -2.36   28.32
G-C     0.00    0.00    0.00    0.00    0.00    0.00    0.96    0.05    3.83    1.52   14.17   33.18
T-A     0.00    0.00    0.00    0.00    0.00    0.00   -1.20   -0.52    2.85   -2.01   15.39   25.23
A-T     0.00    0.00    0.00    0.00    0.00    0.00    0.11   -0.67    3.77   -4.66    1.88   41.01
T-A     0.00    0.00    0.00    0.00    0.00    0.00    0.37   -1.00    3.45    0.59    1.81   32.74
T-A     0.00    0.00    0.00    0.00    0.00    0.00    0.31   -0.31    3.00    4.82   -7.56   38.22
T-A     0.00    0.00    0.00    0.00    0.00    0.00   -0.25   -0.35    3.59   -8.83    4.49   32.04
G-C     0.00    0.00    0.00    0.00    0.00    0.00   -0.62    2.31    3.15    3.38  -21.71   47.59
G-C     0.00    0.00    0.00    0.00    0.00    0.00    0.75    0.97    3.46    4.88    6.30   28.89
A-T     0.00    0.00    0.00    0.00    0.00    0.00   -1.09    0.99    3.05  -10.73    0.12   37.89
A-T     0.00    0.00    0.00    0.00    0.00    0.00    0.22   -0.34    3.23   -1.51    5.14   32.49
A-T     0.00    0.00    0.00    0.00    0.00    0.00   -0.10   -0.07    3.61   -2.54   14.14   32.99
C-G     0.00    0.00    0.00    0.00    0.00    0.00    0.31   -0.44    2.90    5.21   -1.97   32.05
T-A     0.00    0.00    0.00    0.00    0.00    0.00    1.07   -0.12    3.32   -0.24   12.28   34.08
G-C     0.00    0.00    0.00    0.00    0.00    0.00   -1.26    0.42    3.61   -3.67   10.26   36.62
C-G     0.00    0.00    0.00    0.00    0.00    0.00    0.28    1.00    3.61   -1.95  -11.50   46.32
T-A     0.00    0.00    0.00    0.00    0.00    0.00   -1.00   -0.06    2.77    1.41   -1.79   32.04
C-G     0.00    0.00    0.00    0.00    0.00    0.00    1.45    1.69    3.22    6.92   -9.90   41.63
C-G     0.00    0.00    0.00    0.00    0.00    0.00   -0.85    0.48    3.47   -4.74    5.34   37.42
A-T     0.00    0.00    0.00    0.00    0.00    0.00    0.40    0.97    3.36   -3.75   -3.58   40.08
T-A     0.00    0.00    0.00    0.00    0.00    0.00    0.62   -0.42    2.95    4.73    0.41   30.19
C-G     0.00    0.00    0.00    0.00    0.00    0.00    0.48   -0.16    3.48    5.49   10.15   32.45
A-T     0.00    0.00    0.00    0.00    0.00    0.00   -0.60    0.32    4.17    1.81   19.15   34.73
A-T     0.00    0.00    0.00    0.00    0.00    0.00    0.78    0.65    3.03   -2.36    6.31   43.47
A-T     0.00    0.00    0.00    0.00    0.00    0.00   -1.16    0.38    3.03   -6.13   -4.12   34.29
A-T     0.00    0.00    0.00    0.00    0.00    0.00    0.02   -0.86    3.53   -3.61   -0.70   36.57
G-C     0.00    0.00    0.00    0.00    0.00    0.00   -0.38    0.95    3.63   -2.49   -5.95   39.14
G-C     0.00    0.00    0.00    0.00    0.00    0.00   -0.92    0.16    3.22   -7.53  -29.50   31.90
C-G     0.00    0.00    0.00    0.00    0.00    0.00    1.52   -0.02    4.52    1.94  -20.45   37.66
A-T     0.00    0.00    0.00    0.00    0.00    0.00   -0.35    0.85    3.28   12.86    7.40   42.90
T-A     0.00    0.00    0.00    0.00    0.00    0.00    0.64   -0.55    3.30   -0.91   16.03   22.20
G-C     0.00    0.00    0.00    0.00    0.00    0.00   -0.29    1.25    4.11   -2.32    8.85   40.35
T-A     0.00    0.00    0.00    0.00    0.00    0.00   -0.54   -0.65    3.38   -0.59    7.00   28.08
T-A     0.00    0.00    0.00    0.00    0.00    0.00    0.18    0.05    2.98    3.73    4.09   30.80
C-G     0.00    0.00    0.00    0.00    0.00    0.00    0.91    0.71    3.26    3.69    6.96   38.11
A-T     0.00    0.00    0.00    0.00    0.00    0.00   -0.69    1.54    3.62   -1.07   -5.29   43.58
G-C     0.00    0.00    0.00    0.00    0.00    0.00    0.58    1.02    3.55    3.26   -1.68   32.93
C-G     0.00    0.00    0.00    0.00    0.00    0.00   -0.24    0.69    3.25   -4.18   -4.70   40.95
T-A     0.00    0.00    0.00    0.00    0.00    0.00   -0.21    0.86    3.32    2.02   -0.69   35.92
G-C     0.00    0.00    0.00    0.00    0.00    0.00    1.19    1.15    3.16    1.65    3.12   35.54
A-T     0.00    0.00    0.00    0.00    0.00    0.00   -0.98    0.00    3.35   -7.47    8.01   32.97
A-T     0.00    0.00    0.00    0.00    0.00    0.00   -0.01   -0.25    3.22    1.91    3.76   35.14
T-A     0.00    0.00    0.00    0.00    0.00    0.00    0.17   -0.79    3.36    0.11    8.96   27.87
T-A     0.00    0.00    0.00    0.00    0.00    0.00   -0.20   -0.32    3.23    2.06    7.86   34.76
C-G     0.00    0.00    0.00    0.00    0.00    0.00    0.20    0.20    3.23    3.75    5.98   29.61
A-T     0.00    0.00    0.00    0.00    0.00    0.00   -0.91    1.78    3.44   -3.29    0.06   42.17
G-C     0.00    0.00    0.00    0.00    0.00    0.00    1.23    0.77    3.30    0.49   -4.41   36.64
C-G     0.00    0.00    0.00    0.00    0.00    0.00   -1.35    0.99    3.40   -4.33   -6.36   37.21
T-A     0.00    0.00    0.00    0.00    0.00    0.00    1.42    1.51    3.75    4.06   -5.74   44.74
G-C     0.00    0.00    0.00    0.00    0.00    0.00   -0.85    0.82    2.93   -2.64    6.79   32.20
A-T     0.00    0.00    0.00    0.00    0.00    0.00   -0.45    0.22    3.38   -2.97    4.40   34.58
A-T     0.00    0.00    0.00    0.00    0.00    0.00    0.48    0.11    3.29    3.96    9.64   32.87
C-G     0.00    0.00    0.00    0.00    0.00    0.00    0.02   -0.53    3.32   -1.98    5.35   30.68
A-T     0.00    0.00    0.00    0.00    0.00    0.00   -0.19    0.58    3.64    2.36   11.09   35.56
T-A     0.00    0.00    0.00    0.00    0.00    0.00   -0.03   -0.53    3.11   -0.39    0.58   27.06
G-C     0.00    0.00    0.00    0.00    0.00    0.00    1.15    0.46    3.42    0.59    8.05   37.17
C-G     0.00    0.00    0.00    0.00    0.00    0.00   -1.67    0.40    3.32   -2.26  -13.95   36.38
C-G     0.00    0.00    0.00    0.00    0.00    0.00    0.65    1.58    4.05    1.08   -8.35   47.26
T-A     0.00    0.00    0.00    0.00    0.00    0.00   -0.20    1.41    3.33    3.05   -8.74   40.31
T-A     0.00    0.00    0.00    0.00    0.00    0.00    0.17    0.14    2.96   -5.36    4.58   31.97
T-A     0.00    0.00    0.00    0.00    0.00    0.00    0.54   -0.02    3.25    3.61    9.12   31.20
T-A     0.00    0.00    0.00    0.00    0.00    0.00   -0.41    0.28    3.52   -0.25   14.03   32.69
G-C     0.00    0.00    0.00    0.00    0.00    0.00    0.27   -1.07    3.83    6.56   19.27   24.58
A-T     0.00    0.00    0.00    0.00    0.00    0.00   -0.09   -0.10    2.91   -9.64    9.18   30.74
T-A     0.00    0.00    0.00    0.00    0.00    0.00   -0.10   -0.72    3.28   -2.45    3.04   27.01
G-C     0.00    0.00    0.00    0.00    0.00    0.00   -0.33    0.79    3.13    1.95   -0.97   37.61
G-C     0.00    0.00    0.00    0.00    0.00    0.00    0.88    0.41    3.48    5.69    1.90   34.72
A-T     0.00    0.00    0.00    0.00    0.00    0.00   -0.93    1.27    3.20   -6.84   -5.00   42.55
G-C     0.00    0.00    0.00    0.00    0.00    0.00    0.90    0.29    3.15   -1.78   -6.91   35.15
C-G     0.00    0.00    0.00    0.00    0.00    0.00   -0.28    0.25    3.43    1.63   -3.65   35.94
A-T     0.00    0.00    0.00    0.00    0.00    0.00    0.86    0.46    3.43    2.86    4.37   35.73
G-C     0.00    0.00    0.00    0.00    0.00    0.00   -1.14   -0.18    3.71   -3.93    9.54   38.11
T-A     0.00    0.00    0.00    0.00    0.00    0.00   -1.00   -0.50    3.15    0.24   13.96   28.62
T-A     0.00    0.00    0.00    0.00    0.00    0.00   -0.58   -0.21    3.25   -3.65   -0.39   33.40
T-A     0.00    0.00    0.00    0.00    0.00    0.00    0.93    0.07    3.21    2.93    8.79   33.66
C-G     0.00    0.00    0.00    0.00    0.00    0.00    1.08    0.94    2.86    7.28    1.32   36.24
C-G     0.00    0.00    0.00    0.00    0.00    0.00   -0.97    1.07    3.60   -8.04    5.78   30.85
A-T     0.00    0.00    0.00    0.00    0.00    0.00    0.13    2.23    3.23    6.38  -19.21   47.42
A-T     0.00    0.00    0.00    0.00    0.00    0.00    0.37   -0.27    3.16   -1.74    3.88   33.20
A-T     0.00    0.00    0.00    0.00    0.00    0.00   -0.78   -0.51    3.62   -0.11    3.74   36.70
T-A     0.00    0.00    0.00    0.00    0.00    0.00   -0.32   -0.51    3.12   -0.23   -5.84   32.27
A-T     0.00    0.00    0.00    0.00    0.00    0.00    0.36   -0.34    3.17  -10.50    5.20   37.23
C-G     0.00    0.00    0.00    0.00    0.00    0.00   -0.23   -0.93    3.08    1.24    3.05   23.09
A-T     0.00    0.00    0.00    0.00    0.00    0.00    0.47   -0.31    3.81    7.50   11.29   41.17
C-G     0.00    0.00    0.00    0.00    0.00    0.00    0.41   -0.45    3.40   -3.48    8.20   34.88
T-A     0.00    0.00    0.00    0.00    0.00    0.00   -0.19   -0.12    3.16    2.86    4.61   34.81
T-A     0.00    0.00    0.00    0.00    0.00    0.00   -0.18   -0.11    3.51   -6.27   -3.19   32.87
T-A     0.00    0.00    0.00    0.00    0.00    0.00   -0.59   -0.21    3.01    2.64    0.49   35.19
T-A     0.00    0.00    0.00    0.00    0.00    0.00   -0.44    0.28    3.53   -1.59   -5.79   39.71
G-C     0.00    0.00    0.00    0.00    0.00    0.00   -0.09    2.51    3.30    0.02   -4.11   41.88
G-C     0.00    0.00    0.00    0.00    0.00    0.00   -0.33    0.21    2.64  -10.71    2.05   25.68
T-A     0.00    0.00    0.00    0.00    0.00    0.00    0.35   -0.44    3.26    2.14    7.41   31.09
A-T     0.00    0.00    0.00    0.00    0.00    0.00   -0.44    0.26    3.60    5.06   14.11   35.94
G-C     0.00    0.00    0.00    0.00    0.00    0.00    0.08    0.03    3.29   -0.53   11.38   28.70
A-T     0.00    0.00    0.00    0.00    0.00    0.00   -0.25   -0.81    3.09   -4.78   13.66   25.65
A-T     0.00    0.00    0.00    0.00    0.00    0.00    0.93   -0.50    3.04   -6.85    2.77   35.56
T-A     0.00    0.00    0.00    0.00    0.00    0.00   -0.52   -1.02    3.35   -1.32  -10.74   31.12
C-G     0.00    0.00    0.00    0.00    0.00    0.00    0.53   -0.61    3.45    5.51   -3.18   40.08
T-A     0.00    0.00    0.00    0.00    0.00    0.00   -1.13   -0.41    3.46   -7.81    5.41   32.21
G-C     0.00    0.00    0.00    0.00    0.00    0.00   -0.08    2.33    2.93    3.87  -17.82   46.22
C-G     0.00    0.00    0.00    0.00    0.00    0.00    0.06    0.49    3.05    2.68    6.82   29.78
A-T     0.00    0.00    0.00    0.00    0.00    0.00    0.47    2.62    3.47    2.37   -5.45   46.31
G-C     0.00    0.00    0.00    0.00    0.00    0.00    0.22    0.78    2.82   -5.86    9.15   26.98
G-C     0.00    0.00    0.00    0.00    0.00    0.00   -0.40   -0.36    3.62   -0.89   16.72   33.41
T-A     0.00    0.00    0.00    0.00    0.00    0.00   -0.52   -0.57    3.29   -0.52    6.29   32.01
G-C     0.00    0.00    0.00    0.00    0.00    0.00   -0.09    0.00    3.49   -0.17    9.36   34.14
G-C     0.00    0.00    0.00    0.00    0.00    0.00    0.91    0.37    3.11    1.98    5.59   28.65
A-T     0.00    0.00    0.00    0.00    0.00    0.00   -0.80   -0.44    3.19   -5.78    3.64   38.70
T-A     0.00    0.00    0.00    0.00    0.00    0.00    0.09   -0.74    3.26    0.50   -3.98   31.06
A-T     0.00    0.00    0.00    0.00    0.00    0.00   -0.40   -0.05    3.73    1.39   -1.38   40.54
T-A     0.00    0.00    0.00    0.00    0.00    0.00   -0.44   -0.65    3.05   -5.88   -4.85   32.28
T-A     0.00    0.00    0.00    0.00    0.00    0.00    0.69    0.05    3.29    4.79    2.50   34.80
G-C     0.00    0.00    0.00    0.00    0.00    0.00   -0.28   -0.01    3.41    2.90    3.22   38.00
A-T     0.00    0.00    0.00    0.00    0.00    0.00    0.11    0.01    3.24   -0.97    6.83   29.49
T-A     0.00    0.00    0.00    0.00    0.00    0.00    0.54   -0.81    3.19   -3.02   -0.05   36.28
