 146 base-pairs
   0  ***local base-pair & step parameters***
       Shear  Stretch  Stagger Buckle Prop-Tw Opening   Shift  Slide    Rise    Tilt    Roll   Twist
A-T     0.00    0.00    0.00    0.00    0.00    0.00    0.00    0.00    0.00    0.00    0.00    0.00
T-A     0.00    0.00    0.00    0.00    0.00    0.00   -1.05   -0.79    3.37   -4.15   -0.85   31.89
C-G     0.00    0.00    0.00    0.00    0.00    0.00    0.88   -0.07    2.87    6.18    2.66   36.20
A-T     0.00    0.00    0.00    0.00    0.00    0.00   -0.18    0.74    3.55   -5.03    4.64   35.77
A-T     0.00    0.00    0.00    0.00    0.00    0.00   -0.58    0.19    3.20   -2.88   -0.40   38.18
T-A     0.00    0.00    0.00    0.00    0.00    0.00    0.54   -0.75    3.02    6.61   -1.37   33.25
A-T     0.00    0.00    0.00    0.00    0.00    0.00   -0.02   -0.09    3.60   -3.91   -3.96   40.57
T-A     0.00    0.00    0.00    0.00    0.00    0.00   -0.14   -1.04    3.21    4.97   -1.54   33.79
C-G     0.00    0.00    0.00    0.00    0.00    0.00    1.08    0.12    3.39    1.54   -1.17   33.73
C-G     0.00    0.00    0.00    0.00    0.00    0.00   -0.34   -0.02    3.11   -1.51   10.23   26.71
A-T     0.00    0.00    0.00    0.00    0.00    0.00   -1.08    0.57    3.48   -1.34    5.96   32.99
C-G     0.00    0.00    0.00    0.00    0.00    0.00    0.40   -0.98    3.29   -0.61    6.04   33.10
C-G     0.00    0.00    0.00    0.00    0.00    0.00    0.64   -0.15    3.45    1.00   12.79   31.33
T-A     0.00    0.00    0.00    0.00    0.00    0.00   -1.20    0.29    3.50   -5.50    7.06   31.42
G-C     0.00    0.00    0.00    0.00    0.00    0.00    0.60    1.16    3.30    3.56   -6.27   40.55
C-G     0.00    0.00    0.00    0.00    0.00    0.00   -0.31    0.13    3.46   -5.93    4.48   37.68
A-T     0.00    0.00    0.00    0.00    0.00    0.00    0.08    1.67    3.06    2.23  -20.85   41.48
G-C     0.00    0.00    0.00    0.00    0.00    0.00    0.46    0.09    3.49    4.03    1.05   36.33
A-T     0.00    0.00    0.00    0.00    0.00    0.00    0.01   -0.88    3.24    0.23   -5.27   36.14
T-A     0.00    0.00    0.00    0.00    0.00    0.00    0.28    0.18    3.01    3.21   -5.76   37.05
T-A     0.00    0.00    0.00    0.00    0.00    0.00   -0.03   -1.38    3.38    3.18    4.59   29.10
C-G     0.00    0.00    0.00    0.00    0.00    0.00   -0.30   -0.33    2.75    3.79    9.56   27.68
T-A     0.00    0.00    0.00    0.00    0.00    0.00   -0.31   -0.41    3.77    1.49   11.70   28.03
A-T     0.00    0.00    0.00    0.00    0.00    0.00    2.00    0.79    3.73    1.46   22.29   34.45
C-G     0.00    0.00    0.00    0.00    0.00    0.00   -1.31   -0.16    2.88  -11.45    3.28   30.28
C-G     0.00    0.00    0.00    0.00    0.00    0.00    0.67   -0.24    2.76   12.95    8.32   30.08
A-T     0.00    0.00    0.00    0.00    0.00    0.00   -0.10    2.66    3.13   -3.46  -15.66   41.63
A-T     0.00    0.00    0.00    0.00    0.00    0.00    0.57    0.39    3.64    2.99    3.87   39.09
A-T     0.00    0.00    0.00    0.00    0.00    0.00    0.49   -0.24    3.28   -0.41   -9.03   40.32
A-T     0.00    0.00    0.00    0.00    0.00    0.00   -0.07   -0.45    3.29   -3.01    4.15   31.65
G-C     0.00    0.00    0.00    0.00    0.00    0.00    0.21   -0.53    3.55    1.37   -1.21   37.11
T-A     0.00    0.00    0.00    0.00    0.00    0.00   -0.44   -0.76    2.98    3.96   -1.43   27.37
G-C     0.00    0.00    0.00    0.00    0.00    0.00    1.28    0.10    3.85    2.93   13.25   34.71
T-A     0.00    0.00    0.00    0.00    0.00    0.00   -1.47   -0.58    2.81   -2.42   16.17   23.32
A-T     0.00    0.00    0.00    0.00    0.00    0.00    0.30   -0.62    3.84   -5.36    1.36   43.04
T-A     0.00    0.00    0.00    0.00    0.00    0.00    0.29   -1.03    3.37    2.32    1.97   30.89
T-A     0.00    0.00    0.00    0.00    0.00    0.00    0.29   -0.30    3.08    2.28   -7.29   39.65
T-A     0.00    0.00    0.00    0.00    0.00    0.00   -0.13   -0.34    3.52   -5.82    3.80   31.24
G-C     0.00    0.00    0.00    0.00    0.00    0.00   -0.82    2.28    3.21    0.31  -20.66   47.66
G-C     0.00    0.00    0.00    0.00    0.00    0.00    0.99    1.02    3.42    7.59    5.01   29.53
A-T     0.00    0.00    0.00    0.00    0.00    0.00   -1.32    0.93    3.06  -12.70    1.50   36.65
A-T     0.00    0.00    0.00    0.00    0.00    0.00    0.40   -0.28    3.25   -0.53    3.84   34.15
A-T     0.00    0.00    0.00    0.00    0.00    0.00   -0.20   -0.12    3.57   -2.41   15.18   31.17
C-G     0.00    0.00    0.00    0.00    0.00    0.00    0.32   -0.40    2.96    4.04   -2.62   33.77
T-A     0.00    0.00    0.00    0.00    0.00    0.00    1.14   -0.14    3.25    1.79   12.46   32.71
G-C     0.00    0.00    0.00    0.00    0.00    0.00   -1.40    0.41    3.69   -6.23   10.58   37.47
C-G     0.00    0.00    0.00    0.00    0.00    0.00    0.46    1.04    3.54    0.76  -12.29   46.08
T-A     0.00    0.00    0.00    0.00    0.00    0.00   -1.18   -0.12    2.83   -1.06   -0.64   31.69
C-G     0.00    0.00    0.00    0.00    0.00    0.00    1.60    1.76    3.18    8.82  -11.25   42.47
C-G     0.00    0.00    0.00    0.00    0.00    0.00   -0.94    0.41    3.49   -5.84    6.72   36.27
A-T     0.00    0.00    0.00    0.00    0.00    0.00    0.40    1.03    3.36   -3.54   -4.82   41.33
T-A     0.00    0.00    0.00    0.00    0.00    0.00    0.71   -0.46    2.93    5.36    1.37   29.04
C-G     0.00    0.00    0.00    0.00    0.00    0.00    0.32   -0.14    3.51    4.20    9.58   33.30
A-T     0.00    0.00    0.00    0.00    0.00    0.00   -0.39    0.34    4.12    3.49   19.29   34.30
A-T     0.00    0.00    0.00    0.00    0.00    0.00    0.56    0.61    3.08   -4.13    6.58   43.45
A-T     0.00    0.00    0.00    0.00    0.00    0.00   -0.98    0.43    2.98   -4.59   -4.74   34.70
A-T     0.00    0.00    0.00    0.00    0.00    0.00   -0.09   -0.92    3.57   -4.68    0.15   35.88
G-C     0.00    0.00    0.00    0.00    0.00    0.00   -0.36    1.01    3.60   -2.02   -6.91   39.94
G-C     0.00    0.00    0.00    0.00    0.00    0.00   -0.83    0.11    3.24   -7.38  -28.58   31.19
C-G     0.00    0.00    0.00    0.00    0.00    0.00    1.34    0.01    4.51    1.28  -21.23   38.13
A-T     0.00    0.00    0.00    0.00    0.00    0.00   -0.09    0.84    3.28   13.83    7.95   42.80
T-A     0.00    0.00    0.00    0.00    0.00    0.00    0.34   -0.56    3.31   -1.95   15.74   21.90
G-C     0.00    0.00    0.00    0.00    0.00    0.00    0.00    1.28    4.10   -1.48    8.90   41.01
T-A     0.00    0.00    0.00    0.00    0.00    0.00   -0.76   -0.69    3.38   -1.02    7.15   27.18
T-A     0.00    0.00    0.00    0.00    0.00    0.00    0.31    0.11    2.97    3.61    3.83   31.77
C-G     0.00    0.00    0.00    0.00    0.00    0.00    0.90    0.66    3.27    4.37    7.26   37.26
A-T     0.00    0.00    0.00    0.00    0.00    0.00   -0.80    1.57    3.61   -2.22   -5.55   44.11
G-C     0.00    0.00    0.00    0.00    0.00    0.00    0.81    1.01    3.57    4.66   -1.53   32.85
C-G     0.00    0.00    0.00    0.00    0.00    0.00   -0.55    0.69    3.23   -5.56   -4.74   40.50
T-A     0.00    0.00    0.00    0.00    0.00    0.00    0.14    0.88    3.35    3.09   -0.75   36.86
G-C     0.00    0.00    0.00    0.00    0.00    0.00    0.86    1.11    3.13    1.14    3.24   34.20
A-T     0.00    0.00    0.00    0.00    0.00    0.00   -0.71    0.05    3.39   -7.70    7.91   34.52
A-T     0.00    0.00    0.00    0.00    0.00    0.00   -0.18   -0.30    3.17    2.92    3.77   33.62
T-A     0.00    0.00    0.00    0.00    0.00    0.00    0.21   -0.75    3.40   -1.61    9.10   29.12
T-A     0.00    0.00    0.00    0.00    0.00    0.00   -0.11   -0.34    3.20    4.28    7.53   34.00
C-G     0.00    0.00    0.00    0.00    0.00    0.00    0.00    0.21    3.25    1.34    6.50   29.75
A-T     0.00    0.00    0.00    0.00    0.00    0.00   -0.61    1.80    3.44   -1.05   -0.60   42.72
G-C     0.00    0.00    0.00    0.00    0.00    0.00    0.90    0.73    3.28   -1.22   -3.69   35.45
C-G     0.00    0.00    0.00    0.00    0.00    0.00   -1.03    1.04    3.43   -3.45   -7.04   38.90
T-A     0.00    0.00    0.00    0.00    0.00    0.00    1.16    1.46    3.69    4.18   -5.22   42.78
G-C     0.00    0.00    0.00    0.00    0.00    0.00   -0.68    0.86    3.00   -3.81    6.55   34.15
A-T     0.00    0.00    0.00    0.00    0.00    0.00   -0.50    0.19    3.31   -0.88    4.29   32.92
A-T     0.00    0.00    0.00    0.00    0.00    0.00    0.41    0.12    3.36    1.21   10.12   34.01
C-G     0.00    0.00    0.00    0.00    0.00    0.00    0.19   -0.52    3.26    1.06    4.52   30.22
A-T     0.00    0.00    0.00    0.00    0.00    0.00   -0.43    0.54    3.69   -0.56   12.20   35.27
T-A     0.00    0.00    0.00    0.00    0.00    0.00    0.24   -0.48    3.10    1.99   -0.68   28.05
G-C     0.00    0.00    0.00    0.00    0.00    0.00    0.90    0.41    3.41   -0.92    9.31   35.63
C-G     0.00    0.00    0.00    0.00    0.00    0.00   -1.48    0.46    3.35   -1.82  -15.04   38.25
C-G     0.00    0.00    0.00    0.00    0.00    0.00    0.54    1.53    3.99    1.77   -7.58   45.33
T-A     0.00    0.00    0.00    0.00    0.00    0.00   -0.19    1.44    3.40    1.34   -9.08   42.02
T-A     0.00    0.00    0.00    0.00    0.00    0.00    0.25    0.13    2.88   -2.88    4.42   30.70
T-A     0.00    0.00    0.00    0.00    0.00    0.00    0.39   -0.04    3.33    0.73    9.75   31.87
T-A     0.00    0.00    0.00    0.00    0.00    0.00   -0.21    0.32    3.45    2.62   12.98   32.68
G-C     0.00    0.00    0.00    0.00    0.00    0.00    0.07   -1.13    3.88    4.09   20.59   23.97
A-T     0.00    0.00    0.00    0.00    0.00    0.00    0.06   -0.03    2.88   -7.89    7.74   31.84
T-A     0.00    0.00    0.00    0.00    0.00    0.00   -0.19   -0.78    3.28   -3.28    4.42   25.61
G-C     0.00    0.00    0.00    0.00    0.00    0.00   -0.32    0.84    3.16    1.79   -2.11   39.06
G-C     0.00    0.00    0.00    0.00    0.00    0.00    0.96    0.38    3.44    6.73    2.67   33.44
A-T     0.00    0.00    0.00    0.00    0.00    0.00   -1.08    1.27    3.25   -8.55   -5.32   43.48
G-C     0.00    0.00    0.00    0.00    0.00    0.00    1.09    0.31    3.09    0.29   -7.06   34.69
C-G     0.00    0.00    0.00    0.00    0.00    0.00   -0.48    0.21    3.49   -0.45   -3.08   35.90
A-T     0.00    0.00    0.00    0.00    0.00    0.00    1.02    0.51    3.38    4.63    3.46   36.21
G-C     0.00    0.00    0.00    0.00    0.00    0.00   -1.24   -0.25    3.75   -5.15   10.64   37.34
T-A     0.00    0.00    0.00    0.00    0.00    0.00   -1.00   -0.44    3.12    0.77   12.82   29.51
T-A     0.00    0.00    0.00    0.00    0.00    0.00   -0.48   -0.26    3.26   -3.49    0.65   32.58
T-A     0.00    0.00    0.00    0.00    0.00    0.00    0.74    0.10    3.21    2.20    7.98   34.24
C-G     0.00    0.00    0.00    0.00    0.00    0.00    1.33    0.94    2.85    8.38    1.83   36.02
C-G     0.00    0.00    0.00    0.00    0.00    0.00   -1.24    1.05    3.61   -9.23    5.60   30.68
A-T     0.00    0.00    0.00    0.00    0.00    0.00    0.38    2.28    3.21    7.40  -19.32   47.95
A-T     0.00    0.00    0.00    0.00    0.00    0.00    0.19   -0.33    3.18   -2.36    4.22   32.44
A-T     0.00    0.00    0.00    0.00    0.00    0.00   -0.69   -0.45    3.60   -0.02    3.26   37.53
T-A     0.00    0.00    0.00    0.00    0.00    0.00   -0.29   -0.56    3.14    0.22   -5.33   31.56
A-T     0.00    0.00    0.00    0.00    0.00    0.00    0.21   -0.31    3.15  -11.40    4.73   37.66
C-G     0.00    0.00    0.00    0.00    0.00    0.00    0.02   -0.95    3.10    2.39    3.40   23.08
A-T     0.00    0.00    0.00    0.00    0.00    0.00    0.15   -0.31    3.79    6.36   11.09   40.70
C-G     0.00    0.00    0.00    0.00    0.00    0.00    0.75   -0.42    3.42   -2.62    8.26   35.78
T-A     0.00    0.00    0.00    0.00    0.00    0.00   -0.49   -0.16    3.14    2.51    4.65   33.58
T-A     0.00    0.00    0.00    0.00    0.00    0.00    0.05   -0.06    3.54   -6.58   -3.25   34.24
T-A     0.00    0.00    0.00    0.00    0.00    0.00   -0.71   -0.25    2.98    3.65    0.51   33.91
T-A     0.00    0.00    0.00    0.00    0.00    0.00   -0.45    0.32    3.55   -3.20   -5.70   40.68
G-C     0.00    0.00    0.00    0.00    0.00    0.00    0.05    2.49    3.29    2.02   -4.33   41.41
G-C     0.00    0.00    0.00    0.00    0.00    0.00   -0.58    0.21    2.64  -12.78    2.41   25.54
T-A     0.00    0.00    0.00    0.00    0.00    0.00    0.68   -0.42    3.27    3.95    6.94   31.87
A-T     0.00    0.00    0.00    0.00    0.00    0.00   -0.79    0.22    3.57    3.82   14.60   34.60
G-C     0.00    0.00    0.00    0.00    0.00    0.00    0.40    0.07    3.34   -0.13   10.94   30.43
A-T     0.00    0.00    0.00    0.00    0.00    0.00   -0.50   -0.86    3.03   -4.22   13.94   23.76
A-T     0.00    0.00    0.00    0.00    0.00    0.00    1.07   -0.46    3.10   -8.36    2.74   37.33
T-A     0.00    0.00    0.00    0.00    0.00    0.00   -0.54   -1.05    3.29    0.97  -11.02   29.72
C-G     0.00    0.00    0.00    0.00    0.00    0.00    0.42   -0.60    3.50    2.72   -2.59   40.89
T-A     0.00    0.00    0.00    0.00    0.00    0.00   -0.93   -0.39    3.42   -4.90    4.54   32.11
G-C     0.00    0.00    0.00    0.00    0.00    0.00   -0.36    2.29    2.95    1.26  -16.76   45.58
C-G     0.00    0.00    0.00    0.00    0.00    0.00    0.35    0.54    3.06    4.61    5.70   31.07
A-T     0.00    0.00    0.00    0.00    0.00    0.00    0.20    2.56    3.44    1.40   -4.41   44.54
G-C     0.00    0.00    0.00    0.00    0.00    0.00    0.42    0.84    2.87   -6.01    8.33   28.98
G-C     0.00    0.00    0.00    0.00    0.00    0.00   -0.51   -0.41    3.54    0.36   17.17   31.47
T-A     0.00    0.00    0.00    0.00    0.00    0.00   -0.52   -0.55    3.37   -2.70    6.28   33.63
G-C     0.00    0.00    0.00    0.00    0.00    0.00    0.01    0.00    3.41    2.65    8.91   33.06
G-C     0.00    0.00    0.00    0.00    0.00    0.00    0.74    0.34    3.18   -1.08    6.48   29.05
A-T     0.00    0.00    0.00    0.00    0.00    0.00   -0.59   -0.39    3.13   -2.90    2.42   38.99
T-A     0.00    0.00    0.00    0.00    0.00    0.00   -0.12   -0.80    3.29   -1.80   -2.57   30.13
A-T     0.00    0.00    0.00    0.00    0.00    0.00   -0.23    0.02    3.73    2.82   -2.80   41.94
T-A     0.00    0.00    0.00    0.00    0.00    0.00   -0.54   -0.71    3.03   -6.28   -3.59   30.65
T-A     0.00    0.00    0.00    0.00    0.00    0.00    0.71    0.09    3.33    4.15    1.56   36.42
G-C     0.00    0.00    0.00    0.00    0.00    0.00   -0.21   -0.03    3.35    4.43    3.72   36.63
A-T     0.00    0.00    0.00    0.00    0.00    0.00   -0.04    0.01    3.31   -3.12    6.82   30.42
T-A     0.00    0.00    0.00    0.00    0.00    0.00    0.73   -0.79    3.12   -0.59   -0.53   35.88
