 146 base-pairs
   0  ***local base-pair & step parameters***
       Shear  Stretch  Stagger Buckle Prop-Tw Opening   Shift  Slide    Rise    Tilt    Roll   Twist
A-T     0.00    0.00    0.00    0.00    0.00    0.00    0.00    0.00    0.00    0.00    0.00    0.00
T-A     0.00    0.00    0.00    0.00    0.00    0.00   -1.11   -0.82    3.34   -3.66   -1.41   31.74
C-G     0.00    0.00    0.00    0.00    0.00    0.00    0.93   -0.05    2.89    5.38    3.04   36.12
A-T     0.00    0.00    0.00    0.00    0.00    0.00   -0.22    0.74    3.55   -4.00    4.48   36.10
A-T     0.00    0.00    0.00    0.00    0.00    0.00   -0.56    0.17    3.20   -4.08   -0.47   37.62
T-A     0.00    0.00    0.00    0.00    0.00    0.00    0.54   -0.71    3.03    7.87   -1.06   34.02
A-T     0.00    0.00    0.00    0.00    0.00    0.00   -0.04   -0.14    3.57   -5.16   -4.51   39.63
T-A     0.00    0.00    0.00    0.00    0.00    0.00   -0.10   -0.97    3.24    6.09   -0.76   34.84
C-G     0.00    0.00    0.00    0.00    0.00    0.00    1.03    0.05    3.35    0.60   -2.14   32.62
C-G     0.00    0.00    0.00    0.00    0.00    0.00   -0.27    0.05    3.16   -0.84   11.35   27.80
A-T     0.00    0.00    0.00    0.00    0.00    0.00   -1.16    0.49    3.43   -1.71    4.74   32.00
C-G     0.00    0.00    0.00    0.00    0.00    0.00    0.48   -0.91    3.33   -0.55    7.28   33.94
C-G     0.00    0.00    0.00    0.00    0.00    0.00    0.56   -0.21    3.41    1.25   11.59   30.72
T-A     0.00    0.00    0.00    0.00    0.00    0.00   -1.13    0.34    3.54   -6.04    8.14   31.76
G-C     0.00    0.00    0.00    0.00    0.00    0.00    0.55    1.12    3.27    4.34   -7.18   40.51
C-G     0.00    0.00    0.00    0.00    0.00    0.00   -0.27    0.15    3.47   -6.88    5.14   37.41
A-T     0.00    0.00    0.00    0.00    0.00    0.00    0.06    1.67    3.06    3.27  -21.21   42.07
G-C     0.00    0.00    0.00    0.00    0.00    0.00    0.45    0.07    3.47    2.97    1.07   35.47
A-T     0.00    0.00    0.00    0.00    0.00    0.00    0.05   -0.85    3.28    1.22   -4.95   37.23
T-A     0.00    0.00    0.00    0.00    0.00    0.00    0.22    0.14    2.96    2.36   -6.43   35.79
T-A     0.00    0.00    0.00    0.00    0.00    0.00    0.05   -1.33    3.43    3.83    5.58   30.44
C-G     0.00    0.00    0.00    0.00    0.00    0.00   -0.40   -0.39    2.69    3.38    8.29   26.35
T-A     0.00    0.00    0.00    0.00    0.00    0.00   -0.21   -0.34    3.83    1.63   13.17   29.27
A-T     0.00    0.00    0.00    0.00    0.00    0.00    1.90    0.71    3.67    1.58   20.70   33.38
C-G     0.00    0.00    0.00    0.00    0.00    0.00   -1.22   -0.10    2.93  -11.81    4.90   31.10
C-G     0.00    0.00    0.00    0.00    0.00    0.00    0.59   -0.30    2.71   13.52    6.77   29.57
A-T     0.00    0.00    0.00    0.00    0.00    0.00   -0.05    2.71    3.16   -4.19  -14.29   41.80
A-T     0.00    0.00    0.00    0.00    0.00    0.00    0.53    0.35    3.63    3.80    2.76   39.29
A-T     0.00    0.00    0.00    0.00    0.00    0.00    0.50   -0.22    3.27   -1.25   -8.26   39.76
A-T     0.00    0.00    0.00    0.00    0.00    0.00   -0.05   -0.46    3.31   -2.22    3.78   32.53
G-C     0.00    0.00    0.00    0.00    0.00    0.00    0.15   -0.53    3.50    0.69   -1.27   35.96
T-A     0.00    0.00    0.00    0.00    0.00    0.00   -0.36   -0.74    3.04    4.48   -0.93   28.73
G-C     0.00    0.00    0.00    0.00    0.00    0.00    1.18    0.06    3.78    2.61   12.32   33.24
T-A     0.00    0.00    0.00    0.00    0.00    0.00   -1.36   -0.53    2.88   -2.31   17.48   24.81
A-T     0.00    0.00    0.00    0.00    0.00    0.00    0.18   -0.68    3.76   -5.25   -0.25   41.63
T-A     0.00    0.00    0.00    0.00    0.00    0.00    0.40   -0.97    3.44    2.02    3.78   32.12
T-A     0.00    0.00    0.00    0.00    0.00    0.00    0.19   -0.36    3.01    2.74   -9.21   38.67
T-A     0.00    0.00    0.00    0.00    0.00    0.00   -0.04   -0.28    3.57   -6.40    5.69   31.89
G-C     0.00    0.00    0.00    0.00    0.00    0.00   -0.88    2.22    3.18    0.95  -22.41   47.38
G-C     0.00    0.00    0.00    0.00    0.00    0.00    1.02    1.07    3.43    6.95    6.50   29.43
A-T     0.00    0.00    0.00    0.00    0.00    0.00   -1.32    0.89    3.07  -12.12    0.36   37.13
A-T     0.00    0.00    0.00    0.00    0.00    0.00    0.37   -0.24    3.21   -1.00    4.55   33.31
A-T     0.00    0.00    0.00    0.00    0.00    0.00   -0.14   -0.14    3.62   -2.09   14.96   32.31
C-G     0.00    0.00    0.00    0.00    0.00    0.00    0.23   -0.40    2.89    3.89   -2.91   32.40
T-A     0.00    0.00    0.00    0.00    0.00    0.00    1.25   -0.12    3.33    1.76   13.25   34.21
G-C     0.00    0.00    0.00    0.00    0.00    0.00   -1.52    0.38    3.60   -6.02    9.34   35.93
C-G     0.00    0.00    0.00    0.00    0.00    0.00    0.58    1.08    3.63    0.40  -10.66   47.55
T-A     0.00    0.00    0.00    0.00    0.00    0.00   -1.30   -0.17    2.75   -0.59   -2.55   30.38
C-G     0.00    0.00    0.00    0.00    0.00    0.00    1.70    1.82    3.24    8.28   -9.18   43.54
C-G     0.00    0.00    0.00    0.00    0.00    0.00   -1.02    0.35    3.44   -5.28    4.62   35.52
A-T     0.00    0.00    0.00    0.00    0.00    0.00    0.45    1.10    3.39   -4.06   -2.82   41.72
T-A     0.00    0.00    0.00    0.00    0.00    0.00    0.69   -0.52    2.92    5.79   -0.41   29.04
C-G     0.00    0.00    0.00    0.00    0.00    0.00    0.31   -0.09    3.50    3.90   11.01   32.91
A-T     0.00    0.00    0.00    0.00    0.00    0.00   -0.35    0.29    4.16    3.63   18.30   35.04
A-T     0.00    0.00    0.00    0.00    0.00    0.00    0.49    0.65    3.02   -4.08    7.07   42.41
A-T     0.00    0.00    0.00    0.00    0.00    0.00   -0.88    0.41    3.05   -4.82   -4.69   35.98
A-T     0.00    0.00    0.00    0.00    0.00    0.00   -0.20   -0.92    3.48   -4.29   -0.43   34.45
G-C     0.00    0.00    0.00    0.00    0.00    0.00   -0.24    1.01    3.69   -2.54   -5.82   41.42
G-C     0.00    0.00    0.00    0.00    0.00    0.00   -0.95    0.09    3.15   -6.78  -30.10   29.75
C-G     0.00    0.00    0.00    0.00    0.00    0.00    1.45    0.05    4.59    0.65  -19.37   39.43
A-T     0.00    0.00    0.00    0.00    0.00    0.00   -0.19    0.79    3.22   14.44    5.87   41.71
T-A     0.00    0.00    0.00    0.00    0.00    0.00    0.41   -0.50    3.36   -2.48   17.90   22.70
G-C     0.00    0.00    0.00    0.00    0.00    0.00   -0.05    1.22    4.07   -1.09    6.78   40.54
T-A     0.00    0.00    0.00    0.00    0.00    0.00   -0.75   -0.62    3.39   -1.22    9.08   27.29
T-A     0.00    0.00    0.00    0.00    0.00    0.00    0.33    0.04    2.99    3.62    2.20   32.02
C-G     0.00    0.00    0.00    0.00    0.00    0.00    0.85    0.73    3.23    4.58    8.48   36.67
A-T     0.00    0.00    0.00    0.00    0.00    0.00   -0.73    1.51    3.67   -2.63   -6.28   44.99
G-C     0.00    0.00    0.00    0.00    0.00    0.00    0.71    1.05    3.50    5.25   -1.33   31.74
C-G     0.00    0.00    0.00    0.00    0.00    0.00   -0.44    0.65    3.31   -6.29   -4.40   41.76
T-A     0.00    0.00    0.00    0.00    0.00    0.00    0.03    0.90    3.26    3.90   -1.60   35.54
G-C     0.00    0.00    0.00    0.00    0.00    0.00    0.97    1.11    3.21    0.32    4.54   35.50
A-T     0.00    0.00    0.00    0.00    0.00    0.00   -0.81    0.03    3.31   -6.93    6.24   33.32
A-T     0.00    0.00    0.00    0.00    0.00    0.00   -0.10   -0.27    3.24    2.27    5.70   34.64
T-A     0.00    0.00    0.00    0.00    0.00    0.00    0.15   -0.80    3.36   -1.15    7.03   28.33
T-A     0.00    0.00    0.00    0.00    0.00    0.00   -0.08   -0.28    3.23    4.04    9.60   34.50
C-G     0.00    0.00    0.00    0.00    0.00    0.00   -0.01    0.14    3.24    1.33    4.55   29.55
A-T     0.00    0.00    0.00    0.00    0.00    0.00   -0.64    1.88    3.42   -0.77    1.10   42.61
G-C     0.00    0.00    0.00    0.00    0.00    0.00    0.95    0.66    3.32   -1.75   -5.04   35.85
C-G     0.00    0.00    0.00    0.00    0.00    0.00   -1.10    1.11    3.38   -2.70   -6.12   38.24
T-A     0.00    0.00    0.00    0.00    0.00    0.00    1.25    1.39    3.76    3.26   -5.66   43.64
G-C     0.00    0.00    0.00    0.00    0.00    0.00   -0.78    0.91    2.93   -2.79    6.48   33.15
A-T     0.00    0.00    0.00    0.00    0.00    0.00   -0.40    0.15    3.38   -1.93    4.85   33.99
A-T     0.00    0.00    0.00    0.00    0.00    0.00    0.32    0.14    3.29    2.20    9.12   32.94
C-G     0.00    0.00    0.00    0.00    0.00    0.00    0.27   -0.52    3.33    0.20    5.90   31.23
A-T     0.00    0.00    0.00    0.00    0.00    0.00   -0.49    0.53    3.63    0.10   10.54   34.39
T-A     0.00    0.00    0.00    0.00    0.00    0.00    0.28   -0.45    3.14    1.60    1.15   28.75
G-C     0.00    0.00    0.00    0.00    0.00    0.00    0.88    0.36    3.39   -0.83    7.43   35.14
C-G     0.00    0.00    0.00    0.00    0.00    0.00   -1.48    0.53    3.36   -1.60  -13.22   38.51
C-G     0.00    0.00    0.00    0.00    0.00    0.00    0.57    1.46    4.01    1.24   -9.23   45.30
T-A     0.00    0.00    0.00    0.00    0.00    0.00   -0.24    1.52    3.37    2.16   -7.70   41.83
T-A     0.00    0.00    0.00    0.00    0.00    0.00    0.32    0.06    2.93   -3.92    3.40   31.09
T-A     0.00    0.00    0.00    0.00    0.00    0.00    0.31    0.04    3.27    1.92   10.38   31.31
T-A     0.00    0.00    0.00    0.00    0.00    0.00   -0.13    0.25    3.51    1.36   12.79   33.35
G-C     0.00    0.00    0.00    0.00    0.00    0.00   -0.01   -1.07    3.82    5.32   20.36   23.22
A-T     0.00    0.00    0.00    0.00    0.00    0.00    0.13   -0.07    2.94   -9.00    8.38   32.61
T-A     0.00    0.00    0.00    0.00    0.00    0.00   -0.25   -0.76    3.23   -2.37    3.43   24.87
G-C     0.00    0.00    0.00    0.00    0.00    0.00   -0.28    0.83    3.20    1.16   -0.85   39.73
G-C     0.00    0.00    0.00    0.00    0.00    0.00    0.94    0.36    3.41    7.03    1.21   32.87
A-T     0.00    0.00    0.00    0.00    0.00    0.00   -1.08    1.31    3.27   -8.49   -3.77   43.92
G-C     0.00    0.00    0.00    0.00    0.00    0.00    1.11    0.26    3.09   -0.13   -8.62   34.39
C-G     0.00    0.00    0.00    0.00    0.00    0.00   -0.51    0.27    3.48    0.31   -1.61   36.05
A-T     0.00    0.00    0.00    0.00    0.00    0.00    1.07    0.44    3.41    3.59    2.17   36.19
G-C     0.00    0.00    0.00    0.00    0.00    0.00   -1.30   -0.16    3.71   -3.89   11.69   37.22
T-A     0.00    0.00    0.00    0.00    0.00    0.00   -0.93   -0.52    3.16   -0.61   12.06   29.73
T-A     0.00    0.00    0.00    0.00    0.00    0.00   -0.54   -0.18    3.22   -2.07    1.08   32.27
T-A     0.00    0.00    0.00    0.00    0.00    0.00    0.79    0.03    3.25    0.86    7.88   34.60
C-G     0.00    0.00    0.00    0.00    0.00    0.00    1.29    1.00    2.81    9.55    1.60   35.62
C-G     0.00    0.00    0.00    0.00    0.00    0.00   -1.21    1.01    3.65  -10.13    6.12   31.09
A-T     0.00    0.00    0.00    0.00    0.00    0.00    0.36    2.30    3.19    7.97  -20.10   47.55
A-T     0.00    0.00    0.00    0.00    0.00    0.00    0.19   -0.33    3.20   -2.56    5.20   32.82
A-T     0.00    0.00    0.00    0.00    0.00    0.00   -0.68   -0.47    3.59   -0.21    2.14   37.20
T-A     0.00    0.00    0.00    0.00    0.00    0.00   -0.32   -0.53    3.14    0.79   -4.15   31.85
A-T     0.00    0.00    0.00    0.00    0.00    0.00    0.25   -0.36    3.16  -12.32    3.56   37.41
C-G     0.00    0.00    0.00    0.00    0.00    0.00   -0.02   -0.88    3.08    3.59    4.51   23.28
A-T     0.00    0.00    0.00    0.00    0.00    0.00    0.20   -0.39    3.82    4.97   10.11   40.55
C-G     0.00    0.00    0.00    0.00    0.00    0.00    0.70   -0.34    3.40   -1.13    9.09   35.90
T-A     0.00    0.00    0.00    0.00    0.00    0.00   -0.46   -0.25    3.16    1.03    4.02   33.51
T-A     0.00    0.00    0.00    0.00    0.00    0.00    0.03    0.02    3.52   -5.22   -2.84   34.27
T-A     0.00    0.00    0.00    0.00    0.00    0.00   -0.70   -0.32    3.00    2.50    0.33   33.92
T-A     0.00    0.00    0.00    0.00    0.00    0.00   -0.45    0.37    3.54   -2.35   -5.75   40.64
G-C     0.00    0.00    0.00    0.00    0.00    0.00    0.04    2.45    3.30    1.53   -4.08   41.51
G-C     0.00    0.00    0.00    0.00    0.00    0.00   -0.56    0.23    2.64  -12.69    1.98   25.39
T-A     0.00    0.00    0.00    0.00    0.00    0.00    0.64   -0.42    3.27    4.26    7.53   32.07
A-T     0.00    0.00    0.00    0.00    0.00    0.00   -0.75    0.21    3.58    3.13   13.90   34.34
G-C     0.00    0.00    0.00    0.00    0.00    0.00    0.36    0.11    3.33    0.89   11.73   30.74
A-T     0.00    0.00    0.00    0.00    0.00    0.00   -0.46   -0.92    3.04   -5.49   13.11   23.39
A-T     0.00    0.00    0.00    0.00    0.00    0.00    1.04   -0.39    3.09   -6.92    3.57   37.74
T-A     0.00    0.00    0.00    0.00    0.00    0.00   -0.51   -1.13    3.29   -0.53  -11.82   29.28
C-G     0.00    0.00    0.00    0.00    0.00    0.00    0.41   -0.52    3.50    4.17   -1.84   41.34
T-A     0.00    0.00    0.00    0.00    0.00    0.00   -0.93   -0.48    3.42   -6.20    3.87   31.68
G-C     0.00    0.00    0.00    0.00    0.00    0.00   -0.34    2.37    2.95    2.32  -16.20   45.97
C-G     0.00    0.00    0.00    0.00    0.00    0.00    0.32    0.47    3.05    3.87    5.27   30.75
A-T     0.00    0.00    0.00    0.00    0.00    0.00    0.24    2.61    3.45    1.77   -4.12   44.77
G-C     0.00    0.00    0.00    0.00    0.00    0.00    0.37    0.80    2.86   -5.98    8.20   28.87
G-C     0.00    0.00    0.00    0.00    0.00    0.00   -0.46   -0.39    3.56   -0.05   17.15   31.44
T-A     0.00    0.00    0.00    0.00    0.00    0.00   -0.57   -0.55    3.36   -1.94    6.45   33.81
G-C     0.00    0.00    0.00    0.00    0.00    0.00    0.05   -0.02    3.42    1.59    8.58   32.72
G-C     0.00    0.00    0.00    0.00    0.00    0.00    0.71    0.38    3.18    0.20    6.96   29.54
A-T     0.00    0.00    0.00    0.00    0.00    0.00   -0.57   -0.44    3.13   -4.30    1.82   38.37
T-A     0.00    0.00    0.00    0.00    0.00    0.00   -0.12   -0.73    3.30   -0.39   -1.85   30.85
A-T     0.00    0.00    0.00    0.00    0.00    0.00   -0.24   -0.06    3.71    1.49   -3.60   41.15
T-A     0.00    0.00    0.00    0.00    0.00    0.00   -0.51   -0.63    3.05   -5.13   -2.74   31.45
T-A     0.00    0.00    0.00    0.00    0.00    0.00    0.66    0.01    3.31    3.25    0.69   35.65
G-C     0.00    0.00    0.00    0.00    0.00    0.00   -0.15    0.04    3.38    5.01    4.58   37.31
A-T     0.00    0.00    0.00    0.00    0.00    0.00   -0.10   -0.06    3.28   -3.34    6.03   29.88
T-A     0.00    0.00    0.00    0.00    0.00    0.00    0.79   -0.73    3.14   -0.73    0.17   36.25
