 146 base-pairs
   0  ***local base-pair & step parameters***
       Shear  Stretch  Stagger Buckle Prop-Tw Opening   Shift  Slide    Rise    Tilt    Roll   Twist
A-T     0.00    0.00    0.00    0.00    0.00    0.00    0.00    0.00    0.00    0.00    0.00    0.00
T-A     0.00    0.00    0.00    0.00    0.00    0.00   -1.20   -0.71    3.32   -4.16   -2.16   32.56
C-G     0.00    0.00    0.00    0.00    0.00    0.00    1.04   -0.16    2.92    5.89    4.22   35.35
A-T     0.00    0.00    0.00    0.00    0.00    0.00   -0.33    0.85    3.52   -4.51    2.91   36.80
A-T     0.00    0.00    0.00    0.00    0.00    0.00   -0.43    0.08    3.23   -3.59    1.43   36.99
T-A     0.00    0.00    0.00    0.00    0.00    0.00    0.41   -0.63    3.01    7.42   -3.19   34.55
A-T     0.00    0.00    0.00    0.00    0.00    0.00    0.08   -0.21    3.59   -4.77   -2.24   39.18
T-A     0.00    0.00    0.00    0.00    0.00    0.00   -0.21   -0.93    3.24    5.80   -3.06   35.20
C-G     0.00    0.00    0.00    0.00    0.00    0.00    1.12    0.02    3.35    0.80    0.07   32.36
C-G     0.00    0.00    0.00    0.00    0.00    0.00   -0.35    0.06    3.17   -0.91    9.34   27.98
A-T     0.00    0.00    0.00    0.00    0.00    0.00   -1.10    0.50    3.41   -1.77    6.45   31.90
C-G     0.00    0.00    0.00    0.00    0.00    0.00    0.45   -0.93    3.36   -0.35    5.96   33.96
C-G     0.00    0.00    0.00    0.00    0.00    0.00    0.56   -0.17    3.37    0.92   12.44   30.77
T-A     0.00    0.00    0.00    0.00    0.00    0.00   -1.11    0.29    3.57   -5.57    7.80   31.63
G-C     0.00    0.00    0.00    0.00    0.00    0.00    0.50    1.18    3.23    3.75   -7.37   40.71
C-G     0.00    0.00    0.00    0.00    0.00    0.00   -0.21    0.09    3.52   -6.19    5.88   37.14
A-T     0.00    0.00    0.00    0.00    0.00    0.00   -0.03    1.73    3.02    2.50  -22.46   42.41
G-C     0.00    0.00    0.00    0.00    0.00    0.00    0.56    0.01    3.52    3.78    2.78   35.06
A-T     0.00    0.00    0.00    0.00    0.00    0.00   -0.07   -0.79    3.24    0.39   -7.03   37.72
T-A     0.00    0.00    0.00    0.00    0.00    0.00    0.34    0.09    2.99    3.16   -4.06   35.23
T-A     0.00    0.00    0.00    0.00    0.00    0.00   -0.08   -1.28    3.41    3.09    3.04   31.07
C-G     0.00    0.00    0.00    0.00    0.00    0.00   -0.27   -0.44    2.70    4.03   10.89   25.66
T-A     0.00    0.00    0.00    0.00    0.00    0.00   -0.32   -0.30    3.83    1.11   10.65   30.01
A-T     0.00    0.00    0.00    0.00    0.00    0.00    1.99    0.69    3.66    1.95   23.02   32.61
C-G     0.00    0.00    0.00    0.00    0.00    0.00   -1.29   -0.07    2.96  -12.00    2.89   31.88
C-G     0.00    0.00    0.00    0.00    0.00    0.00    0.64   -0.32    2.68   13.51    8.37   28.80
A-T     0.00    0.00    0.00    0.00    0.00    0.00   -0.08    2.72    3.20   -3.98  -15.40   42.52
A-T     0.00    0.00    0.00    0.00    0.00    0.00    0.54    0.35    3.58    3.39    3.32   38.64
A-T     0.00    0.00    0.00    0.00    0.00    0.00    0.51   -0.22    3.33   -0.65   -8.24   40.30
A-T     0.00    0.00    0.00    0.00    0.00    0.00   -0.09   -0.45    3.26   -2.98    3.18   32.13
G-C     0.00    0.00    0.00    0.00    0.00    0.00    0.22   -0.54    3.56    1.59   -0.13   36.20
T-A     0.00    0.00    0.00    0.00    0.00    0.00   -0.44   -0.73    2.98    3.47   -2.57   28.68
G-C     0.00    0.00    0.00    0.00    0.00    0.00    1.28    0.05    3.83    3.67   14.37   33.08
T-A     0.00    0.00    0.00    0.00    0.00    0.00   -1.47   -0.51    2.84   -3.38   15.11   25.19
A-T     0.00    0.00    0.00    0.00    0.00    0.00    0.30   -0.70    3.79   -4.21    2.33   41.03
T-A     0.00    0.00    0.00    0.00    0.00    0.00    0.29   -0.95    3.43    1.06    1.13   32.93
T-A     0.00    0.00    0.00    0.00    0.00    0.00    0.30   -0.39    3.02    3.57   -6.61   37.66
T-A     0.00    0.00    0.00    0.00    0.00    0.00   -0.15   -0.24    3.58   -7.06    3.27   33.07
G-C     0.00    0.00    0.00    0.00    0.00    0.00   -0.79    2.18    3.16    1.41  -20.28   46.08
G-C     0.00    0.00    0.00    0.00    0.00    0.00    0.94    1.12    3.46    6.71    4.76   30.80
A-T     0.00    0.00    0.00    0.00    0.00    0.00   -1.26    0.84    3.02  -12.12    1.63   35.73
A-T     0.00    0.00    0.00    0.00    0.00    0.00    0.34   -0.19    3.27   -0.75    3.81   34.68
A-T     0.00    0.00    0.00    0.00    0.00    0.00   -0.13   -0.19    3.56   -2.58   15.14   31.04
C-G     0.00    0.00    0.00    0.00    0.00    0.00    0.25   -0.34    2.96    4.60   -2.53   33.51
T-A     0.00    0.00    0.00    0.00    0.00    0.00    1.22   -0.18    3.26    0.86   12.33   33.32
G-C     0.00    0.00    0.00    0.00    0.00    0.00   -1.47    0.43    3.67   -4.97   10.75   36.56
C-G     0.00    0.00    0.00    0.00    0.00    0.00    0.51    1.03    3.57   -0.76  -12.49   47.23
T-A     0.00    0.00    0.00    0.00    0.00    0.00   -1.22   -0.14    2.80    0.63   -0.40   30.36
C-G     0.00    0.00    0.00    0.00    0.00    0.00    1.62    1.80    3.21    7.06  -11.54   43.90
C-G     0.00    0.00    0.00    0.00    0.00    0.00   -0.92    0.36    3.47   -4.12    7.07   34.80
A-T     0.00    0.00    0.00    0.00    0.00    0.00    0.35    1.10    3.38   -5.12   -5.25   42.77
T-A     0.00    0.00    0.00    0.00    0.00    0.00    0.78   -0.54    2.92    6.69    1.88   27.69
C-G     0.00    0.00    0.00    0.00    0.00    0.00    0.22   -0.05    3.52    3.20    8.97   34.51
A-T     0.00    0.00    0.00    0.00    0.00    0.00   -0.27    0.23    4.12    4.10   20.00   33.26
A-T     0.00    0.00    0.00    0.00    0.00    0.00    0.43    0.72    3.07   -4.31    5.79   44.30
A-T     0.00    0.00    0.00    0.00    0.00    0.00   -0.83    0.32    3.00   -4.86   -3.88   34.06
A-T     0.00    0.00    0.00    0.00    0.00    0.00   -0.24   -0.82    3.55   -3.99   -0.75   36.32
G-C     0.00    0.00    0.00    0.00    0.00    0.00   -0.22    0.91    3.62   -3.09   -6.01   39.69
G-C     0.00    0.00    0.00    0.00    0.00    0.00   -0.95    0.19    3.22   -6.00  -29.44   31.26
C-G     0.00    0.00    0.00    0.00    0.00    0.00    1.44   -0.06    4.52   -0.31  -20.47   38.22
A-T     0.00    0.00    0.00    0.00    0.00    0.00   -0.16    0.89    3.28   15.55    7.34   42.57
T-A     0.00    0.00    0.00    0.00    0.00    0.00    0.37   -0.59    3.30   -3.68   16.15   22.25
G-C     0.00    0.00    0.00    0.00    0.00    0.00    0.00    1.29    4.11    0.16    8.73   40.56
T-A     0.00    0.00    0.00    0.00    0.00    0.00   -0.81   -0.68    3.36   -2.46    7.05   27.72
T-A     0.00    0.00    0.00    0.00    0.00    0.00    0.39    0.07    3.00    4.78    4.23   31.15
C-G     0.00    0.00    0.00    0.00    0.00    0.00    0.78    0.72    3.23    3.53    6.56   37.95
A-T     0.00    0.00    0.00    0.00    0.00    0.00   -0.66    1.49    3.65   -1.75   -4.56   43.35
G-C     0.00    0.00    0.00    0.00    0.00    0.00    0.65    1.10    3.52    4.58   -2.77   33.67
C-G     0.00    0.00    0.00    0.00    0.00    0.00   -0.38    0.58    3.27   -5.85   -3.29   39.62
T-A     0.00    0.00    0.00    0.00    0.00    0.00   -0.03    1.00    3.32    3.71   -2.34   37.79
G-C     0.00    0.00    0.00    0.00    0.00    0.00    1.01    0.99    3.15    0.25    4.88   33.23
A-T     0.00    0.00    0.00    0.00    0.00    0.00   -0.85    0.17    3.37   -6.61    6.29   35.50
A-T     0.00    0.00    0.00    0.00    0.00    0.00   -0.07   -0.41    3.17    1.72    5.28   32.65
T-A     0.00    0.00    0.00    0.00    0.00    0.00    0.13   -0.65    3.42   -0.39    7.79   30.05
T-A     0.00    0.00    0.00    0.00    0.00    0.00   -0.07   -0.43    3.17    3.11    8.56   33.14
C-G     0.00    0.00    0.00    0.00    0.00    0.00   -0.01    0.27    3.29    2.38    5.80   30.49
A-T     0.00    0.00    0.00    0.00    0.00    0.00   -0.65    1.76    3.38   -1.90   -0.29   42.15
G-C     0.00    0.00    0.00    0.00    0.00    0.00    0.97    0.75    3.35   -0.59   -3.59   35.82
C-G     0.00    0.00    0.00    0.00    0.00    0.00   -1.12    1.04    3.37   -3.83   -7.55   38.77
T-A     0.00    0.00    0.00    0.00    0.00    0.00    1.28    1.43    3.76    4.32   -4.32   42.64
G-C     0.00    0.00    0.00    0.00    0.00    0.00   -0.81    0.91    2.94   -3.73    5.29   34.59
A-T     0.00    0.00    0.00    0.00    0.00    0.00   -0.37    0.12    3.36   -1.15    5.83   32.18
A-T     0.00    0.00    0.00    0.00    0.00    0.00    0.28    0.21    3.32    1.61    8.38   35.04
C-G     0.00    0.00    0.00    0.00    0.00    0.00    0.31   -0.62    3.29    0.58    6.38   28.93
A-T     0.00    0.00    0.00    0.00    0.00    0.00   -0.54    0.65    3.68   -0.05   10.33   36.79
T-A     0.00    0.00    0.00    0.00    0.00    0.00    0.33   -0.60    3.09    1.53    1.10   26.38
G-C     0.00    0.00    0.00    0.00    0.00    0.00    0.84    0.52    3.44   -0.54    7.71   37.40
C-G     0.00    0.00    0.00    0.00    0.00    0.00   -1.44    0.35    3.31   -2.08  -13.70   36.47
C-G     0.00    0.00    0.00    0.00    0.00    0.00    0.53    1.63    4.06    1.89   -8.60   47.03
T-A     0.00    0.00    0.00    0.00    0.00    0.00   -0.20    1.35    3.33    1.36   -8.43   40.50
T-A     0.00    0.00    0.00    0.00    0.00    0.00    0.29    0.21    2.96   -3.03    4.18   31.98
T-A     0.00    0.00    0.00    0.00    0.00    0.00    0.34   -0.09    3.25    0.98    9.60   30.91
T-A     0.00    0.00    0.00    0.00    0.00    0.00   -0.15    0.35    3.53    2.32   13.51   33.25
G-C     0.00    0.00    0.00    0.00    0.00    0.00    0.01   -1.14    3.81    4.39   19.73   23.82
A-T     0.00    0.00    0.00    0.00    0.00    0.00    0.13   -0.04    2.93   -8.14    8.88   31.55
T-A     0.00    0.00    0.00    0.00    0.00    0.00   -0.26   -0.75    3.24   -3.13    3.08   26.35
G-C     0.00    0.00    0.00    0.00    0.00    0.00   -0.27    0.79    3.17    1.79   -0.65   37.92
G-C     0.00    0.00    0.00    0.00    0.00    0.00    0.92    0.44    3.44    6.56    1.16   34.94
A-T     0.00    0.00    0.00    0.00    0.00    0.00   -1.05    1.20    3.23   -8.18   -3.85   41.68
G-C     0.00    0.00    0.00    0.00    0.00    0.00    1.07    0.40    3.12   -0.27   -8.43   36.69
C-G     0.00    0.00    0.00    0.00    0.00    0.00   -0.46    0.11    3.44    0.28   -1.87   33.80
A-T     0.00    0.00    0.00    0.00    0.00    0.00    1.01    0.62    3.44    3.78    2.47   38.31
G-C     0.00    0.00    0.00    0.00    0.00    0.00   -1.24   -0.35    3.68   -4.22   11.38   35.34
T-A     0.00    0.00    0.00    0.00    0.00    0.00   -1.00   -0.34    3.19   -0.15   12.33   31.30
T-A     0.00    0.00    0.00    0.00    0.00    0.00   -0.48   -0.35    3.19   -2.63    0.88   31.08
T-A     0.00    0.00    0.00    0.00    0.00    0.00    0.73    0.18    3.27    1.48    7.98   35.37
C-G     0.00    0.00    0.00    0.00    0.00    0.00    1.35    0.87    2.80    8.89    1.62   35.30
C-G     0.00    0.00    0.00    0.00    0.00    0.00   -1.26    1.10    3.65   -9.46    5.98   30.95
A-T     0.00    0.00    0.00    0.00    0.00    0.00    0.41    2.23    3.19    7.31  -19.84   48.13
A-T     0.00    0.00    0.00    0.00    0.00    0.00    0.15   -0.30    3.19   -1.94    4.83   31.83
A-T     0.00    0.00    0.00    0.00    0.00    0.00   -0.66   -0.45    3.61   -0.76    2.60   38.53
T-A     0.00    0.00    0.00    0.00    0.00    0.00   -0.33   -0.58    3.12    1.26   -4.65   30.23
A-T     0.00    0.00    0.00    0.00    0.00    0.00    0.24   -0.27    3.19  -12.70    4.07   39.24
C-G     0.00    0.00    0.00    0.00    0.00    0.00    0.00   -1.00    3.06    3.87    4.04   21.34
A-T     0.00    0.00    0.00    0.00    0.00    0.00    0.16   -0.25    3.84    4.79   10.50   42.52
C-G     0.00    0.00    0.00    0.00    0.00    0.00    0.76   -0.50    3.38   -1.05    8.81   33.98
T-A     0.00    0.00    0.00    0.00    0.00    0.00   -0.52   -0.07    3.18    1.05    4.13   35.29
T-A     0.00    0.00    0.00    0.00    0.00    0.00    0.11   -0.15    3.51   -5.32   -2.77   32.70
T-A     0.00    0.00    0.00    0.00    0.00    0.00   -0.78   -0.15    3.01    2.68    0.05   35.22
T-A     0.00    0.00    0.00    0.00    0.00    0.00   -0.36    0.21    3.54   -2.59   -5.26   39.65
G-C     0.00    0.00    0.00    0.00    0.00    0.00   -0.05    2.59    3.30    1.81   -4.77   42.14
G-C     0.00    0.00    0.00    0.00    0.00    0.00   -0.47    0.12    2.64  -13.01    2.85   25.13
T-A     0.00    0.00    0.00    0.00    0.00    0.00    0.56   -0.34    3.26    4.60    6.52   31.98
A-T     0.00    0.00    0.00    0.00    0.00    0.00   -0.68    0.15    3.59    2.78   15.00   34.78
G-C     0.00    0.00    0.00    0.00    0.00    0.00    0.30    0.13    3.32    1.25   10.59   30.00
A-T     0.00    0.00    0.00    0.00    0.00    0.00   -0.42   -0.90    3.05   -5.84   14.22   24.40
A-T     0.00    0.00    0.00    0.00    0.00    0.00    1.02   -0.44    3.08   -6.59    2.55   36.52
T-A     0.00    0.00    0.00    0.00    0.00    0.00   -0.51   -1.05    3.30   -0.84  -10.96   30.65
C-G     0.00    0.00    0.00    0.00    0.00    0.00    0.43   -0.62    3.49    4.47   -2.49   39.89
T-A     0.00    0.00    0.00    0.00    0.00    0.00   -0.97   -0.35    3.42   -6.48    4.25   33.15
G-C     0.00    0.00    0.00    0.00    0.00    0.00   -0.28    2.23    2.95    2.57  -16.27   44.54
C-G     0.00    0.00    0.00    0.00    0.00    0.00    0.24    0.63    3.04    3.65    5.00   32.07
A-T     0.00    0.00    0.00    0.00    0.00    0.00    0.33    2.46    3.46    1.97   -3.52   43.59
G-C     0.00    0.00    0.00    0.00    0.00    0.00    0.26    0.94    2.84   -6.14    7.27   29.86
G-C     0.00    0.00    0.00    0.00    0.00    0.00   -0.35   -0.52    3.57    0.08   18.38   30.66
T-A     0.00    0.00    0.00    0.00    0.00    0.00   -0.68   -0.43    3.34   -2.03    4.98   34.35
G-C     0.00    0.00    0.00    0.00    0.00    0.00    0.16   -0.11    3.43    1.64   10.24   32.42
G-C     0.00    0.00    0.00    0.00    0.00    0.00    0.61    0.44    3.17    0.20    5.19   29.61
A-T     0.00    0.00    0.00    0.00    0.00    0.00   -0.48   -0.48    3.14   -4.36    3.60   38.53
T-A     0.00    0.00    0.00    0.00    0.00    0.00   -0.19   -0.72    3.30   -0.27   -3.57   30.50
A-T     0.00    0.00    0.00    0.00    0.00    0.00   -0.19   -0.04    3.71    1.31   -2.05   41.67
T-A     0.00    0.00    0.00    0.00    0.00    0.00   -0.54   -0.67    3.06   -4.89   -4.04   30.80
T-A     0.00    0.00    0.00    0.00    0.00    0.00    0.67    0.08    3.30    2.95    1.66   36.41
G-C     0.00    0.00    0.00    0.00    0.00    0.00   -0.13   -0.04    3.40    5.37    3.99   36.49
A-T     0.00    0.00    0.00    0.00    0.00    0.00   -0.15    0.04    3.25   -3.76    6.18   30.73
T-A     0.00    0.00    0.00    0.00    0.00    0.00    0.86   -0.84    3.17   -0.27    0.46   35.40
