 146 base-pairs
   0  ***local base-pair & step parameters***
       Shear  Stretch  Stagger Buckle Prop-Tw Opening   Shift  Slide    Rise    Tilt    Roll   Twist
A-T     0.00    0.00    0.00    0.00    0.00    0.00    0.00    0.00    0.00    0.00    0.00    0.00
T-A     0.00    0.00    0.00    0.00    0.00    0.00   -1.26   -0.74    3.28   -4.20   -1.64   31.72
C-G     0.00    0.00    0.00    0.00    0.00    0.00    1.08   -0.09    2.98    6.06    3.68   36.75
A-T     0.00    0.00    0.00    0.00    0.00    0.00   -0.33    0.73    3.44   -4.64    3.58   34.90
A-T     0.00    0.00    0.00    0.00    0.00    0.00   -0.50    0.22    3.31   -3.63    0.55   39.24
T-A     0.00    0.00    0.00    0.00    0.00    0.00    0.54   -0.80    2.95    7.68   -2.08   32.20
A-T     0.00    0.00    0.00    0.00    0.00    0.00   -0.09   -0.04    3.62   -5.23   -3.55   41.36
T-A     0.00    0.00    0.00    0.00    0.00    0.00   -0.02   -1.07    3.24    6.34   -1.66   33.45
C-G     0.00    0.00    0.00    0.00    0.00    0.00    0.93    0.14    3.32    0.31   -1.27   33.50
C-G     0.00    0.00    0.00    0.00    0.00    0.00   -0.20   -0.01    3.21   -0.66   10.45   27.52
A-T     0.00    0.00    0.00    0.00    0.00    0.00   -1.18    0.54    3.37   -1.64    5.74   31.73
C-G     0.00    0.00    0.00    0.00    0.00    0.00    0.45   -0.93    3.38   -0.94    6.18   34.62
C-G     0.00    0.00    0.00    0.00    0.00    0.00    0.64   -0.20    3.38    1.94   12.76   29.83
T-A     0.00    0.00    0.00    0.00    0.00    0.00   -1.24    0.33    3.53   -6.93    7.01   32.64
G-C     0.00    0.00    0.00    0.00    0.00    0.00    0.66    1.14    3.30    5.27   -6.23   39.82
C-G     0.00    0.00    0.00    0.00    0.00    0.00   -0.36    0.12    3.43   -7.66    4.54   37.84
A-T     0.00    0.00    0.00    0.00    0.00    0.00    0.09    1.71    3.10    3.72  -21.10   41.90
G-C     0.00    0.00    0.00    0.00    0.00    0.00    0.49    0.03    3.45    2.96    1.53   35.47
A-T     0.00    0.00    0.00    0.00    0.00    0.00   -0.05   -0.81    3.27    0.77   -6.00   37.24
T-A     0.00    0.00    0.00    0.00    0.00    0.00    0.37    0.13    3.01    3.22   -4.87   35.96
T-A     0.00    0.00    0.00    0.00    0.00    0.00   -0.12   -1.34    3.36    2.71    3.67   29.98
C-G     0.00    0.00    0.00    0.00    0.00    0.00   -0.24   -0.34    2.79    4.56   10.35   27.15
T-A     0.00    0.00    0.00    0.00    0.00    0.00   -0.32   -0.43    3.74    0.60   11.20   28.18
A-T     0.00    0.00    0.00    0.00    0.00    0.00    1.94    0.83    3.74    2.31   22.38   34.61
C-G     0.00    0.00    0.00    0.00    0.00    0.00   -1.19   -0.23    2.89  -12.15    3.66   29.94
C-G     0.00    0.00    0.00    0.00    0.00    0.00    0.49   -0.17    2.71   13.46    7.51   30.42
A-T     0.00    0.00    0.00    0.00    0.00    0.00    0.09    2.61    3.20   -3.81  -14.53   41.46
A-T     0.00    0.00    0.00    0.00    0.00    0.00    0.40    0.42    3.55    3.27    2.59   39.00
A-T     0.00    0.00    0.00    0.00    0.00    0.00    0.61   -0.24    3.37   -0.72   -7.79   40.67
A-T     0.00    0.00    0.00    0.00    0.00    0.00   -0.12   -0.48    3.21   -2.60    3.15   31.10
G-C     0.00    0.00    0.00    0.00    0.00    0.00    0.16   -0.48    3.59    0.82   -0.59   37.69
T-A     0.00    0.00    0.00    0.00    0.00    0.00   -0.32   -0.82    2.98    4.60   -1.62   26.96
G-C     0.00    0.00    0.00    0.00    0.00    0.00    1.10    0.15    3.80    2.31   13.02   34.78
T-A     0.00    0.00    0.00    0.00    0.00    0.00   -1.27   -0.61    2.90   -1.96   16.73   23.70
A-T     0.00    0.00    0.00    0.00    0.00    0.00    0.12   -0.62    3.72   -5.49    0.62   42.20
T-A     0.00    0.00    0.00    0.00    0.00    0.00    0.43   -1.01    3.49    2.01    2.74   32.08
T-A     0.00    0.00    0.00    0.00    0.00    0.00    0.22   -0.34    2.97    3.09   -7.96   38.29
T-A     0.00    0.00    0.00    0.00    0.00    0.00   -0.13   -0.29    3.59   -7.08    4.29   32.51
G-C     0.00    0.00    0.00    0.00    0.00    0.00   -0.76    2.24    3.19    1.89  -20.95   46.73
G-C     0.00    0.00    0.00    0.00    0.00    0.00    0.89    1.04    3.40    5.91    5.14   29.94
A-T     0.00    0.00    0.00    0.00    0.00    0.00   -1.21    0.93    3.12  -11.17    1.45   36.86
A-T     0.00    0.00    0.00    0.00    0.00    0.00    0.32   -0.30    3.17   -1.66    3.91   33.35
A-T     0.00    0.00    0.00    0.00    0.00    0.00   -0.16   -0.08    3.65   -1.85   15.02   32.41
C-G     0.00    0.00    0.00    0.00    0.00    0.00    0.32   -0.46    2.89    4.12   -2.34   32.31
T-A     0.00    0.00    0.00    0.00    0.00    0.00    1.11   -0.08    3.29    1.08   12.08   34.12
G-C     0.00    0.00    0.00    0.00    0.00    0.00   -1.35    0.37    3.67   -5.03   10.97   36.35
C-G     0.00    0.00    0.00    0.00    0.00    0.00    0.42    1.05    3.53   -0.72  -12.57   46.73
T-A     0.00    0.00    0.00    0.00    0.00    0.00   -1.17   -0.10    2.85    0.46   -0.59   31.56
C-G     0.00    0.00    0.00    0.00    0.00    0.00    1.64    1.71    3.15    7.47  -10.99   42.13
C-G     0.00    0.00    0.00    0.00    0.00    0.00   -1.02    0.47    3.51   -4.83    6.11   36.93
A-T     0.00    0.00    0.00    0.00    0.00    0.00    0.52    0.96    3.37   -4.13   -3.89   40.55
T-A     0.00    0.00    0.00    0.00    0.00    0.00    0.58   -0.40    2.90    5.55    0.24   29.75
C-G     0.00    0.00    0.00    0.00    0.00    0.00    0.44   -0.17    3.56    4.32   10.74   32.82
A-T     0.00    0.00    0.00    0.00    0.00    0.00   -0.46    0.34    4.07    3.20   18.28   34.47
A-T     0.00    0.00    0.00    0.00    0.00    0.00    0.56    0.64    3.12   -3.79    7.27   43.56
A-T     0.00    0.00    0.00    0.00    0.00    0.00   -0.90    0.38    2.97   -4.88   -4.98   34.44
A-T     0.00    0.00    0.00    0.00    0.00    0.00   -0.24   -0.86    3.54   -4.48   -0.10   36.14
G-C     0.00    0.00    0.00    0.00    0.00    0.00   -0.17    0.95    3.66   -2.16   -6.21   39.84
G-C     0.00    0.00    0.00    0.00    0.00    0.00   -1.04    0.15    3.14   -7.22  -29.60   30.99
C-G     0.00    0.00    0.00    0.00    0.00    0.00    1.52   -0.01    4.62    0.99  -20.06   38.66
A-T     0.00    0.00    0.00    0.00    0.00    0.00   -0.22    0.83    3.18   14.35    6.82   42.00
T-A     0.00    0.00    0.00    0.00    0.00    0.00    0.39   -0.52    3.39   -2.74   16.66   22.82
G-C     0.00    0.00    0.00    0.00    0.00    0.00    0.03    1.23    4.06   -0.45    8.29   40.18
T-A     0.00    0.00    0.00    0.00    0.00    0.00   -0.87   -0.64    3.38   -2.17    7.40   27.71
T-A     0.00    0.00    0.00    0.00    0.00    0.00    0.47    0.07    3.03    4.73    3.89   31.72
C-G     0.00    0.00    0.00    0.00    0.00    0.00    0.73    0.67    3.18    3.49    6.97   36.76
A-T     0.00    0.00    0.00    0.00    0.00    0.00   -0.66    1.58    3.72   -1.77   -5.15   45.13
G-C     0.00    0.00    0.00    0.00    0.00    0.00    0.70    0.97    3.45    4.78   -1.91   31.47
C-G     0.00    0.00    0.00    0.00    0.00    0.00   -0.51    0.74    3.32   -6.29   -4.45   42.02
T-A     0.00    0.00    0.00    0.00    0.00    0.00    0.15    0.83    3.29    4.36   -0.92   35.48
G-C     0.00    0.00    0.00    0.00    0.00    0.00    0.81    1.15    3.14   -0.50    3.31   35.20
A-T     0.00    0.00    0.00    0.00    0.00    0.00   -0.64    0.04    3.41   -5.91    7.86   34.07
A-T     0.00    0.00    0.00    0.00    0.00    0.00   -0.24   -0.32    3.13    1.26    3.90   33.45
T-A     0.00    0.00    0.00    0.00    0.00    0.00    0.24   -0.71    3.46   -0.32    8.82   29.84
T-A     0.00    0.00    0.00    0.00    0.00    0.00   -0.09   -0.40    3.15    3.52    8.01   32.89
C-G     0.00    0.00    0.00    0.00    0.00    0.00   -0.06    0.27    3.28    1.50    5.84   31.01
A-T     0.00    0.00    0.00    0.00    0.00    0.00   -0.54    1.75    3.43   -0.64    0.16   41.55
G-C     0.00    0.00    0.00    0.00    0.00    0.00    0.83    0.76    3.27   -2.07   -4.42   36.33
C-G     0.00    0.00    0.00    0.00    0.00    0.00   -0.99    1.04    3.46   -2.36   -6.49   38.42
T-A     0.00    0.00    0.00    0.00    0.00    0.00    1.18    1.42    3.67    3.04   -5.44   42.83
G-C     0.00    0.00    0.00    0.00    0.00    0.00   -0.76    0.92    3.01   -2.80    6.35   34.43
A-T     0.00    0.00    0.00    0.00    0.00    0.00   -0.37    0.12    3.32   -1.66    4.93   32.46
A-T     0.00    0.00    0.00    0.00    0.00    0.00    0.24    0.18    3.32    1.72    9.12   34.46
C-G     0.00    0.00    0.00    0.00    0.00    0.00    0.36   -0.57    3.33    0.76    5.76   29.95
A-T     0.00    0.00    0.00    0.00    0.00    0.00   -0.57    0.56    3.61   -0.38   10.92   35.28
T-A     0.00    0.00    0.00    0.00    0.00    0.00    0.32   -0.47    3.17    1.84    0.45   28.30
G-C     0.00    0.00    0.00    0.00    0.00    0.00    0.90    0.37    3.36   -0.70    8.51   35.22
C-G     0.00    0.00    0.00    0.00    0.00    0.00   -1.56    0.52    3.37   -2.14  -14.67   38.67
C-G     0.00    0.00    0.00    0.00    0.00    0.00    0.69    1.47    4.02    2.14   -7.48   45.09
T-A     0.00    0.00    0.00    0.00    0.00    0.00   -0.38    1.48    3.33    1.02   -9.59   41.94
T-A     0.00    0.00    0.00    0.00    0.00    0.00    0.45    0.11    2.99   -2.74    5.23   31.20
T-A     0.00    0.00    0.00    0.00    0.00    0.00    0.22   -0.04    3.21    0.91    8.82   30.97
T-A     0.00    0.00    0.00    0.00    0.00    0.00   -0.10    0.35    3.57    2.04   13.88   33.84
G-C     0.00    0.00    0.00    0.00    0.00    0.00    0.03   -1.17    3.79    5.09   19.86   22.74
A-T     0.00    0.00    0.00    0.00    0.00    0.00    0.03    0.02    2.93   -9.24    8.23   32.89
T-A     0.00    0.00    0.00    0.00    0.00    0.00   -0.10   -0.82    3.28   -1.74    4.18   24.97
G-C     0.00    0.00    0.00    0.00    0.00    0.00   -0.45    0.86    3.11    0.29   -2.06   39.15
G-C     0.00    0.00    0.00    0.00    0.00    0.00    1.09    0.38    3.52    7.96    2.72   33.96
A-T     0.00    0.00    0.00    0.00    0.00    0.00   -1.18    1.24    3.16   -9.29   -5.38   42.41
G-C     0.00    0.00    0.00    0.00    0.00    0.00    1.15    0.36    3.18    0.41   -7.09   36.11
C-G     0.00    0.00    0.00    0.00    0.00    0.00   -0.49    0.15    3.42    0.09   -2.95   34.38
A-T     0.00    0.00    0.00    0.00    0.00    0.00    0.99    0.56    3.42    3.52    3.26   37.56
G-C     0.00    0.00    0.00    0.00    0.00    0.00   -1.19   -0.28    3.74   -3.64   10.84   36.38
T-A     0.00    0.00    0.00    0.00    0.00    0.00   -1.04   -0.44    3.10   -0.90   12.73   29.94
T-A     0.00    0.00    0.00    0.00    0.00    0.00   -0.47   -0.23    3.29   -1.91    0.52   32.70
T-A     0.00    0.00    0.00    0.00    0.00    0.00    0.77    0.05    3.18    0.92    8.39   33.65
C-G     0.00    0.00    0.00    0.00    0.00    0.00    1.25    1.01    2.87    9.21    1.12   36.90
C-G     0.00    0.00    0.00    0.00    0.00    0.00   -1.13    0.98    3.62   -9.56    6.54   29.72
A-T     0.00    0.00    0.00    0.00    0.00    0.00    0.26    2.32    3.19    7.29  -20.39   48.77
A-T     0.00    0.00    0.00    0.00    0.00    0.00    0.27   -0.35    3.22   -1.93    5.23   31.91
A-T     0.00    0.00    0.00    0.00    0.00    0.00   -0.73   -0.46    3.56   -0.61    2.48   37.73
T-A     0.00    0.00    0.00    0.00    0.00    0.00   -0.32   -0.52    3.17    0.83   -4.93   31.66
A-T     0.00    0.00    0.00    0.00    0.00    0.00    0.32   -0.36    3.15  -11.92    4.81   37.39
C-G     0.00    0.00    0.00    0.00    0.00    0.00   -0.14   -0.88    3.06    2.79    2.85   23.35
A-T     0.00    0.00    0.00    0.00    0.00    0.00    0.35   -0.37    3.86    6.07   12.04   40.60
C-G     0.00    0.00    0.00    0.00    0.00    0.00    0.55   -0.38    3.33   -2.34    7.07   35.62
T-A     0.00    0.00    0.00    0.00    0.00    0.00   -0.34   -0.17    3.24    2.16    5.89   34.04
T-A     0.00    0.00    0.00    0.00    0.00    0.00   -0.03   -0.08    3.45   -6.07   -4.36   33.56
T-A     0.00    0.00    0.00    0.00    0.00    0.00   -0.71   -0.21    3.04    2.94    1.32   34.66
T-A     0.00    0.00    0.00    0.00    0.00    0.00   -0.37    0.26    3.54   -2.33   -6.13   40.07
G-C     0.00    0.00    0.00    0.00    0.00    0.00   -0.09    2.54    3.26    1.10   -4.30   41.69
G-C     0.00    0.00    0.00    0.00    0.00    0.00   -0.40    0.18    2.71  -11.98    2.72   25.73
T-A     0.00    0.00    0.00    0.00    0.00    0.00    0.50   -0.41    3.16    3.45    6.43   31.16
A-T     0.00    0.00    0.00    0.00    0.00    0.00   -0.64    0.24    3.69    3.86   15.20   35.75
G-C     0.00    0.00    0.00    0.00    0.00    0.00    0.31    0.03    3.23    0.38   10.39   29.02
A-T     0.00    0.00    0.00    0.00    0.00    0.00   -0.47   -0.81    3.12   -5.27   14.35   25.19
A-T     0.00    0.00    0.00    0.00    0.00    0.00    1.10   -0.51    3.06   -6.87    2.48   36.14
T-A     0.00    0.00    0.00    0.00    0.00    0.00   -0.61   -1.02    3.28   -0.76  -10.88   30.44
C-G     0.00    0.00    0.00    0.00    0.00    0.00    0.50   -0.61    3.54    4.44   -2.68   40.77
T-A     0.00    0.00    0.00    0.00    0.00    0.00   -1.00   -0.41    3.36   -6.36    4.67   31.62
G-C     0.00    0.00    0.00    0.00    0.00    0.00   -0.32    2.34    3.02    2.23  -17.01   46.58
C-G     0.00    0.00    0.00    0.00    0.00    0.00    0.35    0.48    3.00    4.25    6.11   29.76
A-T     0.00    0.00    0.00    0.00    0.00    0.00    0.16    2.62    3.48    1.13   -4.95   45.92
G-C     0.00    0.00    0.00    0.00    0.00    0.00    0.47    0.79    2.86   -5.18    8.92   27.80
G-C     0.00    0.00    0.00    0.00    0.00    0.00   -0.56   -0.39    3.53   -0.84   16.67   32.28
T-A     0.00    0.00    0.00    0.00    0.00    0.00   -0.50   -0.54    3.39   -1.35    6.56   33.29
G-C     0.00    0.00    0.00    0.00    0.00    0.00    0.04   -0.04    3.39    1.35    8.95   32.95
G-C     0.00    0.00    0.00    0.00    0.00    0.00    0.66    0.40    3.19    0.00    6.04   29.51
A-T     0.00    0.00    0.00    0.00    0.00    0.00   -0.46   -0.46    3.15   -3.65    3.24   38.38
T-A     0.00    0.00    0.00    0.00    0.00    0.00   -0.28   -0.74    3.26   -1.39   -3.68   30.70
A-T     0.00    0.00    0.00    0.00    0.00    0.00   -0.08   -0.02    3.79    2.68   -1.56   41.56
T-A     0.00    0.00    0.00    0.00    0.00    0.00   -0.65   -0.70    2.96   -6.31   -4.78   30.75
T-A     0.00    0.00    0.00    0.00    0.00    0.00    0.75    0.11    3.39    4.22    2.50   36.58
G-C     0.00    0.00    0.00    0.00    0.00    0.00   -0.17   -0.08    3.32    4.40    3.18   36.31
A-T     0.00    0.00    0.00    0.00    0.00    0.00   -0.16    0.07    3.30   -3.17    6.89   30.74
T-A     0.00    0.00    0.00    0.00    0.00    0.00    0.91   -0.85    3.16   -0.49   -0.12   35.74
