 146 base-pairs
   0  ***local base-pair & step parameters***
       Shear  Stretch  Stagger Buckle Prop-Tw Opening   Shift  Slide    Rise    Tilt    Roll   Twist
A-T     0.00    0.00    0.00    0.00    0.00    0.00    0.00    0.00    0.00    0.00    0.00    0.00
T-A     0.00    0.00    0.00    0.00    0.00    0.00   -1.54   -0.88    3.28   -3.89   -0.29   30.78
C-G     0.00    0.00    0.00    0.00    0.00    0.00    1.36    0.01    2.95    5.86    2.10   37.41
A-T     0.00    0.00    0.00    0.00    0.00    0.00   -0.60    0.68    3.50   -4.66    5.13   34.58
A-T     0.00    0.00    0.00    0.00    0.00    0.00   -0.26    0.23    3.23   -3.29   -0.75   39.24
T-A     0.00    0.00    0.00    0.00    0.00    0.00    0.35   -0.75    3.02    7.04   -1.21   32.41
A-T     0.00    0.00    0.00    0.00    0.00    0.00    0.01   -0.12    3.56   -4.35   -3.89   41.09
T-A     0.00    0.00    0.00    0.00    0.00    0.00   -0.02   -0.98    3.27    5.38   -1.85   33.64
C-G     0.00    0.00    0.00    0.00    0.00    0.00    0.82    0.04    3.32    1.17   -0.64   33.48
C-G     0.00    0.00    0.00    0.00    0.00    0.00    0.04    0.08    3.20   -1.21    9.53   27.34
A-T     0.00    0.00    0.00    0.00    0.00    0.00   -1.54    0.46    3.39   -1.54    6.78   32.05
C-G     0.00    0.00    0.00    0.00    0.00    0.00    0.89   -0.88    3.37   -0.53    5.19   34.29
C-G     0.00    0.00    0.00    0.00    0.00    0.00    0.17   -0.23    3.38    1.05   13.58   30.01
T-A     0.00    0.00    0.00    0.00    0.00    0.00   -0.79    0.35    3.55   -5.71    6.41   32.75
G-C     0.00    0.00    0.00    0.00    0.00    0.00    0.30    1.13    3.27    3.92   -5.85   39.34
C-G     0.00    0.00    0.00    0.00    0.00    0.00   -0.15    0.12    3.46   -6.42    4.34   38.67
A-T     0.00    0.00    0.00    0.00    0.00    0.00    0.06    1.71    3.08    2.83  -21.03   40.82
G-C     0.00    0.00    0.00    0.00    0.00    0.00    0.33    0.02    3.45    3.35    1.54   36.60
A-T     0.00    0.00    0.00    0.00    0.00    0.00    0.29   -0.78    3.30    0.94   -6.04   36.29
T-A     0.00    0.00    0.00    0.00    0.00    0.00   -0.10    0.08    2.94    2.53   -4.77   36.49
T-A     0.00    0.00    0.00    0.00    0.00    0.00    0.42   -1.27    3.45    3.78    3.48   30.01
C-G     0.00    0.00    0.00    0.00    0.00    0.00   -0.77   -0.43    2.69    3.33   10.69   26.50
T-A     0.00    0.00    0.00    0.00    0.00    0.00    0.13   -0.33    3.83    1.75   10.67   29.38
A-T     0.00    0.00    0.00    0.00    0.00    0.00    1.62    0.73    3.68    1.42   23.12   33.06
C-G     0.00    0.00    0.00    0.00    0.00    0.00   -1.04   -0.15    2.91  -11.65    2.74   31.58
C-G     0.00    0.00    0.00    0.00    0.00    0.00    0.53   -0.22    2.75   13.40    8.50   28.99
A-T     0.00    0.00    0.00    0.00    0.00    0.00   -0.12    2.61    3.12   -4.13  -15.45   42.41
A-T     0.00    0.00    0.00    0.00    0.00    0.00    0.72    0.47    3.67    3.84    3.27   38.70
A-T     0.00    0.00    0.00    0.00    0.00    0.00    0.21   -0.34    3.24   -1.38   -8.09   40.29
A-T     0.00    0.00    0.00    0.00    0.00    0.00    0.30   -0.34    3.34   -2.00    2.95   32.10
G-C     0.00    0.00    0.00    0.00    0.00    0.00   -0.22   -0.63    3.50    0.41    0.14   36.29
T-A     0.00    0.00    0.00    0.00    0.00    0.00    0.00   -0.67    3.03    4.79   -2.81   28.49
G-C     0.00    0.00    0.00    0.00    0.00    0.00    0.87    0.03    3.81    2.32   14.51   33.40
T-A     0.00    0.00    0.00    0.00    0.00    0.00   -1.14   -0.53    2.84   -2.07   15.14   24.70
A-T     0.00    0.00    0.00    0.00    0.00    0.00    0.07   -0.63    3.82   -5.38    2.05   41.71
T-A     0.00    0.00    0.00    0.00    0.00    0.00    0.38   -1.06    3.37    2.01    1.70   32.03
T-A     0.00    0.00    0.00    0.00    0.00    0.00    0.33   -0.24    3.09    2.91   -7.49   38.79
T-A     0.00    0.00    0.00    0.00    0.00    0.00   -0.30   -0.43    3.50   -6.73    4.44   31.73
G-C     0.00    0.00    0.00    0.00    0.00    0.00   -0.53    2.39    3.24    1.44  -21.70   47.58
G-C     0.00    0.00    0.00    0.00    0.00    0.00    0.62    0.90    3.39    6.34    6.36   29.21
A-T     0.00    0.00    0.00    0.00    0.00    0.00   -0.91    1.04    3.09  -11.44   -0.03   37.34
A-T     0.00    0.00    0.00    0.00    0.00    0.00    0.00   -0.37    3.22   -1.69    5.41   33.15
A-T     0.00    0.00    0.00    0.00    0.00    0.00    0.16   -0.05    3.59   -1.46   13.72   32.38
C-G     0.00    0.00    0.00    0.00    0.00    0.00    0.04   -0.44    2.95    3.38   -1.41   32.47
T-A     0.00    0.00    0.00    0.00    0.00    0.00    1.31   -0.14    3.25    2.09   11.62   33.98
G-C     0.00    0.00    0.00    0.00    0.00    0.00   -1.45    0.44    3.69   -6.13   10.96   36.34
C-G     0.00    0.00    0.00    0.00    0.00    0.00    0.38    0.97    3.53    0.26  -12.16   46.95
T-A     0.00    0.00    0.00    0.00    0.00    0.00   -0.98   -0.02    2.84   -0.19   -1.26   31.14
C-G     0.00    0.00    0.00    0.00    0.00    0.00    1.31    1.65    3.16    7.65  -10.18   42.65
C-G     0.00    0.00    0.00    0.00    0.00    0.00   -0.58    0.53    3.51   -4.46    5.31   36.46
A-T     0.00    0.00    0.00    0.00    0.00    0.00    0.02    0.92    3.35   -5.01   -3.19   40.79
T-A     0.00    0.00    0.00    0.00    0.00    0.00    1.07   -0.37    2.94    6.78   -0.32   29.88
C-G     0.00    0.00    0.00    0.00    0.00    0.00    0.01   -0.21    3.51    2.94   11.17   32.25
A-T     0.00    0.00    0.00    0.00    0.00    0.00   -0.17    0.36    4.12    4.47   17.94   35.45
A-T     0.00    0.00    0.00    0.00    0.00    0.00    0.45    0.62    3.09   -4.72    7.56   42.31
A-T     0.00    0.00    0.00    0.00    0.00    0.00   -0.99    0.39    2.97   -4.43   -5.24   35.74
A-T     0.00    0.00    0.00    0.00    0.00    0.00    0.03   -0.85    3.58   -4.38    0.13   35.05
G-C     0.00    0.00    0.00    0.00    0.00    0.00   -0.59    0.91    3.59   -2.76   -6.37   40.50
G-C     0.00    0.00    0.00    0.00    0.00    0.00   -0.53    0.22    3.25   -6.26  -29.59   30.95
C-G     0.00    0.00    0.00    0.00    0.00    0.00    1.00   -0.10    4.51   -0.12  -19.84   38.04
A-T     0.00    0.00    0.00    0.00    0.00    0.00    0.25    0.94    3.28   15.41    6.31   43.19
T-A     0.00    0.00    0.00    0.00    0.00    0.00    0.03   -0.64    3.32   -3.55   17.47   21.25
G-C     0.00    0.00    0.00    0.00    0.00    0.00    0.24    1.34    4.08    0.01    7.23   41.85
T-A     0.00    0.00    0.00    0.00    0.00    0.00   -0.92   -0.71    3.41   -2.25    8.59   26.23
T-A     0.00    0.00    0.00    0.00    0.00    0.00    0.35    0.09    2.94    4.49    2.75   32.73
C-G     0.00    0.00    0.00    0.00    0.00    0.00    0.97    0.71    3.30    3.93    7.87   36.38
A-T     0.00    0.00    0.00    0.00    0.00    0.00   -0.98    1.49    3.59   -2.26   -5.64   44.83
G-C     0.00    0.00    0.00    0.00    0.00    0.00    1.07    1.11    3.58    5.19   -1.96   32.35
C-G     0.00    0.00    0.00    0.00    0.00    0.00   -0.87    0.57    3.23   -6.53   -3.82   40.75
T-A     0.00    0.00    0.00    0.00    0.00    0.00    0.48    0.99    3.34    4.41   -2.06   36.88
G-C     0.00    0.00    0.00    0.00    0.00    0.00    0.54    1.01    3.15   -0.42    4.81   33.93
A-T     0.00    0.00    0.00    0.00    0.00    0.00   -0.44    0.13    3.35   -6.04    6.22   35.00
A-T     0.00    0.00    0.00    0.00    0.00    0.00   -0.37   -0.35    3.22    1.31    5.42   32.99
T-A     0.00    0.00    0.00    0.00    0.00    0.00    0.29   -0.74    3.35   -0.19    7.65   29.83
T-A     0.00    0.00    0.00    0.00    0.00    0.00   -0.08   -0.32    3.25    3.17    8.64   33.27
C-G     0.00    0.00    0.00    0.00    0.00    0.00   -0.14    0.15    3.20    2.04    5.82   30.41
A-T     0.00    0.00    0.00    0.00    0.00    0.00   -0.38    1.89    3.47   -1.27   -0.41   42.18
G-C     0.00    0.00    0.00    0.00    0.00    0.00    0.60    0.63    3.26   -1.49   -3.37   35.83
C-G     0.00    0.00    0.00    0.00    0.00    0.00   -0.69    1.15    3.44   -2.71   -7.82   38.70
T-A     0.00    0.00    0.00    0.00    0.00    0.00    0.83    1.35    3.71    3.04   -4.05   42.79
G-C     0.00    0.00    0.00    0.00    0.00    0.00   -0.39    0.95    2.97   -2.38    5.11   34.32
A-T     0.00    0.00    0.00    0.00    0.00    0.00   -0.73    0.12    3.35   -2.49    5.86   32.60
A-T     0.00    0.00    0.00    0.00    0.00    0.00    0.54    0.15    3.30    2.84    8.57   34.43
C-G     0.00    0.00    0.00    0.00    0.00    0.00    0.17   -0.52    3.33   -0.45    5.91   29.76
A-T     0.00    0.00    0.00    0.00    0.00    0.00   -0.53    0.51    3.62    0.71   11.11   35.73
T-A     0.00    0.00    0.00    0.00    0.00    0.00    0.44   -0.42    3.16    1.09    0.02   27.65
G-C     0.00    0.00    0.00    0.00    0.00    0.00    0.61    0.32    3.36   -0.45    9.05   35.95
C-G     0.00    0.00    0.00    0.00    0.00    0.00   -1.14    0.56    3.39   -1.82  -15.24   38.05
C-G     0.00    0.00    0.00    0.00    0.00    0.00    0.19    1.43    3.99    1.31   -6.95   45.41
T-A     0.00    0.00    0.00    0.00    0.00    0.00    0.14    1.53    3.39    2.23  -10.07   42.06
T-A     0.00    0.00    0.00    0.00    0.00    0.00   -0.02    0.06    2.92   -4.10    5.67   30.57
T-A     0.00    0.00    0.00    0.00    0.00    0.00    0.57    0.02    3.27    2.18    8.37   32.06
T-A     0.00    0.00    0.00    0.00    0.00    0.00   -0.29    0.30    3.53    1.09   14.36   32.45
G-C     0.00    0.00    0.00    0.00    0.00    0.00    0.02   -1.14    3.79    5.58   19.35   24.19
A-T     0.00    0.00    0.00    0.00    0.00    0.00    0.23    0.01    2.97   -9.21    8.73   31.66
T-A     0.00    0.00    0.00    0.00    0.00    0.00   -0.46   -0.85    3.20   -2.24    3.76   25.73
G-C     0.00    0.00    0.00    0.00    0.00    0.00    0.02    0.93    3.22    1.13   -1.84   39.02
G-C     0.00    0.00    0.00    0.00    0.00    0.00    0.58    0.27    3.40    6.98    2.80   33.41
A-T     0.00    0.00    0.00    0.00    0.00    0.00   -0.70    1.37    3.27   -8.37   -5.82   43.57
G-C     0.00    0.00    0.00    0.00    0.00    0.00    0.76    0.22    3.10   -0.30   -6.26   34.56
C-G     0.00    0.00    0.00    0.00    0.00    0.00   -0.22    0.28    3.45    0.48   -4.10   36.05
A-T     0.00    0.00    0.00    0.00    0.00    0.00    0.87    0.47    3.45    3.45    4.60   36.08
G-C     0.00    0.00    0.00    0.00    0.00    0.00   -1.22   -0.24    3.66   -3.82    9.50   37.42
T-A     0.00    0.00    0.00    0.00    0.00    0.00   -0.89   -0.42    3.22   -0.58   13.84   29.50
T-A     0.00    0.00    0.00    0.00    0.00    0.00   -0.71   -0.31    3.16   -2.22   -0.16   32.50
T-A     0.00    0.00    0.00    0.00    0.00    0.00    1.07    0.18    3.30    1.13    8.52   34.40
C-G     0.00    0.00    0.00    0.00    0.00    0.00    0.94    0.85    2.77    9.17    1.61   35.78
C-G     0.00    0.00    0.00    0.00    0.00    0.00   -0.82    1.15    3.67   -9.67    5.50   30.96
A-T     0.00    0.00    0.00    0.00    0.00    0.00   -0.02    2.18    3.19    7.47  -18.93   47.65
A-T     0.00    0.00    0.00    0.00    0.00    0.00    0.52   -0.25    3.18   -2.08    3.60   32.72
A-T     0.00    0.00    0.00    0.00    0.00    0.00   -0.94   -0.51    3.63   -0.62    4.04   37.32
T-A     0.00    0.00    0.00    0.00    0.00    0.00   -0.17   -0.54    3.08    1.08   -6.19   31.67
A-T     0.00    0.00    0.00    0.00    0.00    0.00    0.23   -0.30    3.24  -12.43    5.58   37.68
C-G     0.00    0.00    0.00    0.00    0.00    0.00   -0.14   -0.98    3.00    3.51    2.66   22.92
A-T     0.00    0.00    0.00    0.00    0.00    0.00    0.43   -0.25    3.90    5.27   11.66   41.01
C-G     0.00    0.00    0.00    0.00    0.00    0.00    0.37   -0.50    3.32   -1.63    7.91   35.36
T-A     0.00    0.00    0.00    0.00    0.00    0.00   -0.06   -0.07    3.23    1.71    4.76   34.10
T-A     0.00    0.00    0.00    0.00    0.00    0.00   -0.39   -0.15    3.48   -6.02   -3.13   33.68
T-A     0.00    0.00    0.00    0.00    0.00    0.00   -0.30   -0.17    3.02    3.37    0.18   34.45
T-A     0.00    0.00    0.00    0.00    0.00    0.00   -0.79    0.25    3.55   -3.20   -5.23   40.22
G-C     0.00    0.00    0.00    0.00    0.00    0.00    0.28    2.54    3.26    2.29   -4.90   41.74
G-C     0.00    0.00    0.00    0.00    0.00    0.00   -0.68    0.20    2.70  -13.28    3.00   25.38
T-A     0.00    0.00    0.00    0.00    0.00    0.00    0.62   -0.44    3.18    4.63    6.41   31.82
A-T     0.00    0.00    0.00    0.00    0.00    0.00   -0.59    0.27    3.68    3.03   15.02   34.87
G-C     0.00    0.00    0.00    0.00    0.00    0.00    0.08    0.00    3.23    0.71   10.67   29.95
A-T     0.00    0.00    0.00    0.00    0.00    0.00   -0.08   -0.77    3.14   -5.02   14.04   24.41
A-T     0.00    0.00    0.00    0.00    0.00    0.00    0.60   -0.56    3.01   -7.64    2.81   36.57
T-A     0.00    0.00    0.00    0.00    0.00    0.00   -0.06   -0.96    3.36    0.39  -11.23   30.53
C-G     0.00    0.00    0.00    0.00    0.00    0.00   -0.01   -0.68    3.46    3.13   -2.27   40.11
T-A     0.00    0.00    0.00    0.00    0.00    0.00   -0.58   -0.33    3.43   -5.13    4.16   32.79
G-C     0.00    0.00    0.00    0.00    0.00    0.00   -0.58    2.26    2.97    1.30  -16.38   45.09
C-G     0.00    0.00    0.00    0.00    0.00    0.00    0.42    0.54    3.00    4.75    5.37   31.32
A-T     0.00    0.00    0.00    0.00    0.00    0.00    0.28    2.59    3.52    1.11   -4.19   44.57
G-C     0.00    0.00    0.00    0.00    0.00    0.00    0.19    0.78    2.77   -5.59    8.25   28.66
G-C     0.00    0.00    0.00    0.00    0.00    0.00   -0.15   -0.32    3.65   -0.13   17.12   32.06
T-A     0.00    0.00    0.00    0.00    0.00    0.00   -0.96   -0.64    3.26   -2.17    6.47   32.81
G-C     0.00    0.00    0.00    0.00    0.00    0.00    0.50    0.10    3.51    2.12    8.61   34.03
G-C     0.00    0.00    0.00    0.00    0.00    0.00    0.26    0.25    3.11   -0.58    6.85   28.02
A-T     0.00    0.00    0.00    0.00    0.00    0.00   -0.16   -0.32    3.19   -3.35    2.05   40.00
T-A     0.00    0.00    0.00    0.00    0.00    0.00   -0.46   -0.85    3.27   -1.44   -2.24   29.25
A-T     0.00    0.00    0.00    0.00    0.00    0.00   -0.02    0.03    3.72    2.55   -3.04   42.60
T-A     0.00    0.00    0.00    0.00    0.00    0.00   -0.60   -0.69    3.07   -6.10   -3.49   30.28
T-A     0.00    0.00    0.00    0.00    0.00    0.00    0.60    0.05    3.27    4.07    1.63   36.46
G-C     0.00    0.00    0.00    0.00    0.00    0.00    0.04    0.04    3.44    4.42    3.48   36.94
A-T     0.00    0.00    0.00    0.00    0.00    0.00   -0.41   -0.08    3.21   -3.02    7.21   29.79
T-A     0.00    0.00    0.00    0.00    0.00    0.00    1.18   -0.69    3.22   -0.77   -1.03   36.80
