 146 base-pairs
   0  ***local base-pair & step parameters***
       Shear  Stretch  Stagger Buckle Prop-Tw Opening   Shift  Slide    Rise    Tilt    Roll   Twist
A-T     0.00    0.00    0.00    0.00    0.00    0.00    0.00    0.00    0.00    0.00    0.00    0.00
T-A     0.00    0.00    0.00    0.00    0.00    0.00   -1.03   -0.66    3.21   -2.07   -2.71   31.77
C-G     0.00    0.00    0.00    0.00    0.00    0.00    0.88   -0.33    3.03    3.61    5.36   35.71
A-T     0.00    0.00    0.00    0.00    0.00    0.00   -0.21    1.05    3.42   -2.53    1.80   36.63
A-T     0.00    0.00    0.00    0.00    0.00    0.00   -0.51   -0.09    3.28   -4.81    1.89   37.29
T-A     0.00    0.00    0.00    0.00    0.00    0.00    0.44   -0.58    3.02    7.62   -2.59   33.84
A-T     0.00    0.00    0.00    0.00    0.00    0.00    0.09   -0.11    3.53   -3.93   -4.02   40.46
T-A     0.00    0.00    0.00    0.00    0.00    0.00   -0.24   -1.18    3.32    4.17   -0.36   33.38
C-G     0.00    0.00    0.00    0.00    0.00    0.00    1.13    0.39    3.27    2.77   -3.00   34.48
C-G     0.00    0.00    0.00    0.00    0.00    0.00   -0.33   -0.33    3.22   -2.73   12.10   25.90
A-T     0.00    0.00    0.00    0.00    0.00    0.00   -1.16    0.83    3.42   -0.52    4.67   33.53
C-G     0.00    0.00    0.00    0.00    0.00    0.00    0.54   -1.11    3.29   -0.80    6.35   33.12
C-G     0.00    0.00    0.00    0.00    0.00    0.00    0.47   -0.17    3.49    0.59   13.55   30.63
T-A     0.00    0.00    0.00    0.00    0.00    0.00   -1.03    0.46    3.44   -4.74    5.50   32.72
G-C     0.00    0.00    0.00    0.00    0.00    0.00    0.47    0.89    3.36    2.84   -4.45   38.90
C-G     0.00    0.00    0.00    0.00    0.00    0.00   -0.23    0.42    3.43   -5.65    3.02   39.31
A-T     0.00    0.00    0.00    0.00    0.00    0.00    0.06    1.44    3.04    2.69  -20.30   40.28
G-C     0.00    0.00    0.00    0.00    0.00    0.00    0.41    0.18    3.56    2.75    1.71   36.80
A-T     0.00    0.00    0.00    0.00    0.00    0.00    0.11   -0.81    3.14    2.15   -7.10   36.55
T-A     0.00    0.00    0.00    0.00    0.00    0.00    0.17   -0.02    3.12    1.04   -3.16   35.85
T-A     0.00    0.00    0.00    0.00    0.00    0.00    0.07   -1.09    3.30    5.08    1.85   30.82
C-G     0.00    0.00    0.00    0.00    0.00    0.00   -0.37   -0.63    2.78    2.65   11.72   25.83
T-A     0.00    0.00    0.00    0.00    0.00    0.00   -0.28   -0.19    3.81    1.54   10.69   29.60
A-T     0.00    0.00    0.00    0.00    0.00    0.00    2.00    0.72    3.62    2.59   21.86   33.49
C-G     0.00    0.00    0.00    0.00    0.00    0.00   -1.33   -0.26    3.03  -13.55    5.07   30.49
C-G     0.00    0.00    0.00    0.00    0.00    0.00    0.67    0.00    2.59   15.59    5.61   30.55
A-T     0.00    0.00    0.00    0.00    0.00    0.00   -0.09    2.35    3.26   -6.09  -12.70   40.70
A-T     0.00    0.00    0.00    0.00    0.00    0.00    0.52    0.69    3.56    5.05    1.37   40.14
A-T     0.00    0.00    0.00    0.00    0.00    0.00    0.57   -0.44    3.29   -1.54   -7.56   39.49
A-T     0.00    0.00    0.00    0.00    0.00    0.00   -0.17   -0.40    3.35   -2.94    4.00   32.02
G-C     0.00    0.00    0.00    0.00    0.00    0.00    0.29   -0.41    3.43    2.23   -2.28   37.28
T-A     0.00    0.00    0.00    0.00    0.00    0.00   -0.48   -1.01    3.11    2.54    0.45   26.79
G-C     0.00    0.00    0.00    0.00    0.00    0.00    1.26    0.40    3.73    4.45   11.18   35.45
T-A     0.00    0.00    0.00    0.00    0.00    0.00   -1.39   -0.85    2.89   -3.59   17.78   22.75
A-T     0.00    0.00    0.00    0.00    0.00    0.00    0.16   -0.46    3.82   -4.80    0.67   43.14
T-A     0.00    0.00    0.00    0.00    0.00    0.00    0.46   -1.05    3.34    2.43    1.57   31.40
T-A     0.00    0.00    0.00    0.00    0.00    0.00    0.11   -0.44    3.14    1.70   -6.00   38.53
T-A     0.00    0.00    0.00    0.00    0.00    0.00    0.01   -0.08    3.45   -5.13    2.08   32.73
G-C     0.00    0.00    0.00    0.00    0.00    0.00   -0.90    1.98    3.26   -0.08  -19.13   46.14
G-C     0.00    0.00    0.00    0.00    0.00    0.00    1.00    1.27    3.42    7.36    4.25   30.69
A-T     0.00    0.00    0.00    0.00    0.00    0.00   -1.26    0.81    3.01  -11.71    1.13   36.17
A-T     0.00    0.00    0.00    0.00    0.00    0.00    0.30   -0.31    3.33   -2.15    5.38   33.77
A-T     0.00    0.00    0.00    0.00    0.00    0.00   -0.08    0.06    3.48   -0.49   12.81   32.35
C-G     0.00    0.00    0.00    0.00    0.00    0.00    0.21   -0.68    3.04    2.30   -0.01   32.03
T-A     0.00    0.00    0.00    0.00    0.00    0.00    1.23    0.16    3.22    2.86   10.30   34.62
G-C     0.00    0.00    0.00    0.00    0.00    0.00   -1.45    0.17    3.65   -6.27   11.69   35.80
C-G     0.00    0.00    0.00    0.00    0.00    0.00    0.46    1.13    3.64   -0.34  -11.99   47.15
T-A     0.00    0.00    0.00    0.00    0.00    0.00   -1.16   -0.05    2.68    1.02   -2.32   31.40
C-G     0.00    0.00    0.00    0.00    0.00    0.00    1.58    1.55    3.34    6.16   -8.57   42.01
C-G     0.00    0.00    0.00    0.00    0.00    0.00   -0.93    0.71    3.36   -3.16    3.68   37.27
A-T     0.00    0.00    0.00    0.00    0.00    0.00    0.42    0.72    3.44   -5.69   -2.16   40.12
T-A     0.00    0.00    0.00    0.00    0.00    0.00    0.66   -0.23    2.92    6.57   -0.30   30.10
C-G     0.00    0.00    0.00    0.00    0.00    0.00    0.39   -0.22    3.45    4.11    9.91   32.68
A-T     0.00    0.00    0.00    0.00    0.00    0.00   -0.46    0.25    4.24    2.57   20.27   34.36
A-T     0.00    0.00    0.00    0.00    0.00    0.00    0.59    0.84    2.93   -2.53    4.67   43.87
A-T     0.00    0.00    0.00    0.00    0.00    0.00   -0.96    0.13    3.11   -6.39   -2.49   34.03
A-T     0.00    0.00    0.00    0.00    0.00    0.00   -0.17   -0.63    3.47   -3.17   -1.77   36.49
G-C     0.00    0.00    0.00    0.00    0.00    0.00   -0.23    0.81    3.64   -2.92   -5.84   39.70
G-C     0.00    0.00    0.00    0.00    0.00    0.00   -1.00    0.16    3.26   -7.20  -28.54   30.87
C-G     0.00    0.00    0.00    0.00    0.00    0.00    1.51    0.12    4.44    1.70  -22.26   39.03
A-T     0.00    0.00    0.00    0.00    0.00    0.00   -0.23    0.60    3.36   13.16    9.57   41.49
T-A     0.00    0.00    0.00    0.00    0.00    0.00    0.42   -0.27    3.24   -1.42   14.14   23.30
G-C     0.00    0.00    0.00    0.00    0.00    0.00   -0.01    1.02    4.13   -1.51    9.87   39.90
T-A     0.00    0.00    0.00    0.00    0.00    0.00   -0.83   -0.54    3.41   -1.67    7.21   27.66
T-A     0.00    0.00    0.00    0.00    0.00    0.00    0.43    0.10    2.91    4.91    2.62   32.10
C-G     0.00    0.00    0.00    0.00    0.00    0.00    0.75    0.51    3.35    2.72    9.36   36.12
A-T     0.00    0.00    0.00    0.00    0.00    0.00   -0.67    1.84    3.54   -0.66   -8.00   45.83
G-C     0.00    0.00    0.00    0.00    0.00    0.00    0.70    0.70    3.60    3.67    0.61   30.91
C-G     0.00    0.00    0.00    0.00    0.00    0.00   -0.49    0.94    3.26   -5.51   -5.93   42.23
T-A     0.00    0.00    0.00    0.00    0.00    0.00    0.13    0.76    3.26    4.14   -0.90   35.71
G-C     0.00    0.00    0.00    0.00    0.00    0.00    0.84    1.07    3.26   -0.88    4.78   34.55
A-T     0.00    0.00    0.00    0.00    0.00    0.00   -0.68    0.24    3.24   -5.07    5.31   34.97
A-T     0.00    0.00    0.00    0.00    0.00    0.00   -0.20   -0.59    3.31    0.23    6.82   32.55
T-A     0.00    0.00    0.00    0.00    0.00    0.00    0.21   -0.44    3.32    0.58    6.33   30.47
T-A     0.00    0.00    0.00    0.00    0.00    0.00   -0.08   -0.59    3.21    3.03    9.37   32.73
C-G     0.00    0.00    0.00    0.00    0.00    0.00   -0.06    0.31    3.31    1.44    5.99   30.61
A-T     0.00    0.00    0.00    0.00    0.00    0.00   -0.56    1.86    3.31   -0.06   -1.47   42.44
G-C     0.00    0.00    0.00    0.00    0.00    0.00    0.87    0.53    3.44   -2.98   -1.76   35.19
C-G     0.00    0.00    0.00    0.00    0.00    0.00   -1.04    1.33    3.29   -1.41   -9.45   39.51
T-A     0.00    0.00    0.00    0.00    0.00    0.00    1.23    1.15    3.80    2.36   -3.02   42.12
G-C     0.00    0.00    0.00    0.00    0.00    0.00   -0.80    1.09    2.95   -2.59    5.13   34.54
A-T     0.00    0.00    0.00    0.00    0.00    0.00   -0.35    0.11    3.29   -1.32    4.60   33.03
A-T     0.00    0.00    0.00    0.00    0.00    0.00    0.25    0.04    3.42    0.94   10.90   33.34
C-G     0.00    0.00    0.00    0.00    0.00    0.00    0.31   -0.30    3.17    1.74    3.02   31.32
A-T     0.00    0.00    0.00    0.00    0.00    0.00   -0.50    0.25    3.76   -1.25   13.86   34.02
T-A     0.00    0.00    0.00    0.00    0.00    0.00    0.24   -0.20    3.05    2.30   -1.88   29.09
G-C     0.00    0.00    0.00    0.00    0.00    0.00    0.97    0.22    3.41   -0.61    9.58   35.15
C-G     0.00    0.00    0.00    0.00    0.00    0.00   -1.61    0.50    3.40   -2.76  -14.19   37.97
C-G     0.00    0.00    0.00    0.00    0.00    0.00    0.70    1.65    3.92    3.13   -9.37   46.40
T-A     0.00    0.00    0.00    0.00    0.00    0.00   -0.34    1.19    3.47   -0.02   -6.81   40.36
T-A     0.00    0.00    0.00    0.00    0.00    0.00    0.37    0.43    2.84   -1.97    2.34   32.62
T-A     0.00    0.00    0.00    0.00    0.00    0.00    0.32   -0.30    3.32    0.66   11.01   30.11
T-A     0.00    0.00    0.00    0.00    0.00    0.00   -0.20    0.47    3.53    1.67   12.98   33.88
G-C     0.00    0.00    0.00    0.00    0.00    0.00    0.10   -1.13    3.76    6.00   19.22   23.56
A-T     0.00    0.00    0.00    0.00    0.00    0.00    0.01   -0.19    3.02  -10.42   10.22   31.40
T-A     0.00    0.00    0.00    0.00    0.00    0.00   -0.15   -0.50    3.15   -0.64    1.40   26.73
G-C     0.00    0.00    0.00    0.00    0.00    0.00   -0.35    0.52    3.24   -0.39    0.73   37.58
G-C     0.00    0.00    0.00    0.00    0.00    0.00    0.96    0.64    3.43    8.00    0.69   34.89
A-T     0.00    0.00    0.00    0.00    0.00    0.00   -1.05    1.14    3.19   -8.64   -4.66   42.40
G-C     0.00    0.00    0.00    0.00    0.00    0.00    1.06    0.28    3.21   -0.76   -6.29   35.18
C-G     0.00    0.00    0.00    0.00    0.00    0.00   -0.46    0.39    3.34    1.45   -5.01   36.02
A-T     0.00    0.00    0.00    0.00    0.00    0.00    1.04    0.23    3.54    2.37    6.00   35.64
G-C     0.00    0.00    0.00    0.00    0.00    0.00   -1.30    0.06    3.63   -3.05    8.18   38.06
T-A     0.00    0.00    0.00    0.00    0.00    0.00   -0.89   -0.69    3.18   -0.72   14.57   28.96
T-A     0.00    0.00    0.00    0.00    0.00    0.00   -0.63   -0.15    3.27   -2.82    0.01   32.70
T-A     0.00    0.00    0.00    0.00    0.00    0.00    0.89    0.15    3.14    2.34    7.46   34.66
C-G     0.00    0.00    0.00    0.00    0.00    0.00    1.21    0.75    2.95    7.68    3.22   35.14
C-G     0.00    0.00    0.00    0.00    0.00    0.00   -1.17    1.33    3.52   -8.37    3.87   31.77
A-T     0.00    0.00    0.00    0.00    0.00    0.00    0.38    1.98    3.28    6.79  -17.90   46.98
A-T     0.00    0.00    0.00    0.00    0.00    0.00    0.11   -0.11    3.16   -2.29    3.62   32.94
A-T     0.00    0.00    0.00    0.00    0.00    0.00   -0.56   -0.52    3.57    0.55    2.78   37.75
T-A     0.00    0.00    0.00    0.00    0.00    0.00   -0.46   -0.65    3.20   -0.82   -3.86   30.58
A-T     0.00    0.00    0.00    0.00    0.00    0.00    0.37   -0.08    3.08  -10.24    2.69   39.24
C-G     0.00    0.00    0.00    0.00    0.00    0.00   -0.11   -1.24    3.14    1.55    5.41   21.21
A-T     0.00    0.00    0.00    0.00    0.00    0.00    0.23   -0.03    3.79    6.48    9.76   42.45
C-G     0.00    0.00    0.00    0.00    0.00    0.00    0.73   -0.60    3.37   -1.79    8.44   34.56
T-A     0.00    0.00    0.00    0.00    0.00    0.00   -0.53   -0.13    3.24    0.77    5.81   34.02
T-A     0.00    0.00    0.00    0.00    0.00    0.00    0.12    0.07    3.41   -4.20   -5.55   34.67
T-A     0.00    0.00    0.00    0.00    0.00    0.00   -0.78   -0.51    3.10    1.12    3.44   32.75
T-A     0.00    0.00    0.00    0.00    0.00    0.00   -0.40    0.62    3.47   -1.07   -8.56   42.27
G-C     0.00    0.00    0.00    0.00    0.00    0.00    0.03    2.22    3.31    0.77   -2.26   39.79
G-C     0.00    0.00    0.00    0.00    0.00    0.00   -0.59    0.37    2.70  -12.70    1.62   26.81
T-A     0.00    0.00    0.00    0.00    0.00    0.00    0.70   -0.43    3.15    5.05    6.28   31.19
A-T     0.00    0.00    0.00    0.00    0.00    0.00   -0.81    0.07    3.73    1.82   16.51   34.61
G-C     0.00    0.00    0.00    0.00    0.00    0.00    0.39    0.35    3.18    2.31    8.31   30.95
A-T     0.00    0.00    0.00    0.00    0.00    0.00   -0.45   -1.18    3.16   -6.54   16.61   22.97
A-T     0.00    0.00    0.00    0.00    0.00    0.00    0.98   -0.19    3.04   -6.62    0.70   38.05
T-A     0.00    0.00    0.00    0.00    0.00    0.00   -0.41   -1.19    3.28    0.12  -10.07   29.36
C-G     0.00    0.00    0.00    0.00    0.00    0.00    0.29   -0.62    3.57    2.67   -2.30   40.73
T-A     0.00    0.00    0.00    0.00    0.00    0.00   -0.82   -0.22    3.32   -4.16    3.25   32.76
G-C     0.00    0.00    0.00    0.00    0.00    0.00   -0.41    2.02    3.06    0.22  -14.98   44.65
C-G     0.00    0.00    0.00    0.00    0.00    0.00    0.34    0.84    2.97    5.52    4.05   31.96
A-T     0.00    0.00    0.00    0.00    0.00    0.00    0.28    2.32    3.48    0.97   -3.46   44.03
G-C     0.00    0.00    0.00    0.00    0.00    0.00    0.27    0.94    2.88   -6.19    8.42   28.86
G-C     0.00    0.00    0.00    0.00    0.00    0.00   -0.33   -0.35    3.49    1.08   16.06   32.32
T-A     0.00    0.00    0.00    0.00    0.00    0.00   -0.69   -0.74    3.44   -3.66    8.08   32.17
G-C     0.00    0.00    0.00    0.00    0.00    0.00    0.15    0.28    3.36    3.42    6.98   34.84
G-C     0.00    0.00    0.00    0.00    0.00    0.00    0.66    0.05    3.20   -1.26    7.88   27.35
A-T     0.00    0.00    0.00    0.00    0.00    0.00   -0.57   -0.18    3.17   -3.56    2.07   40.22
T-A     0.00    0.00    0.00    0.00    0.00    0.00   -0.08   -0.86    3.21   -0.27   -3.50   29.68
A-T     0.00    0.00    0.00    0.00    0.00    0.00   -0.31   -0.08    3.84    0.65   -0.71   41.51
T-A     0.00    0.00    0.00    0.00    0.00    0.00   -0.46   -0.47    2.91   -3.91   -6.38   31.84
T-A     0.00    0.00    0.00    0.00    0.00    0.00    0.63   -0.21    3.41    2.11    4.38   34.75
G-C     0.00    0.00    0.00    0.00    0.00    0.00   -0.16    0.26    3.33    5.63    1.58   38.38
A-T     0.00    0.00    0.00    0.00    0.00    0.00   -0.05   -0.18    3.26   -3.18    7.74   28.99
T-A     0.00    0.00    0.00    0.00    0.00    0.00    0.71   -0.75    3.23   -1.71    0.02   36.72
