 146 base-pairs
   0  ***local base-pair & step parameters***
       Shear  Stretch  Stagger Buckle Prop-Tw Opening   Shift  Slide    Rise    Tilt    Roll   Twist
A-T     0.00    0.00    0.00    0.00    0.00    0.00    0.00    0.00    0.00    0.00    0.00    0.00
T-A     0.00    0.00    0.00    0.00    0.00    0.00   -1.03   -0.84    3.30   -3.79    0.08   31.31
C-G     0.00    0.00    0.00    0.00    0.00    0.00    0.80   -0.01    2.91    5.27    1.55   36.63
A-T     0.00    0.00    0.00    0.00    0.00    0.00   -0.07    0.69    3.55   -3.67    5.66   35.52
A-T     0.00    0.00    0.00    0.00    0.00    0.00   -0.69    0.22    3.18   -4.56   -1.04   38.26
T-A     0.00    0.00    0.00    0.00    0.00    0.00    0.63   -0.76    3.06    8.38   -1.31   33.31
A-T     0.00    0.00    0.00    0.00    0.00    0.00   -0.06   -0.12    3.54   -5.55   -3.33   40.38
T-A     0.00    0.00    0.00    0.00    0.00    0.00   -0.17   -0.99    3.26    6.24   -2.80   34.06
C-G     0.00    0.00    0.00    0.00    0.00    0.00    1.16    0.06    3.36    0.79    0.55   33.40
C-G     0.00    0.00    0.00    0.00    0.00    0.00   -0.46    0.05    3.13   -1.39    8.34   27.08
A-T     0.00    0.00    0.00    0.00    0.00    0.00   -0.96    0.51    3.48   -0.84    7.68   32.60
C-G     0.00    0.00    0.00    0.00    0.00    0.00    0.30   -0.94    3.27   -1.64    4.82   33.51
C-G     0.00    0.00    0.00    0.00    0.00    0.00    0.68   -0.15    3.47    2.39   13.26   30.91
T-A     0.00    0.00    0.00    0.00    0.00    0.00   -1.17    0.26    3.49   -7.06    7.46   31.84
G-C     0.00    0.00    0.00    0.00    0.00    0.00    0.50    1.22    3.29    5.07   -7.52   40.14
C-G     0.00    0.00    0.00    0.00    0.00    0.00   -0.14    0.06    3.48   -7.19    6.39   38.06
A-T     0.00    0.00    0.00    0.00    0.00    0.00   -0.13    1.75    3.01    3.13  -23.10   41.18
G-C     0.00    0.00    0.00    0.00    0.00    0.00    0.67    0.02    3.56    3.55    3.27   36.52
A-T     0.00    0.00    0.00    0.00    0.00    0.00   -0.16   -0.83    3.18    0.31   -7.11   36.11
T-A     0.00    0.00    0.00    0.00    0.00    0.00    0.37    0.17    3.07    3.46   -4.62   36.90
T-A     0.00    0.00    0.00    0.00    0.00    0.00   -0.03   -1.40    3.34    2.72    4.30   29.45
C-G     0.00    0.00    0.00    0.00    0.00    0.00   -0.40   -0.28    2.76    4.34    8.98   27.15
T-A     0.00    0.00    0.00    0.00    0.00    0.00   -0.12   -0.47    3.80    0.96   13.01   28.71
A-T     0.00    0.00    0.00    0.00    0.00    0.00    1.75    0.86    3.66    1.90   20.52   33.69
C-G     0.00    0.00    0.00    0.00    0.00    0.00   -1.05   -0.23    2.98  -11.78    5.17   31.05
C-G     0.00    0.00    0.00    0.00    0.00    0.00    0.43   -0.19    2.64   13.21    6.64   29.38
A-T     0.00    0.00    0.00    0.00    0.00    0.00    0.07    2.64    3.24   -3.72  -14.48   42.17
A-T     0.00    0.00    0.00    0.00    0.00    0.00    0.49    0.38    3.55    3.31    3.34   38.78
A-T     0.00    0.00    0.00    0.00    0.00    0.00    0.47   -0.20    3.34   -0.87   -9.17   40.36
A-T     0.00    0.00    0.00    0.00    0.00    0.00    0.04   -0.51    3.27   -2.40    4.86   31.88
G-C     0.00    0.00    0.00    0.00    0.00    0.00    0.02   -0.46    3.52    0.63   -2.25   36.64
T-A     0.00    0.00    0.00    0.00    0.00    0.00   -0.22   -0.82    3.05    4.74   -0.33   28.04
G-C     0.00    0.00    0.00    0.00    0.00    0.00    1.06    0.13    3.75    2.23   12.36   33.93
T-A     0.00    0.00    0.00    0.00    0.00    0.00   -1.30   -0.58    2.92   -1.93   16.64   24.13
A-T     0.00    0.00    0.00    0.00    0.00    0.00    0.20   -0.65    3.73   -5.50    1.42   42.29
T-A     0.00    0.00    0.00    0.00    0.00    0.00    0.31   -0.99    3.46    2.01    1.42   31.49
T-A     0.00    0.00    0.00    0.00    0.00    0.00    0.34   -0.36    3.02    3.07   -6.41   39.23
T-A     0.00    0.00    0.00    0.00    0.00    0.00   -0.23   -0.28    3.53   -7.05    2.82   31.45
G-C     0.00    0.00    0.00    0.00    0.00    0.00   -0.69    2.24    3.23    1.86  -19.86   47.66
G-C     0.00    0.00    0.00    0.00    0.00    0.00    0.87    1.04    3.37    5.91    4.64   29.35
A-T     0.00    0.00    0.00    0.00    0.00    0.00   -1.23    0.94    3.12  -11.12    1.28   36.96
A-T     0.00    0.00    0.00    0.00    0.00    0.00    0.37   -0.31    3.18   -1.79    4.69   33.74
A-T     0.00    0.00    0.00    0.00    0.00    0.00   -0.24   -0.07    3.62   -1.65   13.81   31.62
C-G     0.00    0.00    0.00    0.00    0.00    0.00    0.40   -0.47    2.93    3.89   -0.95   33.30
T-A     0.00    0.00    0.00    0.00    0.00    0.00    1.03   -0.07    3.26    1.31   10.81   33.15
G-C     0.00    0.00    0.00    0.00    0.00    0.00   -1.30    0.36    3.69   -5.18   11.90   37.05
C-G     0.00    0.00    0.00    0.00    0.00    0.00    0.39    1.06    3.52   -0.71  -12.98   46.45
T-A     0.00    0.00    0.00    0.00    0.00    0.00   -1.17   -0.11    2.85    0.62   -0.76   31.36
C-G     0.00    0.00    0.00    0.00    0.00    0.00    1.66    1.72    3.16    7.16  -10.29   42.76
C-G     0.00    0.00    0.00    0.00    0.00    0.00   -1.06    0.48    3.49   -4.41    5.05   36.03
A-T     0.00    0.00    0.00    0.00    0.00    0.00    0.57    0.95    3.38   -4.58   -2.68   41.49
T-A     0.00    0.00    0.00    0.00    0.00    0.00    0.52   -0.38    2.89    5.92   -0.88   28.98
C-G     0.00    0.00    0.00    0.00    0.00    0.00    0.49   -0.20    3.57    4.13   11.57   33.23
A-T     0.00    0.00    0.00    0.00    0.00    0.00   -0.51    0.37    4.07    3.13   17.90   34.51
A-T     0.00    0.00    0.00    0.00    0.00    0.00    0.59    0.61    3.12   -3.46    7.15   43.09
A-T     0.00    0.00    0.00    0.00    0.00    0.00   -0.91    0.40    2.97   -5.42   -4.41   35.22
A-T     0.00    0.00    0.00    0.00    0.00    0.00   -0.25   -0.86    3.55   -3.84   -1.01   35.24
G-C     0.00    0.00    0.00    0.00    0.00    0.00   -0.14    0.93    3.65   -2.77   -5.15   40.64
G-C     0.00    0.00    0.00    0.00    0.00    0.00   -1.09    0.19    3.16   -6.80  -30.62   30.48
C-G     0.00    0.00    0.00    0.00    0.00    0.00    1.59   -0.05    4.61    0.87  -19.27   38.76
A-T     0.00    0.00    0.00    0.00    0.00    0.00   -0.29    0.87    3.18   14.12    6.39   42.32
T-A     0.00    0.00    0.00    0.00    0.00    0.00    0.45   -0.56    3.40   -2.18   16.66   22.16
G-C     0.00    0.00    0.00    0.00    0.00    0.00   -0.01    1.25    4.04   -1.23    8.72   41.01
T-A     0.00    0.00    0.00    0.00    0.00    0.00   -0.86   -0.64    3.41   -1.34    6.63   26.91
T-A     0.00    0.00    0.00    0.00    0.00    0.00    0.49    0.04    3.00    4.03    4.86   32.28
C-G     0.00    0.00    0.00    0.00    0.00    0.00    0.67    0.72    3.20    3.89    5.98   36.56
A-T     0.00    0.00    0.00    0.00    0.00    0.00   -0.56    1.52    3.71   -1.76   -4.32   44.93
G-C     0.00    0.00    0.00    0.00    0.00    0.00    0.60    1.03    3.45    4.33   -2.44   32.01
C-G     0.00    0.00    0.00    0.00    0.00    0.00   -0.40    0.69    3.35   -5.49   -4.32   41.27
T-A     0.00    0.00    0.00    0.00    0.00    0.00    0.08    0.85    3.25    3.37   -0.63   36.25
G-C     0.00    0.00    0.00    0.00    0.00    0.00    0.84    1.16    3.19    0.46    2.64   34.61
A-T     0.00    0.00    0.00    0.00    0.00    0.00   -0.62   -0.01    3.36   -6.63    8.78   34.35
A-T     0.00    0.00    0.00    0.00    0.00    0.00   -0.32   -0.25    3.16    1.55    2.88   33.55
T-A     0.00    0.00    0.00    0.00    0.00    0.00    0.36   -0.78    3.45   -0.10    9.74   29.39
T-A     0.00    0.00    0.00    0.00    0.00    0.00   -0.24   -0.33    3.13    2.82    7.35   33.56
C-G     0.00    0.00    0.00    0.00    0.00    0.00    0.08    0.22    3.33    2.54    6.10   30.28
A-T     0.00    0.00    0.00    0.00    0.00    0.00   -0.64    1.76    3.36   -1.80    0.35   42.16
G-C     0.00    0.00    0.00    0.00    0.00    0.00    0.86    0.79    3.34   -1.05   -5.04   36.01
C-G     0.00    0.00    0.00    0.00    0.00    0.00   -0.94    0.97    3.40   -3.00   -5.54   38.40
T-A     0.00    0.00    0.00    0.00    0.00    0.00    1.06    1.51    3.70    3.14   -6.55   43.21
G-C     0.00    0.00    0.00    0.00    0.00    0.00   -0.59    0.83    3.01   -2.32    7.41   33.81
A-T     0.00    0.00    0.00    0.00    0.00    0.00   -0.55    0.19    3.28   -2.63    4.12   33.17
A-T     0.00    0.00    0.00    0.00    0.00    0.00    0.40    0.15    3.39    2.97    9.50   33.84
C-G     0.00    0.00    0.00    0.00    0.00    0.00    0.26   -0.57    3.24   -0.50    5.89   30.31
A-T     0.00    0.00    0.00    0.00    0.00    0.00   -0.56    0.61    3.69    0.60   10.27   35.26
T-A     0.00    0.00    0.00    0.00    0.00    0.00    0.40   -0.56    3.12    1.36    1.50   27.98
G-C     0.00    0.00    0.00    0.00    0.00    0.00    0.74    0.47    3.38   -0.84    7.25   35.79
C-G     0.00    0.00    0.00    0.00    0.00    0.00   -1.35    0.42    3.39   -1.38  -13.45   37.98
C-G     0.00    0.00    0.00    0.00    0.00    0.00    0.48    1.54    3.96    0.94   -8.42   45.71
T-A     0.00    0.00    0.00    0.00    0.00    0.00   -0.22    1.46    3.42    2.41   -9.14   41.54
T-A     0.00    0.00    0.00    0.00    0.00    0.00    0.37    0.08    2.89   -4.01    5.37   31.27
T-A     0.00    0.00    0.00    0.00    0.00    0.00    0.20    0.03    3.29    1.77    8.08   31.25
T-A     0.00    0.00    0.00    0.00    0.00    0.00    0.03    0.24    3.52    1.79   15.08   33.29
G-C     0.00    0.00    0.00    0.00    0.00    0.00   -0.17   -1.06    3.79    4.67   18.43   23.43
A-T     0.00    0.00    0.00    0.00    0.00    0.00    0.27   -0.08    2.98   -8.23    9.61   32.24
T-A     0.00    0.00    0.00    0.00    0.00    0.00   -0.33   -0.76    3.19   -3.12    3.14   25.42
G-C     0.00    0.00    0.00    0.00    0.00    0.00   -0.28    0.85    3.22    1.74   -1.60   39.02
G-C     0.00    0.00    0.00    0.00    0.00    0.00    1.03    0.33    3.41    6.77    2.94   33.73
A-T     0.00    0.00    0.00    0.00    0.00    0.00   -1.24    1.33    3.24   -8.63   -6.27   42.95
G-C     0.00    0.00    0.00    0.00    0.00    0.00    1.32    0.24    3.14    0.43   -5.69   35.41
C-G     0.00    0.00    0.00    0.00    0.00    0.00   -0.73    0.27    3.40   -0.62   -4.57   35.08
A-T     0.00    0.00    0.00    0.00    0.00    0.00    1.26    0.48    3.50    4.76    4.78   37.05
G-C     0.00    0.00    0.00    0.00    0.00    0.00   -1.43   -0.23    3.63   -5.13    9.75   36.57
T-A     0.00    0.00    0.00    0.00    0.00    0.00   -0.89   -0.42    3.23    0.52   13.14   30.12
T-A     0.00    0.00    0.00    0.00    0.00    0.00   -0.50   -0.30    3.18   -2.93    0.89   32.19
T-A     0.00    0.00    0.00    0.00    0.00    0.00    0.66    0.16    3.25    1.32    7.30   34.37
C-G     0.00    0.00    0.00    0.00    0.00    0.00    1.47    0.88    2.85    9.53    2.73   36.15
C-G     0.00    0.00    0.00    0.00    0.00    0.00   -1.41    1.10    3.57  -10.52    4.75   30.32
A-T     0.00    0.00    0.00    0.00    0.00    0.00    0.55    2.25    3.29    8.68  -18.78   48.48
A-T     0.00    0.00    0.00    0.00    0.00    0.00    0.05   -0.33    3.09   -3.44    4.17   31.81
A-T     0.00    0.00    0.00    0.00    0.00    0.00   -0.62   -0.42    3.69    0.69    2.77   38.20
T-A     0.00    0.00    0.00    0.00    0.00    0.00   -0.30   -0.61    3.06    0.04   -4.36   30.92
A-T     0.00    0.00    0.00    0.00    0.00    0.00    0.16   -0.24    3.20  -11.81    3.48   38.21
C-G     0.00    0.00    0.00    0.00    0.00    0.00    0.11   -1.01    3.08    3.38    4.66   22.65
A-T     0.00    0.00    0.00    0.00    0.00    0.00    0.05   -0.27    3.79    4.91   10.12   41.00
C-G     0.00    0.00    0.00    0.00    0.00    0.00    0.83   -0.44    3.45   -0.88    8.69   35.62
T-A     0.00    0.00    0.00    0.00    0.00    0.00   -0.53   -0.17    3.10    0.71    4.92   33.63
T-A     0.00    0.00    0.00    0.00    0.00    0.00    0.03   -0.02    3.58   -4.96   -4.26   34.28
T-A     0.00    0.00    0.00    0.00    0.00    0.00   -0.63   -0.31    2.96    2.41    2.14   33.78
T-A     0.00    0.00    0.00    0.00    0.00    0.00   -0.58    0.39    3.56   -2.50   -7.70   40.88
G-C     0.00    0.00    0.00    0.00    0.00    0.00    0.20    2.42    3.30    1.92   -2.31   41.15
G-C     0.00    0.00    0.00    0.00    0.00    0.00   -0.71    0.26    2.61  -13.26    0.72   25.87
T-A     0.00    0.00    0.00    0.00    0.00    0.00    0.76   -0.45    3.30    4.90    8.00   31.47
A-T     0.00    0.00    0.00    0.00    0.00    0.00   -0.79    0.22    3.55    2.56   14.39   35.06
G-C     0.00    0.00    0.00    0.00    0.00    0.00    0.32    0.11    3.35    1.24   10.25   29.93
A-T     0.00    0.00    0.00    0.00    0.00    0.00   -0.34   -0.93    3.05   -5.51   15.43   24.28
A-T     0.00    0.00    0.00    0.00    0.00    0.00    0.86   -0.38    3.06   -7.30    0.69   36.83
T-A     0.00    0.00    0.00    0.00    0.00    0.00   -0.30   -1.13    3.35    0.23   -8.76   30.14
C-G     0.00    0.00    0.00    0.00    0.00    0.00    0.20   -0.54    3.42    3.12   -4.68   40.59
T-A     0.00    0.00    0.00    0.00    0.00    0.00   -0.77   -0.42    3.50   -5.01    6.13   32.23
G-C     0.00    0.00    0.00    0.00    0.00    0.00   -0.43    2.29    2.88    1.15  -17.60   45.67
C-G     0.00    0.00    0.00    0.00    0.00    0.00    0.32    0.58    3.09    4.83    5.69   30.75
A-T     0.00    0.00    0.00    0.00    0.00    0.00    0.33    2.50    3.44    1.16   -3.62   45.08
G-C     0.00    0.00    0.00    0.00    0.00    0.00    0.20    0.91    2.83   -5.81    6.95   28.27
G-C     0.00    0.00    0.00    0.00    0.00    0.00   -0.25   -0.47    3.63    0.23   18.85   32.28
T-A     0.00    0.00    0.00    0.00    0.00    0.00   -0.78   -0.49    3.26   -2.61    4.63   32.80
G-C     0.00    0.00    0.00    0.00    0.00    0.00    0.23   -0.03    3.53    2.52   10.22   33.81
G-C     0.00    0.00    0.00    0.00    0.00    0.00    0.60    0.34    3.07   -0.83    5.72   28.47
A-T     0.00    0.00    0.00    0.00    0.00    0.00   -0.54   -0.36    3.22   -3.34    2.56   39.35
T-A     0.00    0.00    0.00    0.00    0.00    0.00   -0.07   -0.85    3.25   -1.14   -2.13   30.04
A-T     0.00    0.00    0.00    0.00    0.00    0.00   -0.36    0.08    3.73    1.94   -3.64   41.76
T-A     0.00    0.00    0.00    0.00    0.00    0.00   -0.36   -0.76    3.07   -5.25   -2.61   31.08
T-A     0.00    0.00    0.00    0.00    0.00    0.00    0.51    0.14    3.26    3.09    0.71   35.81
G-C     0.00    0.00    0.00    0.00    0.00    0.00   -0.03   -0.05    3.45    5.35    4.21   37.35
A-T     0.00    0.00    0.00    0.00    0.00    0.00   -0.16    0.00    3.20   -3.74    6.84   29.68
T-A     0.00    0.00    0.00    0.00    0.00    0.00    0.78   -0.75    3.21   -0.42   -1.06   36.58
