 146 base-pairs
   0  ***local base-pair & step parameters***
       Shear  Stretch  Stagger Buckle Prop-Tw Opening   Shift  Slide    Rise    Tilt    Roll   Twist
A-T     0.00    0.00    0.00    0.00    0.00    0.00    0.00    0.00    0.00    0.00    0.00    0.00
T-A     0.00    0.00    0.00    0.00    0.00    0.00   -1.21   -0.79    3.30   -3.78   -0.69   30.80
C-G     0.00    0.00    0.00    0.00    0.00    0.00    1.04   -0.07    2.93    5.59    2.80   37.13
A-T     0.00    0.00    0.00    0.00    0.00    0.00   -0.32    0.75    3.50   -4.30    4.24   35.05
A-T     0.00    0.00    0.00    0.00    0.00    0.00   -0.46    0.17    3.25   -3.70    0.22   38.66
T-A     0.00    0.00    0.00    0.00    0.00    0.00    0.44   -0.73    2.99    7.41   -2.16   33.03
A-T     0.00    0.00    0.00    0.00    0.00    0.00    0.05   -0.12    3.61   -4.64   -3.05   40.51
T-A     0.00    0.00    0.00    0.00    0.00    0.00   -0.18   -1.00    3.21    5.54   -2.51   34.13
C-G     0.00    0.00    0.00    0.00    0.00    0.00    1.09    0.09    3.37    1.17   -0.19   33.13
C-G     0.00    0.00    0.00    0.00    0.00    0.00   -0.33    0.02    3.15   -1.40    9.28   27.54
A-T     0.00    0.00    0.00    0.00    0.00    0.00   -1.12    0.52    3.43   -1.19    6.85   31.99
C-G     0.00    0.00    0.00    0.00    0.00    0.00    0.46   -0.93    3.35   -1.01    5.22   34.25
C-G     0.00    0.00    0.00    0.00    0.00    0.00    0.56   -0.20    3.38    1.62   13.53   30.09
T-A     0.00    0.00    0.00    0.00    0.00    0.00   -1.11    0.34    3.57   -6.30    6.38   32.69
G-C     0.00    0.00    0.00    0.00    0.00    0.00    0.51    1.10    3.22    4.47   -5.63   39.29
C-G     0.00    0.00    0.00    0.00    0.00    0.00   -0.23    0.19    3.53   -6.87    3.84   38.89
A-T     0.00    0.00    0.00    0.00    0.00    0.00    0.00    1.60    3.00    3.13  -20.17   40.36
G-C     0.00    0.00    0.00    0.00    0.00    0.00    0.53    0.16    3.55    3.25    0.27   37.36
A-T     0.00    0.00    0.00    0.00    0.00    0.00   -0.04   -0.96    3.20    0.81   -4.35   35.22
T-A     0.00    0.00    0.00    0.00    0.00    0.00    0.31    0.27    3.04    2.88   -6.86   37.88
T-A     0.00    0.00    0.00    0.00    0.00    0.00   -0.05   -1.47    3.36    3.21    5.91   28.33
C-G     0.00    0.00    0.00    0.00    0.00    0.00   -0.29   -0.23    2.77    4.07    7.99   28.42
T-A     0.00    0.00    0.00    0.00    0.00    0.00   -0.32   -0.51    3.76    0.89   13.51   27.29
A-T     0.00    0.00    0.00    0.00    0.00    0.00    2.00    0.89    3.73    2.34   20.24   35.24
C-G     0.00    0.00    0.00    0.00    0.00    0.00   -1.32   -0.27    2.88  -12.56    5.55   29.40
C-G     0.00    0.00    0.00    0.00    0.00    0.00    0.68   -0.13    2.76   14.23    5.87   31.08
A-T     0.00    0.00    0.00    0.00    0.00    0.00   -0.14    2.55    3.12   -4.84  -13.09   40.47
A-T     0.00    0.00    0.00    0.00    0.00    0.00    0.62    0.50    3.66    4.38    1.22   40.43
A-T     0.00    0.00    0.00    0.00    0.00    0.00    0.41   -0.35    3.25   -1.73   -6.36   38.78
A-T     0.00    0.00    0.00    0.00    0.00    0.00    0.03   -0.34    3.34   -1.83    1.53   33.37
G-C     0.00    0.00    0.00    0.00    0.00    0.00    0.07   -0.63    3.48    0.40    1.30   35.23
T-A     0.00    0.00    0.00    0.00    0.00    0.00   -0.28   -0.66    3.06    4.67   -3.78   29.39
G-C     0.00    0.00    0.00    0.00    0.00    0.00    1.10    0.00    3.76    2.50   15.39   32.60
T-A     0.00    0.00    0.00    0.00    0.00    0.00   -1.28   -0.48    2.90   -2.27   14.25   25.47
A-T     0.00    0.00    0.00    0.00    0.00    0.00    0.09   -0.71    3.74   -5.25    3.05   40.90
T-A     0.00    0.00    0.00    0.00    0.00    0.00    0.50   -0.95    3.47    1.99    0.51   32.95
T-A     0.00    0.00    0.00    0.00    0.00    0.00    0.08   -0.38    2.98    2.77   -6.05   37.71
T-A     0.00    0.00    0.00    0.00    0.00    0.00    0.07   -0.27    3.61   -6.40    2.74   33.01
G-C     0.00    0.00    0.00    0.00    0.00    0.00   -1.00    2.21    3.13    0.90  -19.74   46.10
G-C     0.00    0.00    0.00    0.00    0.00    0.00    1.14    1.09    3.49    7.07    4.18   30.87
A-T     0.00    0.00    0.00    0.00    0.00    0.00   -1.45    0.87    3.01  -12.32    2.29   35.54
A-T     0.00    0.00    0.00    0.00    0.00    0.00    0.51   -0.21    3.28   -0.70    3.05   35.02
A-T     0.00    0.00    0.00    0.00    0.00    0.00   -0.29   -0.18    3.55   -2.49   16.01   30.51
C-G     0.00    0.00    0.00    0.00    0.00    0.00    0.39   -0.35    2.97    4.39   -3.52   34.25
T-A     0.00    0.00    0.00    0.00    0.00    0.00    1.10   -0.19    3.26    1.16   13.44   32.37
G-C     0.00    0.00    0.00    0.00    0.00    0.00   -1.37    0.45    3.67   -5.35    9.52   37.71
C-G     0.00    0.00    0.00    0.00    0.00    0.00    0.44    0.99    3.56   -0.34  -11.16   45.89
T-A     0.00    0.00    0.00    0.00    0.00    0.00   -1.16   -0.08    2.81    0.19   -1.82   31.87
C-G     0.00    0.00    0.00    0.00    0.00    0.00    1.58    1.73    3.20    7.49  -10.08   42.26
C-G     0.00    0.00    0.00    0.00    0.00    0.00   -0.90    0.44    3.48   -4.51    5.60   36.54
A-T     0.00    0.00    0.00    0.00    0.00    0.00    0.35    1.01    3.36   -4.79   -3.81   40.99
T-A     0.00    0.00    0.00    0.00    0.00    0.00    0.77   -0.45    2.93    6.44    0.51   29.46
C-G     0.00    0.00    0.00    0.00    0.00    0.00    0.24   -0.15    3.50    3.34   10.22   32.81
A-T     0.00    0.00    0.00    0.00    0.00    0.00   -0.30    0.33    4.14    4.07   18.91   34.83
A-T     0.00    0.00    0.00    0.00    0.00    0.00    0.46    0.63    3.05   -4.40    6.67   42.91
A-T     0.00    0.00    0.00    0.00    0.00    0.00   -0.87    0.40    3.02   -4.64   -4.51   35.22
A-T     0.00    0.00    0.00    0.00    0.00    0.00   -0.21   -0.89    3.53   -4.33   -0.39   35.44
G-C     0.00    0.00    0.00    0.00    0.00    0.00   -0.25    0.96    3.64   -2.63   -6.05   40.25
G-C     0.00    0.00    0.00    0.00    0.00    0.00   -0.93    0.16    3.20   -6.56  -29.72   31.05
C-G     0.00    0.00    0.00    0.00    0.00    0.00    1.42   -0.05    4.53    0.32  -19.84   38.05
A-T     0.00    0.00    0.00    0.00    0.00    0.00   -0.15    0.91    3.27   14.86    6.37   43.11
T-A     0.00    0.00    0.00    0.00    0.00    0.00    0.38   -0.63    3.31   -2.96   17.47   21.32
G-C     0.00    0.00    0.00    0.00    0.00    0.00   -0.01    1.36    4.12   -0.57    7.09   41.86
T-A     0.00    0.00    0.00    0.00    0.00    0.00   -0.79   -0.77    3.35   -1.76    8.98   26.08
T-A     0.00    0.00    0.00    0.00    0.00    0.00    0.37    0.19    3.02    4.13    2.02   33.11
C-G     0.00    0.00    0.00    0.00    0.00    0.00    0.81    0.58    3.20    4.10    9.00   35.72
A-T     0.00    0.00    0.00    0.00    0.00    0.00   -0.70    1.66    3.69   -2.21   -7.19   45.80
G-C     0.00    0.00    0.00    0.00    0.00    0.00    0.68    0.92    3.48    4.90    0.00   31.06
C-G     0.00    0.00    0.00    0.00    0.00    0.00   -0.41    0.77    3.32   -6.03   -6.15   42.34
T-A     0.00    0.00    0.00    0.00    0.00    0.00   -0.01    0.79    3.25    3.72    0.56   35.03
G-C     0.00    0.00    0.00    0.00    0.00    0.00    1.00    1.20    3.22    0.41    2.01   35.97
A-T     0.00    0.00    0.00    0.00    0.00    0.00   -0.85   -0.04    3.30   -6.94    9.10   32.84
A-T     0.00    0.00    0.00    0.00    0.00    0.00   -0.05   -0.21    3.25    2.22    2.57   35.17
T-A     0.00    0.00    0.00    0.00    0.00    0.00    0.10   -0.84    3.34   -1.05   10.35   27.70
T-A     0.00    0.00    0.00    0.00    0.00    0.00   -0.01   -0.25    3.25    3.92    6.18   35.27
C-G     0.00    0.00    0.00    0.00    0.00    0.00   -0.08    0.11    3.21    1.44    7.98   28.60
A-T     0.00    0.00    0.00    0.00    0.00    0.00   -0.55    1.90    3.46   -0.85   -2.25   43.76
G-C     0.00    0.00    0.00    0.00    0.00    0.00    0.85    0.63    3.26   -1.72   -1.86   34.48
C-G     0.00    0.00    0.00    0.00    0.00    0.00   -0.98    1.14    3.45   -2.66   -9.05   39.83
T-A     0.00    0.00    0.00    0.00    0.00    0.00    1.12    1.35    3.68    3.13   -3.03   41.84
G-C     0.00    0.00    0.00    0.00    0.00    0.00   -0.64    0.97    3.01   -2.55    4.21   35.14
A-T     0.00    0.00    0.00    0.00    0.00    0.00   -0.55    0.08    3.30   -2.29    6.74   31.83
A-T     0.00    0.00    0.00    0.00    0.00    0.00    0.47    0.23    3.37    2.68    7.62   35.21
C-G     0.00    0.00    0.00    0.00    0.00    0.00    0.10   -0.62    3.24   -0.39    7.02   28.88
A-T     0.00    0.00    0.00    0.00    0.00    0.00   -0.32    0.64    3.72    0.79    9.76   36.75
T-A     0.00    0.00    0.00    0.00    0.00    0.00    0.11   -0.58    3.05    0.82    1.64   26.44
G-C     0.00    0.00    0.00    0.00    0.00    0.00    1.05    0.49    3.47    0.02    7.17   37.36
C-G     0.00    0.00    0.00    0.00    0.00    0.00   -1.65    0.38    3.28   -2.49  -13.13   36.44
C-G     0.00    0.00    0.00    0.00    0.00    0.00    0.72    1.60    4.08    2.14   -9.23   47.17
T-A     0.00    0.00    0.00    0.00    0.00    0.00   -0.38    1.37    3.32    1.27   -7.71   40.20
T-A     0.00    0.00    0.00    0.00    0.00    0.00    0.45    0.19    2.97   -3.07    3.35   32.45
T-A     0.00    0.00    0.00    0.00    0.00    0.00    0.19   -0.09    3.24    1.15   10.55   30.24
T-A     0.00    0.00    0.00    0.00    0.00    0.00   -0.03    0.36    3.54    2.05   12.43   34.13
G-C     0.00    0.00    0.00    0.00    0.00    0.00   -0.10   -1.16    3.81    4.74   20.93   22.73
A-T     0.00    0.00    0.00    0.00    0.00    0.00    0.21    0.00    2.94   -8.55    7.58   32.83
T-A     0.00    0.00    0.00    0.00    0.00    0.00   -0.32   -0.80    3.23   -2.69    4.47   24.89
G-C     0.00    0.00    0.00    0.00    0.00    0.00   -0.23    0.85    3.18    1.36   -2.09   39.52
G-C     0.00    0.00    0.00    0.00    0.00    0.00    0.89    0.36    3.43    6.96    2.63   33.23
A-T     0.00    0.00    0.00    0.00    0.00    0.00   -1.04    1.28    3.25   -8.54   -5.31   43.45
G-C     0.00    0.00    0.00    0.00    0.00    0.00    1.07    0.31    3.11    0.01   -7.03   34.92
C-G     0.00    0.00    0.00    0.00    0.00    0.00   -0.48    0.21    3.46    0.10   -3.17   35.52
A-T     0.00    0.00    0.00    0.00    0.00    0.00    1.04    0.52    3.42    3.85    3.62   36.69
G-C     0.00    0.00    0.00    0.00    0.00    0.00   -1.27   -0.26    3.70   -4.17   10.43   36.80
T-A     0.00    0.00    0.00    0.00    0.00    0.00   -0.97   -0.43    3.17   -0.33   13.06   30.06
T-A     0.00    0.00    0.00    0.00    0.00    0.00   -0.51   -0.28    3.22   -2.33    0.43   32.06
T-A     0.00    0.00    0.00    0.00    0.00    0.00    0.76    0.13    3.25    1.06    8.13   34.70
C-G     0.00    0.00    0.00    0.00    0.00    0.00    1.32    0.91    2.82    9.41    1.79   35.63
C-G     0.00    0.00    0.00    0.00    0.00    0.00   -1.25    1.09    3.64  -10.07    5.47   30.99
A-T     0.00    0.00    0.00    0.00    0.00    0.00    0.40    2.23    3.20    7.99  -18.98   47.71
A-T     0.00    0.00    0.00    0.00    0.00    0.00    0.15   -0.27    3.18   -2.66    3.63   32.64
A-T     0.00    0.00    0.00    0.00    0.00    0.00   -0.65   -0.52    3.60   -0.03    4.13   37.35
T-A     0.00    0.00    0.00    0.00    0.00    0.00   -0.34   -0.49    3.13    0.55   -6.49   31.77
A-T     0.00    0.00    0.00    0.00    0.00    0.00    0.26   -0.39    3.17  -12.02    6.19   37.38
C-G     0.00    0.00    0.00    0.00    0.00    0.00   -0.03   -0.86    3.08    3.27    1.67   23.48
A-T     0.00    0.00    0.00    0.00    0.00    0.00    0.19   -0.40    3.80    5.29   13.07   40.14
C-G     0.00    0.00    0.00    0.00    0.00    0.00    0.73   -0.32    3.42   -1.42    6.09   36.54
T-A     0.00    0.00    0.00    0.00    0.00    0.00   -0.50   -0.26    3.13    1.28    6.97   32.60
T-A     0.00    0.00    0.00    0.00    0.00    0.00    0.08    0.04    3.56   -5.39   -5.65   35.45
T-A     0.00    0.00    0.00    0.00    0.00    0.00   -0.77   -0.36    2.94    2.58    2.94   32.47
T-A     0.00    0.00    0.00    0.00    0.00    0.00   -0.36    0.42    3.61   -2.31   -8.10   42.34
G-C     0.00    0.00    0.00    0.00    0.00    0.00   -0.06    2.39    3.22    1.36   -2.03   39.56
G-C     0.00    0.00    0.00    0.00    0.00    0.00   -0.44    0.31    2.72  -12.39    0.24   27.54
T-A     0.00    0.00    0.00    0.00    0.00    0.00    0.51   -0.52    3.18    3.83    8.96   29.77
A-T     0.00    0.00    0.00    0.00    0.00    0.00   -0.61    0.32    3.67    3.69   12.76   36.75
G-C     0.00    0.00    0.00    0.00    0.00    0.00    0.21   -0.02    3.24    0.23   12.61   28.29
A-T     0.00    0.00    0.00    0.00    0.00    0.00   -0.31   -0.77    3.14   -4.73   12.42   25.83
A-T     0.00    0.00    0.00    0.00    0.00    0.00    0.89   -0.55    3.00   -7.75    4.12   35.37
T-A     0.00    0.00    0.00    0.00    0.00    0.00   -0.36   -0.96    3.38    0.35  -12.31   31.53
C-G     0.00    0.00    0.00    0.00    0.00    0.00    0.26   -0.69    3.42    3.28   -1.34   39.26
T-A     0.00    0.00    0.00    0.00    0.00    0.00   -0.79   -0.30    3.48   -5.32    3.29   33.56
G-C     0.00    0.00    0.00    0.00    0.00    0.00   -0.47    2.20    2.90    1.47  -15.46   44.32
C-G     0.00    0.00    0.00    0.00    0.00    0.00    0.45    0.63    3.09    4.65    4.32   32.16
A-T     0.00    0.00    0.00    0.00    0.00    0.00    0.12    2.47    3.42    1.08   -2.92   43.60
G-C     0.00    0.00    0.00    0.00    0.00    0.00    0.48    0.93    2.88   -5.39    6.72   29.81
G-C     0.00    0.00    0.00    0.00    0.00    0.00   -0.56   -0.49    3.54   -0.53   18.91   30.72
T-A     0.00    0.00    0.00    0.00    0.00    0.00   -0.47   -0.46    3.37   -1.57    4.42   34.35
G-C     0.00    0.00    0.00    0.00    0.00    0.00   -0.03   -0.08    3.41    1.34   10.85   32.32
G-C     0.00    0.00    0.00    0.00    0.00    0.00    0.79    0.42    3.18    0.35    4.50   29.85
A-T     0.00    0.00    0.00    0.00    0.00    0.00   -0.65   -0.46    3.13   -4.36    4.40   38.12
T-A     0.00    0.00    0.00    0.00    0.00    0.00   -0.04   -0.73    3.31   -0.40   -4.48   31.10
A-T     0.00    0.00    0.00    0.00    0.00    0.00   -0.32   -0.04    3.70    1.55   -1.02   40.87
T-A     0.00    0.00    0.00    0.00    0.00    0.00   -0.43   -0.65    3.06   -5.22   -5.19   31.81
T-A     0.00    0.00    0.00    0.00    0.00    0.00    0.57    0.05    3.29    3.34    2.93   35.19
G-C     0.00    0.00    0.00    0.00    0.00    0.00   -0.06    0.00    3.41    4.94    2.62   37.89
A-T     0.00    0.00    0.00    0.00    0.00    0.00   -0.20   -0.02    3.25   -3.32    7.62   29.17
T-A     0.00    0.00    0.00    0.00    0.00    0.00    0.89   -0.77    3.18   -0.69   -1.00   37.08
