 146 base-pairs
   0  ***local base-pair & step parameters***
       Shear  Stretch  Stagger Buckle Prop-Tw Opening   Shift  Slide    Rise    Tilt    Roll   Twist
A-T     0.00    0.00    0.00    0.00    0.00    0.00    0.00    0.00    0.00    0.00    0.00    0.00
T-A     0.00    0.00    0.00    0.00    0.00    0.00   -1.10   -0.80    3.31   -4.28   -2.52   30.98
C-G     0.00    0.00    0.00    0.00    0.00    0.00    0.93   -0.06    2.93    6.12    4.53   36.98
A-T     0.00    0.00    0.00    0.00    0.00    0.00   -0.22    0.74    3.50   -4.86    2.61   35.16
A-T     0.00    0.00    0.00    0.00    0.00    0.00   -0.55    0.19    3.25   -3.11    1.76   38.58
T-A     0.00    0.00    0.00    0.00    0.00    0.00    0.53   -0.74    2.98    6.80   -3.60   33.08
A-T     0.00    0.00    0.00    0.00    0.00    0.00   -0.03   -0.11    3.62   -3.99   -1.71   40.50
T-A     0.00    0.00    0.00    0.00    0.00    0.00   -0.11   -1.02    3.20    4.86   -3.74   34.10
C-G     0.00    0.00    0.00    0.00    0.00    0.00    1.03    0.10    3.39    1.89    0.95   33.19
C-G     0.00    0.00    0.00    0.00    0.00    0.00   -0.28    0.00    3.13   -2.14    8.25   27.45
A-T     0.00    0.00    0.00    0.00    0.00    0.00   -1.16    0.54    3.45   -0.42    7.79   32.11
C-G     0.00    0.00    0.00    0.00    0.00    0.00    0.49   -0.94    3.32   -1.81    4.38   34.10
C-G     0.00    0.00    0.00    0.00    0.00    0.00    0.54   -0.18    3.41    2.46   14.28   30.28
T-A     0.00    0.00    0.00    0.00    0.00    0.00   -1.10    0.33    3.54   -7.17    5.71   32.48
G-C     0.00    0.00    0.00    0.00    0.00    0.00    0.51    1.12    3.26    5.37   -5.05   39.52
C-G     0.00    0.00    0.00    0.00    0.00    0.00   -0.23    0.18    3.49   -7.80    3.34   38.64
A-T     0.00    0.00    0.00    0.00    0.00    0.00    0.01    1.62    3.04    4.08  -19.74   40.62
G-C     0.00    0.00    0.00    0.00    0.00    0.00    0.51    0.15    3.50    2.27   -0.08   37.08
A-T     0.00    0.00    0.00    0.00    0.00    0.00   -0.01   -0.95    3.25    1.82   -4.07   35.50
T-A     0.00    0.00    0.00    0.00    0.00    0.00    0.28    0.26    2.99    1.85   -7.09   37.59
T-A     0.00    0.00    0.00    0.00    0.00    0.00   -0.01   -1.47    3.41    4.27    6.08   28.62
C-G     0.00    0.00    0.00    0.00    0.00    0.00   -0.34   -0.24    2.71    3.00    7.87   28.13
T-A     0.00    0.00    0.00    0.00    0.00    0.00   -0.26   -0.51    3.82    1.99   13.59   27.57
A-T     0.00    0.00    0.00    0.00    0.00    0.00    1.94    0.89    3.67    1.22   20.19   34.97
C-G     0.00    0.00    0.00    0.00    0.00    0.00   -1.24   -0.28    2.94  -11.42    5.57   29.64
C-G     0.00    0.00    0.00    0.00    0.00    0.00    0.60   -0.11    2.71   13.08    5.87   30.87
A-T     0.00    0.00    0.00    0.00    0.00    0.00   -0.05    2.53    3.17   -3.67  -13.10   40.65
A-T     0.00    0.00    0.00    0.00    0.00    0.00    0.53    0.53    3.61    3.19    1.24   40.29
A-T     0.00    0.00    0.00    0.00    0.00    0.00    0.51   -0.38    3.30   -0.54   -6.38   38.88
A-T     0.00    0.00    0.00    0.00    0.00    0.00   -0.07   -0.30    3.28   -3.04    1.54   33.32
G-C     0.00    0.00    0.00    0.00    0.00    0.00    0.18   -0.67    3.54    1.61    1.30   35.23
T-A     0.00    0.00    0.00    0.00    0.00    0.00   -0.39   -0.61    3.00    3.45   -3.81   29.45
G-C     0.00    0.00    0.00    0.00    0.00    0.00    1.21   -0.05    3.82    3.72   15.45   32.47
T-A     0.00    0.00    0.00    0.00    0.00    0.00   -1.39   -0.42    2.85   -3.48   14.15   25.67
A-T     0.00    0.00    0.00    0.00    0.00    0.00    0.21   -0.78    3.79   -4.03    3.19   40.62
T-A     0.00    0.00    0.00    0.00    0.00    0.00    0.38   -0.87    3.42    0.78    0.32   33.31
T-A     0.00    0.00    0.00    0.00    0.00    0.00    0.21   -0.46    3.03    3.97   -5.79   37.25
T-A     0.00    0.00    0.00    0.00    0.00    0.00   -0.06   -0.17    3.56   -7.59    2.41   33.56
G-C     0.00    0.00    0.00    0.00    0.00    0.00   -0.87    2.11    3.18    2.09  -19.35   45.45
G-C     0.00    0.00    0.00    0.00    0.00    0.00    1.02    1.19    3.44    5.89    3.71   31.62
A-T     0.00    0.00    0.00    0.00    0.00    0.00   -1.33    0.75    3.05  -11.16    2.84   34.68
A-T     0.00    0.00    0.00    0.00    0.00    0.00    0.39   -0.09    3.24   -1.84    2.41   36.00
A-T     0.00    0.00    0.00    0.00    0.00    0.00   -0.17   -0.32    3.59   -1.37   16.74   29.41
C-G     0.00    0.00    0.00    0.00    0.00    0.00    0.27   -0.20    2.93    3.29   -4.35   35.46
T-A     0.00    0.00    0.00    0.00    0.00    0.00    1.21   -0.35    3.29    2.24   14.37   31.03
G-C     0.00    0.00    0.00    0.00    0.00    0.00   -1.48    0.62    3.64   -6.40    8.49   39.17
C-G     0.00    0.00    0.00    0.00    0.00    0.00    0.54    0.82    3.59    0.69  -10.01   44.29
T-A     0.00    0.00    0.00    0.00    0.00    0.00   -1.26    0.11    2.78   -0.81   -3.07   33.60
C-G     0.00    0.00    0.00    0.00    0.00    0.00    1.67    1.53    3.22    8.46   -8.71   40.40
C-G     0.00    0.00    0.00    0.00    0.00    0.00   -1.00    0.64    3.46   -5.45    4.12   38.53
A-T     0.00    0.00    0.00    0.00    0.00    0.00    0.44    0.79    3.38   -3.89   -2.21   38.86
T-A     0.00    0.00    0.00    0.00    0.00    0.00    0.69   -0.22    2.92    5.58   -1.19   31.72
C-G     0.00    0.00    0.00    0.00    0.00    0.00    0.32   -0.38    3.51    4.17   12.04   30.41
A-T     0.00    0.00    0.00    0.00    0.00    0.00   -0.37    0.58    4.14    3.28   16.98   37.37
A-T     0.00    0.00    0.00    0.00    0.00    0.00    0.52    0.37    3.05   -3.65    8.72   40.24
A-T     0.00    0.00    0.00    0.00    0.00    0.00   -0.92    0.67    3.02   -5.35   -6.67   38.02
A-T     0.00    0.00    0.00    0.00    0.00    0.00   -0.16   -1.17    3.52   -3.66    1.88   32.51
G-C     0.00    0.00    0.00    0.00    0.00    0.00   -0.29    1.25    3.65   -3.26   -8.43   43.31
G-C     0.00    0.00    0.00    0.00    0.00    0.00   -0.90   -0.13    3.19   -5.97  -27.24   27.86
C-G     0.00    0.00    0.00    0.00    0.00    0.00    1.40    0.25    4.55   -0.22  -22.42   41.37
A-T     0.00    0.00    0.00    0.00    0.00    0.00   -0.14    0.59    3.25   15.36    9.04   39.67
T-A     0.00    0.00    0.00    0.00    0.00    0.00    0.36   -0.31    3.33   -3.41   14.70   24.88
G-C     0.00    0.00    0.00    0.00    0.00    0.00    0.00    1.03    4.09   -0.16    9.94   38.19
T-A     0.00    0.00    0.00    0.00    0.00    0.00   -0.79   -0.44    3.38   -2.12    6.06   29.86
T-A     0.00    0.00    0.00    0.00    0.00    0.00    0.36   -0.15    2.99    4.46    5.02   29.22
C-G     0.00    0.00    0.00    0.00    0.00    0.00    0.83    0.92    3.24    3.82    5.93   39.71
A-T     0.00    0.00    0.00    0.00    0.00    0.00   -0.72    1.30    3.65   -1.97   -4.06   41.73
G-C     0.00    0.00    0.00    0.00    0.00    0.00    0.71    1.28    3.52    4.71   -3.18   35.22
C-G     0.00    0.00    0.00    0.00    0.00    0.00   -0.45    0.41    3.28   -5.88   -2.92   38.09
T-A     0.00    0.00    0.00    0.00    0.00    0.00    0.04    1.16    3.30    3.61   -2.71   39.35
G-C     0.00    0.00    0.00    0.00    0.00    0.00    0.95    0.83    3.17    0.48    5.30   31.59
A-T     0.00    0.00    0.00    0.00    0.00    0.00   -0.79    0.33    3.35   -6.97    5.79   37.28
A-T     0.00    0.00    0.00    0.00    0.00    0.00   -0.12   -0.58    3.20    2.22    5.90   30.68
T-A     0.00    0.00    0.00    0.00    0.00    0.00    0.17   -0.47    3.39   -1.01    7.02   32.24
T-A     0.00    0.00    0.00    0.00    0.00    0.00   -0.09   -0.62    3.20    3.84    9.51   30.69
C-G     0.00    0.00    0.00    0.00    0.00    0.00    0.00    0.48    3.26    1.56    4.66   33.21
A-T     0.00    0.00    0.00    0.00    0.00    0.00   -0.63    1.53    3.41   -1.00    1.05   39.14
G-C     0.00    0.00    0.00    0.00    0.00    0.00    0.93    1.00    3.32   -1.54   -5.13   39.13
C-G     0.00    0.00    0.00    0.00    0.00    0.00   -1.07    0.77    3.39   -2.87   -5.83   35.18
T-A     0.00    0.00    0.00    0.00    0.00    0.00    1.21    1.72    3.74    3.37   -6.21   46.49
G-C     0.00    0.00    0.00    0.00    0.00    0.00   -0.73    0.60    2.95   -2.81    7.32   30.51
A-T     0.00    0.00    0.00    0.00    0.00    0.00   -0.46    0.45    3.35   -2.00    3.69   36.45
A-T     0.00    0.00    0.00    0.00    0.00    0.00    0.38   -0.14    3.32    2.36   10.59   30.62
C-G     0.00    0.00    0.00    0.00    0.00    0.00    0.20   -0.26    3.29   -0.05    4.13   33.44
A-T     0.00    0.00    0.00    0.00    0.00    0.00   -0.42    0.28    3.67    0.43   12.56   32.24
T-A     0.00    0.00    0.00    0.00    0.00    0.00    0.21   -0.22    3.10    1.19   -1.06   30.90
G-C     0.00    0.00    0.00    0.00    0.00    0.00    0.95    0.14    3.42   -0.37    9.77   32.95
C-G     0.00    0.00    0.00    0.00    0.00    0.00   -1.55    0.73    3.33   -2.08  -15.61   40.79
C-G     0.00    0.00    0.00    0.00    0.00    0.00    0.63    1.26    4.03    1.72   -6.87   42.90
T-A     0.00    0.00    0.00    0.00    0.00    0.00   -0.29    1.71    3.36    1.70   -9.94   44.40
T-A     0.00    0.00    0.00    0.00    0.00    0.00    0.36   -0.13    2.93   -3.51    5.44   28.34
T-A     0.00    0.00    0.00    0.00    0.00    0.00    0.28    0.23    3.28    1.59    8.60   34.26
T-A     0.00    0.00    0.00    0.00    0.00    0.00   -0.11    0.05    3.50    1.60   14.24   30.20
G-C     0.00    0.00    0.00    0.00    0.00    0.00   -0.02   -0.86    3.84    5.20   19.27   26.55
A-T     0.00    0.00    0.00    0.00    0.00    0.00    0.14   -0.30    2.91   -9.01    9.08   29.12
T-A     0.00    0.00    0.00    0.00    0.00    0.00   -0.25   -0.51    3.26   -2.24    3.12   28.49
G-C     0.00    0.00    0.00    0.00    0.00    0.00   -0.29    0.58    3.16    0.90   -0.91   36.04
G-C     0.00    0.00    0.00    0.00    0.00    0.00    0.94    0.63    3.45    7.42    1.61   36.60
A-T     0.00    0.00    0.00    0.00    0.00    0.00   -1.08    1.02    3.23   -8.99   -4.45   40.21
G-C     0.00    0.00    0.00    0.00    0.00    0.00    1.11    0.56    3.12    0.46   -7.71   38.03
C-G     0.00    0.00    0.00    0.00    0.00    0.00   -0.51   -0.03    3.45   -0.34   -2.66   32.54
A-T     0.00    0.00    0.00    0.00    0.00    0.00    1.06    0.75    3.43    4.28    3.28   39.54
G-C     0.00    0.00    0.00    0.00    0.00    0.00   -1.28   -0.48    3.70   -4.60   10.60   34.08
T-A     0.00    0.00    0.00    0.00    0.00    0.00   -0.96   -0.22    3.17    0.09   13.06   32.64
T-A     0.00    0.00    0.00    0.00    0.00    0.00   -0.51   -0.48    3.22   -2.73    0.26   29.61
T-A     0.00    0.00    0.00    0.00    0.00    0.00    0.75    0.32    3.24    1.46    8.47   37.01
C-G     0.00    0.00    0.00    0.00    0.00    0.00    1.34    0.73    2.83    9.02    1.28   33.45
C-G     0.00    0.00    0.00    0.00    0.00    0.00   -1.27    1.26    3.62   -9.70    6.14   33.03
A-T     0.00    0.00    0.00    0.00    0.00    0.00    0.43    2.06    3.22    7.63  -19.81   45.80
A-T     0.00    0.00    0.00    0.00    0.00    0.00    0.11   -0.12    3.16   -2.31    4.62   34.41
A-T     0.00    0.00    0.00    0.00    0.00    0.00   -0.60   -0.66    3.63   -0.36    2.99   35.72
T-A     0.00    0.00    0.00    0.00    0.00    0.00   -0.40   -0.35    3.10    0.87   -5.21   33.27
A-T     0.00    0.00    0.00    0.00    0.00    0.00    0.33   -0.51    3.20  -12.34    4.77   36.00
C-G     0.00    0.00    0.00    0.00    0.00    0.00   -0.10   -0.74    3.05    3.57    3.23   24.73
A-T     0.00    0.00    0.00    0.00    0.00    0.00    0.27   -0.51    3.84    5.00   11.38   39.02
C-G     0.00    0.00    0.00    0.00    0.00    0.00    0.64   -0.22    3.38   -1.15    7.90   37.55
T-A     0.00    0.00    0.00    0.00    0.00    0.00   -0.40   -0.35    3.17    1.01    5.03   31.71
T-A     0.00    0.00    0.00    0.00    0.00    0.00   -0.02    0.13    3.52   -5.14   -3.61   36.23
T-A     0.00    0.00    0.00    0.00    0.00    0.00   -0.66   -0.44    2.99    2.33    0.79   31.79
T-A     0.00    0.00    0.00    0.00    0.00    0.00   -0.48    0.49    3.56   -2.08   -5.86   42.92
G-C     0.00    0.00    0.00    0.00    0.00    0.00    0.06    2.32    3.27    1.13   -4.36   39.09
G-C     0.00    0.00    0.00    0.00    0.00    0.00   -0.57    0.37    2.67  -12.17    2.65   27.92
T-A     0.00    0.00    0.00    0.00    0.00    0.00    0.65   -0.58    3.23    3.62    6.48   29.47
A-T     0.00    0.00    0.00    0.00    0.00    0.00   -0.75    0.37    3.62    3.90   15.30   36.96
G-C     0.00    0.00    0.00    0.00    0.00    0.00    0.36   -0.07    3.29    0.02   10.02   28.15
A-T     0.00    0.00    0.00    0.00    0.00    0.00   -0.46   -0.73    3.08   -4.53   15.06   25.90
A-T     0.00    0.00    0.00    0.00    0.00    0.00    1.04   -0.59    3.06   -7.96    1.45   35.37
T-A     0.00    0.00    0.00    0.00    0.00    0.00   -0.52   -0.93    3.32    0.56   -9.61   31.47
C-G     0.00    0.00    0.00    0.00    0.00    0.00    0.42   -0.72    3.48    3.07   -4.06   39.37
T-A     0.00    0.00    0.00    0.00    0.00    0.00   -0.95   -0.28    3.43   -5.11    6.02   33.41
G-C     0.00    0.00    0.00    0.00    0.00    0.00   -0.31    2.18    2.95    1.26  -18.20   44.51
C-G     0.00    0.00    0.00    0.00    0.00    0.00    0.28    0.65    3.04    4.88    7.05   31.92
A-T     0.00    0.00    0.00    0.00    0.00    0.00    0.29    2.46    3.47    0.84   -5.64   43.87
G-C     0.00    0.00    0.00    0.00    0.00    0.00    0.32    0.94    2.83   -5.14    9.42   29.52
G-C     0.00    0.00    0.00    0.00    0.00    0.00   -0.40   -0.50    3.58   -0.79   16.24   31.02
T-A     0.00    0.00    0.00    0.00    0.00    0.00   -0.63   -0.45    3.33   -1.30    7.05   34.04
G-C     0.00    0.00    0.00    0.00    0.00    0.00    0.12   -0.09    3.45    1.05    8.26   32.65
G-C     0.00    0.00    0.00    0.00    0.00    0.00    0.64    0.43    3.15    0.65    7.04   29.52
A-T     0.00    0.00    0.00    0.00    0.00    0.00   -0.50   -0.47    3.16   -4.68    1.92   38.45
T-A     0.00    0.00    0.00    0.00    0.00    0.00   -0.19   -0.72    3.28   -0.07   -2.06   30.78
A-T     0.00    0.00    0.00    0.00    0.00    0.00   -0.18   -0.05    3.73    1.20   -3.36   41.18
T-A     0.00    0.00    0.00    0.00    0.00    0.00   -0.57   -0.65    3.04   -4.84   -2.93   31.52
T-A     0.00    0.00    0.00    0.00    0.00    0.00    0.71    0.04    3.31    2.94    0.74   35.47
G-C     0.00    0.00    0.00    0.00    0.00    0.00   -0.19    0.01    3.39    5.36    4.73   37.64
A-T     0.00    0.00    0.00    0.00    0.00    0.00   -0.07   -0.03    3.26   -3.77    5.60   29.40
T-A     0.00    0.00    0.00    0.00    0.00    0.00    0.77   -0.76    3.17   -0.21    0.92   36.88
