 146 base-pairs
   0  ***local base-pair & step parameters***
       Shear  Stretch  Stagger Buckle Prop-Tw Opening   Shift  Slide    Rise    Tilt    Roll   Twist
A-T     0.00    0.00    0.00    0.00    0.00    0.00    0.00    0.00    0.00    0.00    0.00    0.00
T-A     0.00    0.00    0.00    0.00    0.00    0.00   -0.90   -0.69    3.33   -3.06   -0.02   31.63
C-G     0.00    0.00    0.00    0.00    0.00    0.00    0.73   -0.17    2.92    4.91    2.03   36.38
A-T     0.00    0.00    0.00    0.00    0.00    0.00   -0.01    0.85    3.51   -3.67    5.08   35.71
A-T     0.00    0.00    0.00    0.00    0.00    0.00   -0.75    0.08    3.24   -4.27   -0.66   38.09
T-A     0.00    0.00    0.00    0.00    0.00    0.00    0.73   -0.64    2.99    7.91   -1.25   33.49
A-T     0.00    0.00    0.00    0.00    0.00    0.00   -0.21   -0.19    3.61   -5.06   -3.97   40.16
T-A     0.00    0.00    0.00    0.00    0.00    0.00    0.05   -0.94    3.21    5.88   -1.60   34.35
C-G     0.00    0.00    0.00    0.00    0.00    0.00    0.89    0.04    3.38    0.92   -1.07   33.04
C-G     0.00    0.00    0.00    0.00    0.00    0.00   -0.15    0.05    3.14   -1.24   10.13   27.49
A-T     0.00    0.00    0.00    0.00    0.00    0.00   -1.26    0.51    3.44   -1.26    6.04   32.17
C-G     0.00    0.00    0.00    0.00    0.00    0.00    0.55   -0.93    3.33   -1.04    5.98   33.92
C-G     0.00    0.00    0.00    0.00    0.00    0.00    0.51   -0.18    3.40    1.75   12.82   30.58
T-A     0.00    0.00    0.00    0.00    0.00    0.00   -1.11    0.31    3.55   -6.52    7.04   32.06
G-C     0.00    0.00    0.00    0.00    0.00    0.00    0.55    1.16    3.25    4.77   -6.25   40.07
C-G     0.00    0.00    0.00    0.00    0.00    0.00   -0.31    0.12    3.49   -7.26    4.43   37.97
A-T     0.00    0.00    0.00    0.00    0.00    0.00    0.12    1.70    3.04    3.58  -20.73   41.42
G-C     0.00    0.00    0.00    0.00    0.00    0.00    0.37    0.05    3.50    2.73    0.82   36.17
A-T     0.00    0.00    0.00    0.00    0.00    0.00    0.16   -0.82    3.25    1.39   -4.91   36.53
T-A     0.00    0.00    0.00    0.00    0.00    0.00    0.08    0.12    2.99    2.26   -6.29   36.45
T-A     0.00    0.00    0.00    0.00    0.00    0.00    0.21   -1.31    3.41    3.87    5.30   29.87
C-G     0.00    0.00    0.00    0.00    0.00    0.00   -0.58   -0.41    2.71    3.40    8.66   26.78
T-A     0.00    0.00    0.00    0.00    0.00    0.00   -0.01   -0.32    3.82    1.58   12.77   29.00
A-T     0.00    0.00    0.00    0.00    0.00    0.00    1.68    0.70    3.68    1.65   21.07   33.46
C-G     0.00    0.00    0.00    0.00    0.00    0.00   -0.99   -0.07    2.93  -11.88    4.62   31.23
C-G     0.00    0.00    0.00    0.00    0.00    0.00    0.36   -0.33    2.71   13.56    6.92   29.21
A-T     0.00    0.00    0.00    0.00    0.00    0.00    0.18    2.75    3.17   -4.20  -14.27   42.36
A-T     0.00    0.00    0.00    0.00    0.00    0.00    0.31    0.31    3.61    3.77    2.54   38.54
A-T     0.00    0.00    0.00    0.00    0.00    0.00    0.71   -0.16    3.30   -1.17   -7.83   40.67
A-T     0.00    0.00    0.00    0.00    0.00    0.00   -0.25   -0.52    3.28   -2.35    3.15   31.50
G-C     0.00    0.00    0.00    0.00    0.00    0.00    0.33   -0.46    3.54    0.86   -0.47   37.06
T-A     0.00    0.00    0.00    0.00    0.00    0.00   -0.51   -0.82    3.00    4.26   -1.86   27.61
G-C     0.00    0.00    0.00    0.00    0.00    0.00    1.29    0.15    3.82    2.85   13.34   34.32
T-A     0.00    0.00    0.00    0.00    0.00    0.00   -1.44   -0.62    2.85   -2.56   16.44   23.82
A-T     0.00    0.00    0.00    0.00    0.00    0.00    0.22   -0.60    3.79   -5.01    0.75   42.47
T-A     0.00    0.00    0.00    0.00    0.00    0.00    0.40   -1.05    3.42    1.81    2.91   31.47
T-A     0.00    0.00    0.00    0.00    0.00    0.00    0.14   -0.30    3.02    2.90   -8.52   39.10
T-A     0.00    0.00    0.00    0.00    0.00    0.00    0.04   -0.33    3.57   -6.49    5.25   31.72
G-C     0.00    0.00    0.00    0.00    0.00    0.00   -1.00    2.25    3.17    0.95  -22.28   47.28
G-C     0.00    0.00    0.00    0.00    0.00    0.00    1.18    1.06    3.45    7.04    6.71   29.79
A-T     0.00    0.00    0.00    0.00    0.00    0.00   -1.51    0.88    3.04  -12.32   -0.21   36.52
A-T     0.00    0.00    0.00    0.00    0.00    0.00    0.59   -0.21    3.25   -0.68    5.49   34.15
A-T     0.00    0.00    0.00    0.00    0.00    0.00   -0.39   -0.20    3.58   -2.51   13.67   31.27
C-G     0.00    0.00    0.00    0.00    0.00    0.00    0.50   -0.31    2.94    4.41   -1.30   33.58
T-A     0.00    0.00    0.00    0.00    0.00    0.00    0.97   -0.23    3.29    1.15   11.38   32.94
G-C     0.00    0.00    0.00    0.00    0.00    0.00   -1.24    0.51    3.64   -5.36   11.40   37.23
C-G     0.00    0.00    0.00    0.00    0.00    0.00    0.31    0.93    3.59   -0.30  -12.82   46.29
T-A     0.00    0.00    0.00    0.00    0.00    0.00   -1.04   -0.01    2.78    0.13   -0.38   31.56
C-G     0.00    0.00    0.00    0.00    0.00    0.00    1.47    1.66    3.22    7.59  -11.26   42.50
C-G     0.00    0.00    0.00    0.00    0.00    0.00   -0.81    0.51    3.46   -4.65    6.51   36.36
A-T     0.00    0.00    0.00    0.00    0.00    0.00    0.27    0.94    3.38   -4.61   -4.44   41.10
T-A     0.00    0.00    0.00    0.00    0.00    0.00    0.83   -0.38    2.92    6.22    0.86   29.41
C-G     0.00    0.00    0.00    0.00    0.00    0.00    0.21   -0.21    3.51    3.60   10.17   32.81
A-T     0.00    0.00    0.00    0.00    0.00    0.00   -0.30    0.39    4.14    3.77   18.67   34.88
A-T     0.00    0.00    0.00    0.00    0.00    0.00    0.48    0.58    3.05   -4.06    7.20   42.82
A-T     0.00    0.00    0.00    0.00    0.00    0.00   -0.92    0.45    3.02   -5.01   -5.32   35.36
A-T     0.00    0.00    0.00    0.00    0.00    0.00   -0.13   -0.92    3.52   -3.94    0.69   35.26
G-C     0.00    0.00    0.00    0.00    0.00    0.00   -0.36    0.99    3.64   -3.05   -7.38   40.47
G-C     0.00    0.00    0.00    0.00    0.00    0.00   -0.80    0.15    3.20   -6.13  -28.16   30.79
C-G     0.00    0.00    0.00    0.00    0.00    0.00    1.27   -0.04    4.54   -0.12  -21.61   38.36
A-T     0.00    0.00    0.00    0.00    0.00    0.00    0.02    0.90    3.26   15.29    8.32   42.76
T-A     0.00    0.00    0.00    0.00    0.00    0.00    0.19   -0.64    3.32   -3.37   15.36   21.72
G-C     0.00    0.00    0.00    0.00    0.00    0.00    0.19    1.37    4.10   -0.18    9.32   41.40
T-A     0.00    0.00    0.00    0.00    0.00    0.00   -0.99   -0.78    3.37   -2.11    6.65   26.59
T-A     0.00    0.00    0.00    0.00    0.00    0.00    0.57    0.20    3.00    4.44    4.41   32.54
C-G     0.00    0.00    0.00    0.00    0.00    0.00    0.61    0.56    3.24    3.84    6.57   36.36
A-T     0.00    0.00    0.00    0.00    0.00    0.00   -0.51    1.67    3.65   -2.02   -4.75   45.10
G-C     0.00    0.00    0.00    0.00    0.00    0.00    0.50    0.91    3.52    4.78   -2.42   31.84
C-G     0.00    0.00    0.00    0.00    0.00    0.00   -0.25    0.78    3.28   -5.98   -3.78   41.48
T-A     0.00    0.00    0.00    0.00    0.00    0.00   -0.14    0.80    3.30    3.75   -1.75   35.97
G-C     0.00    0.00    0.00    0.00    0.00    0.00    1.11    1.18    3.17    0.29    4.22   34.95
A-T     0.00    0.00    0.00    0.00    0.00    0.00   -0.92   -0.02    3.35   -6.74    7.00   33.94
A-T     0.00    0.00    0.00    0.00    0.00    0.00   -0.02   -0.24    3.20    1.93    4.56   33.98
T-A     0.00    0.00    0.00    0.00    0.00    0.00    0.10   -0.79    3.39   -0.68    8.49   28.98
T-A     0.00    0.00    0.00    0.00    0.00    0.00   -0.06   -0.31    3.20    3.46    7.90   33.91
C-G     0.00    0.00    0.00    0.00    0.00    0.00    0.00    0.18    3.26    1.98    6.40   30.04
A-T     0.00    0.00    0.00    0.00    0.00    0.00   -0.68    1.81    3.41   -1.47   -0.81   42.25
G-C     0.00    0.00    0.00    0.00    0.00    0.00    1.01    0.73    3.32   -1.04   -3.17   36.07
C-G     0.00    0.00    0.00    0.00    0.00    0.00   -1.19    1.02    3.38   -3.40   -7.88   38.18
T-A     0.00    0.00    0.00    0.00    0.00    0.00    1.36    1.48    3.75    3.91   -4.09   43.54
G-C     0.00    0.00    0.00    0.00    0.00    0.00   -0.91    0.83    2.94   -3.37    5.16   33.39
A-T     0.00    0.00    0.00    0.00    0.00    0.00   -0.26    0.24    3.36   -1.44    5.88   33.61
A-T     0.00    0.00    0.00    0.00    0.00    0.00    0.15    0.06    3.31    1.81    8.40   33.41
C-G     0.00    0.00    0.00    0.00    0.00    0.00    0.44   -0.45    3.30    0.49    6.30   30.69
A-T     0.00    0.00    0.00    0.00    0.00    0.00   -0.68    0.46    3.66   -0.08   10.44   34.95
T-A     0.00    0.00    0.00    0.00    0.00    0.00    0.47   -0.40    3.10    1.67    0.98   28.22
G-C     0.00    0.00    0.00    0.00    0.00    0.00    0.68    0.31    3.42   -0.80    7.82   35.61
C-G     0.00    0.00    0.00    0.00    0.00    0.00   -1.29    0.56    3.33   -1.71  -13.79   38.15
C-G     0.00    0.00    0.00    0.00    0.00    0.00    0.38    1.43    4.03    1.41   -8.55   45.53
T-A     0.00    0.00    0.00    0.00    0.00    0.00   -0.05    1.53    3.36    1.94   -8.42   41.77
T-A     0.00    0.00    0.00    0.00    0.00    0.00    0.14    0.04    2.93   -3.68    4.10   30.98
T-A     0.00    0.00    0.00    0.00    0.00    0.00    0.48    0.05    3.28    1.68    9.75   31.61
T-A     0.00    0.00    0.00    0.00    0.00    0.00   -0.28    0.24    3.50    1.60   13.29   32.88
G-C     0.00    0.00    0.00    0.00    0.00    0.00    0.12   -1.06    3.84    5.12   20.01   23.86
A-T     0.00    0.00    0.00    0.00    0.00    0.00    0.03   -0.09    2.91   -8.84    8.54   31.84
T-A     0.00    0.00    0.00    0.00    0.00    0.00   -0.18   -0.73    3.26   -2.48    3.46   25.74
G-C     0.00    0.00    0.00    0.00    0.00    0.00   -0.33    0.81    3.16    1.23   -1.05   38.82
G-C     0.00    0.00    0.00    0.00    0.00    0.00    0.95    0.39    3.45    7.02    1.56   33.78
A-T     0.00    0.00    0.00    0.00    0.00    0.00   -1.06    1.28    3.24   -8.52   -4.23   43.06
G-C     0.00    0.00    0.00    0.00    0.00    0.00    1.05    0.29    3.11   -0.08   -8.10   35.16
C-G     0.00    0.00    0.00    0.00    0.00    0.00   -0.42    0.24    3.46    0.24   -2.13   35.44
A-T     0.00    0.00    0.00    0.00    0.00    0.00    0.94    0.46    3.42    3.65    2.64   36.62
G-C     0.00    0.00    0.00    0.00    0.00    0.00   -1.14   -0.18    3.71   -3.93   11.34   37.02
T-A     0.00    0.00    0.00    0.00    0.00    0.00   -1.12   -0.52    3.16   -0.61   12.24   29.70
T-A     0.00    0.00    0.00    0.00    0.00    0.00   -0.33   -0.17    3.23   -2.03    1.12   32.55
T-A     0.00    0.00    0.00    0.00    0.00    0.00    0.56    0.00    3.23    0.75    7.59   34.08
C-G     0.00    0.00    0.00    0.00    0.00    0.00    1.54    1.04    2.83    9.73    2.17   36.37
C-G     0.00    0.00    0.00    0.00    0.00    0.00   -1.47    0.94    3.62  -10.39    5.28   30.15
A-T     0.00    0.00    0.00    0.00    0.00    0.00    0.62    2.38    3.22    8.30  -19.00   48.65
A-T     0.00    0.00    0.00    0.00    0.00    0.00   -0.07   -0.43    3.16   -2.95    3.87   31.61
A-T     0.00    0.00    0.00    0.00    0.00    0.00   -0.43   -0.36    3.63    0.24    3.65   38.45
T-A     0.00    0.00    0.00    0.00    0.00    0.00   -0.55   -0.65    3.10    0.31   -5.77   30.61
A-T     0.00    0.00    0.00    0.00    0.00    0.00    0.45   -0.23    3.20  -11.82    5.21   38.59
C-G     0.00    0.00    0.00    0.00    0.00    0.00   -0.19   -1.01    3.05    3.11    2.90   22.23
A-T     0.00    0.00    0.00    0.00    0.00    0.00    0.33   -0.26    3.84    5.42   11.59   41.43
C-G     0.00    0.00    0.00    0.00    0.00    0.00    0.61   -0.46    3.38   -1.51    7.82   35.23
T-A     0.00    0.00    0.00    0.00    0.00    0.00   -0.41   -0.14    3.17    1.33    5.00   33.92
T-A     0.00    0.00    0.00    0.00    0.00    0.00    0.02   -0.07    3.52   -5.41   -3.47   34.13
T-A     0.00    0.00    0.00    0.00    0.00    0.00   -0.74   -0.26    2.99    2.56    0.54   33.79
T-A     0.00    0.00    0.00    0.00    0.00    0.00   -0.37    0.33    3.57   -2.27   -5.52   41.03
G-C     0.00    0.00    0.00    0.00    0.00    0.00   -0.09    2.47    3.26    1.30   -4.76   40.86
G-C     0.00    0.00    0.00    0.00    0.00    0.00   -0.39    0.25    2.68  -12.32    3.10   26.25
T-A     0.00    0.00    0.00    0.00    0.00    0.00    0.45   -0.47    3.22    3.75    6.00   31.04
A-T     0.00    0.00    0.00    0.00    0.00    0.00   -0.52    0.28    3.63    3.76   15.79   35.50
G-C     0.00    0.00    0.00    0.00    0.00    0.00    0.11    0.01    3.28    0.16    9.55   29.52
A-T     0.00    0.00    0.00    0.00    0.00    0.00   -0.20   -0.79    3.09   -4.69   15.49   24.62
A-T     0.00    0.00    0.00    0.00    0.00    0.00    0.77   -0.54    3.05   -7.77    1.09   36.57
T-A     0.00    0.00    0.00    0.00    0.00    0.00   -0.24   -0.97    3.32    0.33   -9.34   30.35
C-G     0.00    0.00    0.00    0.00    0.00    0.00    0.14   -0.69    3.48    3.34   -4.21   40.42
T-A     0.00    0.00    0.00    0.00    0.00    0.00   -0.68   -0.30    3.43   -5.43    6.04   32.40
G-C     0.00    0.00    0.00    0.00    0.00    0.00   -0.57    2.20    2.95    1.64  -18.06   45.47
C-G     0.00    0.00    0.00    0.00    0.00    0.00    0.52    0.63    3.04    4.42    6.74   31.01
A-T     0.00    0.00    0.00    0.00    0.00    0.00    0.07    2.47    3.47    1.37   -5.14   44.74
G-C     0.00    0.00    0.00    0.00    0.00    0.00    0.50    0.92    2.83   -5.74    8.73   28.67
G-C     0.00    0.00    0.00    0.00    0.00    0.00   -0.55   -0.48    3.59   -0.11   17.13   31.85
T-A     0.00    0.00    0.00    0.00    0.00    0.00   -0.51   -0.48    3.32   -2.05    5.96   33.22
G-C     0.00    0.00    0.00    0.00    0.00    0.00    0.03   -0.05    3.46    1.88    9.55   33.45
G-C     0.00    0.00    0.00    0.00    0.00    0.00    0.69    0.38    3.14   -0.25    5.55   28.72
A-T     0.00    0.00    0.00    0.00    0.00    0.00   -0.52   -0.42    3.17   -3.71    3.60   39.23
T-A     0.00    0.00    0.00    0.00    0.00    0.00   -0.21   -0.79    3.27   -1.09   -3.92   30.00
A-T     0.00    0.00    0.00    0.00    0.00    0.00   -0.13    0.02    3.75    2.28   -1.35   41.95
T-A     0.00    0.00    0.00    0.00    0.00    0.00   -0.65   -0.73    3.02   -5.97   -5.08   30.75
T-A     0.00    0.00    0.00    0.00    0.00    0.00    0.82    0.13    3.33    4.11    3.01   36.22
G-C     0.00    0.00    0.00    0.00    0.00    0.00   -0.33   -0.09    3.37    4.17    2.36   36.90
A-T     0.00    0.00    0.00    0.00    0.00    0.00    0.09    0.08    3.28   -2.56    8.04   30.11
T-A     0.00    0.00    0.00    0.00    0.00    0.00    0.59   -0.87    3.15   -1.44   -1.56   36.19
