 146 base-pairs
   0  ***local base-pair & step parameters***
       Shear  Stretch  Stagger Buckle Prop-Tw Opening   Shift  Slide    Rise    Tilt    Roll   Twist
A-T     0.00    0.00    0.00    0.00    0.00    0.00    0.00    0.00    0.00    0.00    0.00    0.00
T-A     0.00    0.00    0.00    0.00    0.00    0.00   -1.01   -0.78    3.27   -2.23   -1.25   31.50
C-G     0.00    0.00    0.00    0.00    0.00    0.00    0.85   -0.08    2.97    4.03    3.24   36.52
A-T     0.00    0.00    0.00    0.00    0.00    0.00   -0.15    0.76    3.47   -2.74    3.93   35.56
A-T     0.00    0.00    0.00    0.00    0.00    0.00   -0.62    0.17    3.28   -5.23    0.41   38.25
T-A     0.00    0.00    0.00    0.00    0.00    0.00    0.59   -0.73    2.95    8.91   -2.21   33.34
A-T     0.00    0.00    0.00    0.00    0.00    0.00   -0.08   -0.12    3.64   -6.08   -3.13   40.31
T-A     0.00    0.00    0.00    0.00    0.00    0.00   -0.08   -1.01    3.18    6.91   -2.29   34.21
C-G     0.00    0.00    0.00    0.00    0.00    0.00    1.01    0.10    3.41   -0.11   -0.53   33.16
C-G     0.00    0.00    0.00    0.00    0.00    0.00   -0.26    0.00    3.12   -0.21    9.76   27.40
A-T     0.00    0.00    0.00    0.00    0.00    0.00   -1.17    0.54    3.46   -2.26    6.24   32.24
C-G     0.00    0.00    0.00    0.00    0.00    0.00    0.48   -0.95    3.32   -0.06    5.97   33.89
C-G     0.00    0.00    0.00    0.00    0.00    0.00    0.56   -0.17    3.41    0.81   12.66   30.57
T-A     0.00    0.00    0.00    0.00    0.00    0.00   -1.13    0.31    3.55   -5.64    7.37   32.09
G-C     0.00    0.00    0.00    0.00    0.00    0.00    0.56    1.14    3.24    3.96   -6.75   40.00
C-G     0.00    0.00    0.00    0.00    0.00    0.00   -0.29    0.15    3.51   -6.52    5.07   38.08
A-T     0.00    0.00    0.00    0.00    0.00    0.00    0.08    1.65    3.01    2.94  -21.51   41.28
G-C     0.00    0.00    0.00    0.00    0.00    0.00    0.43    0.11    3.53    3.27    1.72   36.34
A-T     0.00    0.00    0.00    0.00    0.00    0.00    0.09   -0.90    3.21    0.96   -5.90   36.33
T-A     0.00    0.00    0.00    0.00    0.00    0.00    0.17    0.21    3.03    2.57   -5.22   36.67
T-A     0.00    0.00    0.00    0.00    0.00    0.00    0.10   -1.41    3.37    3.69    4.18   29.63
C-G     0.00    0.00    0.00    0.00    0.00    0.00   -0.46   -0.31    2.76    3.43    9.80   27.03
T-A     0.00    0.00    0.00    0.00    0.00    0.00   -0.13   -0.43    3.77    1.69   11.63   28.75
A-T     0.00    0.00    0.00    0.00    0.00    0.00    1.80    0.81    3.72    1.39   22.18   33.71
C-G     0.00    0.00    0.00    0.00    0.00    0.00   -1.11   -0.19    2.88  -11.47    3.55   30.99
C-G     0.00    0.00    0.00    0.00    0.00    0.00    0.47   -0.22    2.76   13.01    7.91   29.44
A-T     0.00    0.00    0.00    0.00    0.00    0.00    0.08    2.64    3.12   -3.50  -15.16   42.16
A-T     0.00    0.00    0.00    0.00    0.00    0.00    0.40    0.41    3.66    2.94    3.32   38.71
A-T     0.00    0.00    0.00    0.00    0.00    0.00    0.64   -0.26    3.25   -0.20   -8.48   40.54
A-T     0.00    0.00    0.00    0.00    0.00    0.00   -0.20   -0.44    3.33   -3.44    3.66   31.59
G-C     0.00    0.00    0.00    0.00    0.00    0.00    0.31   -0.53    3.49    2.07   -0.82   37.01
T-A     0.00    0.00    0.00    0.00    0.00    0.00   -0.51   -0.76    3.05    2.96   -1.67   27.60
G-C     0.00    0.00    0.00    0.00    0.00    0.00    1.32    0.11    3.78    4.24   13.31   34.38
T-A     0.00    0.00    0.00    0.00    0.00    0.00   -1.50   -0.59    2.89   -4.01   16.30   23.71
A-T     0.00    0.00    0.00    0.00    0.00    0.00    0.31   -0.61    3.75   -3.51    1.05   42.64
T-A     0.00    0.00    0.00    0.00    0.00    0.00    0.29   -1.06    3.45    0.28    2.46   31.25
T-A     0.00    0.00    0.00    0.00    0.00    0.00    0.27   -0.27    3.00    4.44   -7.93   39.36
T-A     0.00    0.00    0.00    0.00    0.00    0.00   -0.11   -0.37    3.59   -8.01    4.55   31.41
G-C     0.00    0.00    0.00    0.00    0.00    0.00   -0.83    2.31    3.16    2.44  -21.47   47.64
G-C     0.00    0.00    0.00    0.00    0.00    0.00    0.99    0.98    3.46    5.62    5.82   29.40
A-T     0.00    0.00    0.00    0.00    0.00    0.00   -1.32    0.97    3.04  -10.97    0.75   36.94
A-T     0.00    0.00    0.00    0.00    0.00    0.00    0.39   -0.31    3.25   -1.93    4.49   33.71
A-T     0.00    0.00    0.00    0.00    0.00    0.00   -0.18   -0.09    3.59   -1.39   14.68   31.72
C-G     0.00    0.00    0.00    0.00    0.00    0.00    0.30   -0.43    2.92    3.42   -2.31   33.13
T-A     0.00    0.00    0.00    0.00    0.00    0.00    1.17   -0.11    3.30    1.99   12.35   33.39
G-C     0.00    0.00    0.00    0.00    0.00    0.00   -1.43    0.38    3.62   -6.02   10.48   36.80
C-G     0.00    0.00    0.00    0.00    0.00    0.00    0.48    1.06    3.61    0.18  -11.98   46.69
T-A     0.00    0.00    0.00    0.00    0.00    0.00   -1.18   -0.14    2.75   -0.17   -1.12   31.18
C-G     0.00    0.00    0.00    0.00    0.00    0.00    1.58    1.78    3.25    7.69  -10.63   42.83
C-G     0.00    0.00    0.00    0.00    0.00    0.00   -0.90    0.39    3.43   -4.55    6.01   36.08
A-T     0.00    0.00    0.00    0.00    0.00    0.00    0.33    1.04    3.42   -4.91   -4.08   41.32
T-A     0.00    0.00    0.00    0.00    0.00    0.00    0.81   -0.47    2.88    6.72    0.64   29.25
C-G     0.00    0.00    0.00    0.00    0.00    0.00    0.19   -0.13    3.55    2.91   10.23   32.90
A-T     0.00    0.00    0.00    0.00    0.00    0.00   -0.24    0.32    4.09    4.65   18.75   34.86
A-T     0.00    0.00    0.00    0.00    0.00    0.00    0.39    0.62    3.10   -5.11    6.97   42.76
A-T     0.00    0.00    0.00    0.00    0.00    0.00   -0.79    0.42    2.97   -3.80   -4.95   35.49
A-T     0.00    0.00    0.00    0.00    0.00    0.00   -0.29   -0.91    3.57   -5.28    0.18   35.06
G-C     0.00    0.00    0.00    0.00    0.00    0.00   -0.16    0.99    3.60   -1.58   -6.76   40.75
G-C     0.00    0.00    0.00    0.00    0.00    0.00   -1.03    0.12    3.24   -7.70  -28.88   30.44
C-G     0.00    0.00    0.00    0.00    0.00    0.00    1.53    0.00    4.50    1.54  -20.80   38.76
A-T     0.00    0.00    0.00    0.00    0.00    0.00   -0.26    0.85    3.30   13.58    7.45   42.30
T-A     0.00    0.00    0.00    0.00    0.00    0.00    0.48   -0.56    3.29   -1.63   16.27   22.23
G-C     0.00    0.00    0.00    0.00    0.00    0.00   -0.12    1.28    4.13   -1.93    8.39   40.86
T-A     0.00    0.00    0.00    0.00    0.00    0.00   -0.68   -0.69    3.34   -0.38    7.59   27.16
T-A     0.00    0.00    0.00    0.00    0.00    0.00    0.26    0.09    3.02    2.76    3.51   31.95
C-G     0.00    0.00    0.00    0.00    0.00    0.00    0.91    0.68    3.21    5.46    7.43   36.95
A-T     0.00    0.00    0.00    0.00    0.00    0.00   -0.79    1.55    3.68   -3.54   -5.53   44.51
G-C     0.00    0.00    0.00    0.00    0.00    0.00    0.77    1.03    3.50    6.19   -1.73   32.41
C-G     0.00    0.00    0.00    0.00    0.00    0.00   -0.50    0.65    3.30   -7.25   -4.36   40.94
T-A     0.00    0.00    0.00    0.00    0.00    0.00    0.07    0.92    3.29    4.88   -1.28   36.48
G-C     0.00    0.00    0.00    0.00    0.00    0.00    0.93    1.07    3.18   -0.66    3.89   34.49
A-T     0.00    0.00    0.00    0.00    0.00    0.00   -0.78    0.09    3.35   -5.97    7.18   34.34
A-T     0.00    0.00    0.00    0.00    0.00    0.00   -0.11   -0.34    3.19    1.35    4.52   33.65
T-A     0.00    0.00    0.00    0.00    0.00    0.00    0.15   -0.71    3.40   -0.29    8.38   29.24
T-A     0.00    0.00    0.00    0.00    0.00    0.00   -0.06   -0.38    3.18    3.28    8.16   33.73
C-G     0.00    0.00    0.00    0.00    0.00    0.00   -0.04    0.24    3.28    1.96    6.00   30.15
A-T     0.00    0.00    0.00    0.00    0.00    0.00   -0.58    1.77    3.38   -1.25   -0.27   42.22
G-C     0.00    0.00    0.00    0.00    0.00    0.00    0.87    0.76    3.35   -1.45   -3.82   36.01
C-G     0.00    0.00    0.00    0.00    0.00    0.00   -1.01    1.01    3.36   -2.80   -7.12   38.32
T-A     0.00    0.00    0.00    0.00    0.00    0.00    1.14    1.47    3.78    3.14   -4.94   43.32
G-C     0.00    0.00    0.00    0.00    0.00    0.00   -0.65    0.85    2.91   -2.44    6.07   33.69
A-T     0.00    0.00    0.00    0.00    0.00    0.00   -0.55    0.20    3.39   -2.52    4.92   33.25
A-T     0.00    0.00    0.00    0.00    0.00    0.00    0.47    0.11    3.27    3.02    9.38   33.84
C-G     0.00    0.00    0.00    0.00    0.00    0.00    0.11   -0.52    3.34   -0.84    5.32   30.21
A-T     0.00    0.00    0.00    0.00    0.00    0.00   -0.33    0.54    3.62    1.34   11.40   35.48
T-A     0.00    0.00    0.00    0.00    0.00    0.00    0.12   -0.48    3.15    0.19    0.07   27.66
G-C     0.00    0.00    0.00    0.00    0.00    0.00    1.04    0.40    3.37    0.73    8.66   36.20
C-G     0.00    0.00    0.00    0.00    0.00    0.00   -1.64    0.46    3.38   -3.26  -14.53   37.54
C-G     0.00    0.00    0.00    0.00    0.00    0.00    0.72    1.53    3.98    2.97   -7.91   46.13
T-A     0.00    0.00    0.00    0.00    0.00    0.00   -0.37    1.44    3.41    0.40   -8.93   41.17
T-A     0.00    0.00    0.00    0.00    0.00    0.00    0.43    0.14    2.89   -2.18    4.47   31.55
T-A     0.00    0.00    0.00    0.00    0.00    0.00    0.21   -0.04    3.32    0.24    9.53   31.07
T-A     0.00    0.00    0.00    0.00    0.00    0.00   -0.05    0.32    3.46    2.96   13.36   33.38
G-C     0.00    0.00    0.00    0.00    0.00    0.00   -0.07   -1.14    3.87    3.85   20.11   23.41
A-T     0.00    0.00    0.00    0.00    0.00    0.00    0.17   -0.02    2.88   -7.68    8.29   32.23
T-A     0.00    0.00    0.00    0.00    0.00    0.00   -0.27   -0.79    3.29   -3.52    3.87   25.41
G-C     0.00    0.00    0.00    0.00    0.00    0.00   -0.28    0.85    3.14    2.13   -1.61   39.08
G-C     0.00    0.00    0.00    0.00    0.00    0.00    0.95    0.35    3.47    6.26    2.26   33.60
A-T     0.00    0.00    0.00    0.00    0.00    0.00   -1.11    1.30    3.22   -7.90   -5.04   43.17
G-C     0.00    0.00    0.00    0.00    0.00    0.00    1.15    0.28    3.13   -0.54   -7.18   35.12
C-G     0.00    0.00    0.00    0.00    0.00    0.00   -0.56    0.24    3.45    0.55   -3.14   35.39
A-T     0.00    0.00    0.00    0.00    0.00    0.00    1.13    0.48    3.42    3.49    3.70   36.74
G-C     0.00    0.00    0.00    0.00    0.00    0.00   -1.36   -0.21    3.71   -3.92   10.23   36.83
T-A     0.00    0.00    0.00    0.00    0.00    0.00   -0.87   -0.48    3.15   -0.47   13.36   29.96
T-A     0.00    0.00    0.00    0.00    0.00    0.00   -0.61   -0.22    3.24   -2.30    0.02   32.24
T-A     0.00    0.00    0.00    0.00    0.00    0.00    0.87    0.06    3.21    1.15    8.66   34.44
C-G     0.00    0.00    0.00    0.00    0.00    0.00    1.21    0.98    2.86    9.21    1.16   35.96
C-G     0.00    0.00    0.00    0.00    0.00    0.00   -1.14    1.01    3.59   -9.76    6.20   30.58
A-T     0.00    0.00    0.00    0.00    0.00    0.00    0.29    2.30    3.26    7.57  -19.82   48.18
A-T     0.00    0.00    0.00    0.00    0.00    0.00    0.26   -0.35    3.12   -2.14    4.56   32.09
A-T     0.00    0.00    0.00    0.00    0.00    0.00   -0.76   -0.43    3.67   -0.65    3.10   37.97
T-A     0.00    0.00    0.00    0.00    0.00    0.00   -0.24   -0.58    3.05    1.26   -5.38   31.08
A-T     0.00    0.00    0.00    0.00    0.00    0.00    0.17   -0.30    3.25  -12.82    4.99   38.13
C-G     0.00    0.00    0.00    0.00    0.00    0.00    0.06   -0.95    3.00    4.14    2.95   22.67
A-T     0.00    0.00    0.00    0.00    0.00    0.00    0.11   -0.31    3.89    4.37   11.71   41.02
C-G     0.00    0.00    0.00    0.00    0.00    0.00    0.80   -0.42    3.33   -0.45    7.52   35.61
T-A     0.00    0.00    0.00    0.00    0.00    0.00   -0.56   -0.17    3.22    0.27    5.47   33.59
T-A     0.00    0.00    0.00    0.00    0.00    0.00    0.14   -0.05    3.47   -4.36   -4.09   34.40
T-A     0.00    0.00    0.00    0.00    0.00    0.00   -0.81   -0.26    3.04    1.54    1.32   33.56
T-A     0.00    0.00    0.00    0.00    0.00    0.00   -0.34    0.33    3.52   -1.28   -6.43   41.20
G-C     0.00    0.00    0.00    0.00    0.00    0.00   -0.08    2.48    3.31    0.35   -3.74   40.75
G-C     0.00    0.00    0.00    0.00    0.00    0.00   -0.44    0.22    2.63  -11.41    2.00   26.31
T-A     0.00    0.00    0.00    0.00    0.00    0.00    0.53   -0.44    3.26    2.90    7.17   31.04
A-T     0.00    0.00    0.00    0.00    0.00    0.00   -0.65    0.24    3.59    4.56   14.58   35.44
G-C     0.00    0.00    0.00    0.00    0.00    0.00    0.27    0.06    3.32   -0.57   10.78   29.63
A-T     0.00    0.00    0.00    0.00    0.00    0.00   -0.38   -0.85    3.06   -4.02   14.27   24.47
A-T     0.00    0.00    0.00    0.00    0.00    0.00    0.97   -0.48    3.08   -8.36    2.27   36.76
T-A     0.00    0.00    0.00    0.00    0.00    0.00   -0.47   -1.03    3.31    0.86  -10.45   30.13
C-G     0.00    0.00    0.00    0.00    0.00    0.00    0.38   -0.62    3.49    2.89   -3.19   40.67
T-A     0.00    0.00    0.00    0.00    0.00    0.00   -0.92   -0.37    3.43   -5.06    5.12   32.13
G-C     0.00    0.00    0.00    0.00    0.00    0.00   -0.32    2.27    2.94    1.34  -17.28   45.75
C-G     0.00    0.00    0.00    0.00    0.00    0.00    0.28    0.57    3.05    4.65    6.10   30.73
A-T     0.00    0.00    0.00    0.00    0.00    0.00    0.30    2.53    3.45    1.22   -4.67   45.03
G-C     0.00    0.00    0.00    0.00    0.00    0.00    0.29    0.87    2.85   -5.67    8.43   28.40
G-C     0.00    0.00    0.00    0.00    0.00    0.00   -0.35   -0.44    3.56   -0.11   17.26   32.10
T-A     0.00    0.00    0.00    0.00    0.00    0.00   -0.69   -0.51    3.35   -2.13    6.02   32.99
G-C     0.00    0.00    0.00    0.00    0.00    0.00    0.18   -0.04    3.43    2.03    9.31   33.65
G-C     0.00    0.00    0.00    0.00    0.00    0.00    0.57    0.37    3.18   -0.48    5.96   28.55
A-T     0.00    0.00    0.00    0.00    0.00    0.00   -0.42   -0.42    3.13   -3.41    3.01   39.37
T-A     0.00    0.00    0.00    0.00    0.00    0.00   -0.28   -0.77    3.31   -1.47   -3.18   29.90
A-T     0.00    0.00    0.00    0.00    0.00    0.00   -0.09   -0.01    3.69    2.73   -2.23   42.01
T-A     0.00    0.00    0.00    0.00    0.00    0.00   -0.66   -0.69    3.08   -6.49   -4.08   30.73
T-A     0.00    0.00    0.00    0.00    0.00    0.00    0.80    0.08    3.27    4.70    1.92   36.21
G-C     0.00    0.00    0.00    0.00    0.00    0.00   -0.28   -0.02    3.43    3.52    3.53   36.95
A-T     0.00    0.00    0.00    0.00    0.00    0.00    0.02    0.00    3.22   -1.84    6.82   30.04
T-A     0.00    0.00    0.00    0.00    0.00    0.00    0.68   -0.79    3.21   -2.21   -0.32   36.29
