  16 base-pairs
   0  ***local base-pair & step parameters***
       Shear  Stretch  Stagger Buckle Prop-Tw Opening   Shift  Slide    Rise    Tilt    Roll   Twist
A-A     0.00    0.00    0.00    0.00    0.00    0.00    0.00    0.00    3.32    0.00    0.00   35.40
A-C     0.00    0.00    0.00    0.00    0.00    0.00    0.00    0.00    3.32    0.00    0.00   35.40
A-G     0.00    0.00    0.00    0.00    0.00    0.00    0.00    0.00    3.32    0.00    0.00   35.40
A-T     0.00    0.00    0.00    0.00    0.00    0.00    0.00    0.00    3.32    0.00    0.00   35.40
C-A     0.00    0.00    0.00    0.00    0.00    0.00    0.00    0.00    3.32    0.00    0.00   35.40
C-C     0.00    0.00    0.00    0.00    0.00    0.00    0.00    0.00    3.32    0.00    0.00   35.40
C-G     0.00    0.00    0.00    0.00    0.00    0.00    0.00    0.00    3.32    0.00    0.00   35.40
C-T     0.00    0.00    0.00    0.00    0.00    0.00    0.00    0.00    3.32    0.00    0.00   35.40
G-A     0.00    0.00    0.00    0.00    0.00    0.00    0.00    0.00    3.32    0.00    0.00   35.40
G-C     0.00    0.00    0.00    0.00    0.00    0.00    0.00    0.00    3.32    0.00    0.00   35.40
G-G     0.00    0.00    0.00    0.00    0.00    0.00    0.00    0.00    3.32    0.00    0.00   35.40
G-T     0.00    0.00    0.00    0.00    0.00    0.00    0.00    0.00    3.32    0.00    0.00   35.40
T-A     0.00    0.00    0.00    0.00    0.00    0.00    0.00    0.00    3.32    0.00    0.00   35.40
T-C     0.00    0.00    0.00    0.00    0.00    0.00    0.00    0.00    3.32    0.00    0.00   35.40
T-G     0.00    0.00    0.00    0.00    0.00    0.00    0.00    0.00    3.32    0.00    0.00   35.40
T-T     0.00    0.00    0.00    0.00    0.00    0.00    0.00    0.00    3.32    0.00    0.00   35.40
