  16 base-pairs
   0  ***local base-pair & step parameters***
       Shear  Stretch  Stagger Buckle Prop-Tw Opening   Shift  Slide    Rise    Tilt    Roll   Twist 
A-A    -0.06   -0.02   -0.03    0.14   -6.91    0.44   -0.06   -0.03    3.17   -1.49    1.32   31.92
A-C     0.03   -0.02   -0.02   -1.43   -7.77    0.20   -0.05    0.04    3.19    0.27    2.14   32.00
A-G     0.03   -0.02   -0.02   -1.43   -7.76    0.21    0.10   -0.25    3.22   -0.58    3.16   28.49
A-T    -0.06   -0.02   -0.03    0.13   -6.91    0.43   -0.00   -0.08    3.12    0.00    2.01   30.18
C-A    -0.06   -0.02   -0.03    0.12   -6.92    0.42    0.02    0.25    3.12    0.21    9.19   27.86
C-C     0.03   -0.02   -0.02   -1.44   -7.79    0.20    0.15   -0.28    3.34    0.15    5.68   29.57
C-G     0.03   -0.02   -0.02   -1.42   -7.77    0.20    0.00    0.30    3.07    0.00    8.07   27.24
C-T    -0.06   -0.02   -0.03    0.13   -6.90    0.42   -0.10   -0.25    3.22   +0.58    3.15   28.50
G-A    -0.06   -0.02   -0.03    0.13   -6.91    0.42   -0.05    0.22    3.23   -0.30    3.72   32.99
G-C     0.03   -0.02   -0.02   -1.41   -7.76    0.20   -0.00    0.24    3.23    0.00    1.65   34.74
G-G     0.03   -0.02   -0.02   -1.44   -7.76    0.21   -0.15   -0.28    3.34   -0.16    5.68   29.57
G-T    -0.06   -0.02   -0.03    0.13   -6.92    0.43   +0.05    0.04    3.19   -0.27    2.13   32.00
T-A    -0.06   -0.02   -0.03    0.13   -6.90    0.43   -0.00    0.24    3.17    0.00   10.30   28.82
T-C     0.03   -0.02   -0.02   -1.43   -7.78    0.20   +0.05    0.22    3.23    0.30    3.71   32.99
T-G     0.03   -0.02   -0.02   -1.42   -7.77    0.20   -0.02    0.25    3.12   -0.21    9.19   27.85
T-T    -0.06   -0.02   -0.03    0.11   -6.90    0.43   +0.06   -0.03    3.17   +1.50    1.31   31.92
