  16 base-pairs
   0  ***local base-pair & step parameters***
       Shear  Stretch  Stagger Buckle Prop-Tw Opening   Shift  Slide    Rise    Tilt    Roll   Twist 
A-A     0.00    0.00    0.00    0.00    0.00    0.00   -0.03   -0.08    3.27   -1.40    0.70   35.10
A-C     0.00    0.00    0.00    0.00    0.00    0.00    0.13   -0.58    3.36   -0.10    0.70   31.50
A-G     0.00    0.00    0.00    0.00    0.00    0.00    0.09   -0.25    3.34   -1.70    4.50   31.90
A-T     0.00    0.00    0.00    0.00    0.00    0.00    0.00   -0.59    3.31    0.00    1.10   29.30
C-A     0.00    0.00    0.00    0.00    0.00    0.00    0.09    0.53    3.33    0.50    4.70   37.30
C-C     0.00    0.00    0.00    0.00    0.00    0.00   -0.05   -0.22    3.42    0.10    3.60   32.90
C-G     0.00    0.00    0.00    0.00    0.00    0.00    0.00    0.41    3.39    0.00    5.40   36.10
C-T     0.00    0.00    0.00    0.00    0.00    0.00   -0.09   -0.25    3.34    1.70    4.50   31.90
G-A     0.00    0.00    0.00    0.00    0.00    0.00   -0.28    0.09    3.37   -1.50    1.90   36.30
G-C     0.00    0.00    0.00    0.00    0.00    0.00    0.00   -0.38    3.40    0.00    0.30   33.60
G-G     0.00    0.00    0.00    0.00    0.00    0.00    0.05   -0.22    3.42   -0.10    3.60   32.90
G-T     0.00    0.00    0.00    0.00    0.00    0.00   -0.13   -0.58    3.36    0.10    0.70   31.50
T-A     0.00    0.00    0.00    0.00    0.00    0.00    0.00    0.05    3.42    0.00    3.30   37.80
T-C     0.00    0.00    0.00    0.00    0.00    0.00    0.28    0.09    3.37    1.50    1.90   36.30
T-G     0.00    0.00    0.00    0.00    0.00    0.00   -0.09    0.53    3.33   -0.50    4.70   37.30
T-T     0.00    0.00    0.00    0.00    0.00    0.00    0.03   -0.08    3.27    1.40    0.70   35.10
