  16 base-pairs
   0  ***local base-pair & step parameters***
       Shear  Stretch  Stagger Buckle Prop-Tw Opening   Shift  Slide    Rise    Tilt    Roll   Twist 
A-A     0.00    0.00    0.00    0.00    0.00    0.00    0.00   -0.14    3.28   -0.80    0.10   35.50
A-C     0.00    0.00    0.00    0.00    0.00    0.00   -0.30   -0.20    3.28   -1.30   -0.30   33.10
A-G     0.00    0.00    0.00    0.00    0.00    0.00    0.27    0.25    3.24   -2.40    3.60   30.60
A-T     0.00    0.00    0.00    0.00    0.00    0.00    0.00   -0.49    3.34    0.00   -0.90   31.60
C-A     0.00    0.00    0.00    0.00    0.00    0.00   -0.01    1.47    3.26    0.20    1.70   37.70
C-C     0.00    0.00    0.00    0.00    0.00    0.00    0.17    0.64    3.41    2.00    5.20   35.30
C-G     0.00    0.00    0.00    0.00    0.00    0.00    0.00    0.82    3.23    0.00    6.20   31.30
C-T     0.00    0.00    0.00    0.00    0.00    0.00   -0.27    0.25    3.24    2.40    3.60   30.60
G-A     0.00    0.00    0.00    0.00    0.00    0.00    0.02   -0.06    3.39   -1.10    0.50   39.60
G-C     0.00    0.00    0.00    0.00    0.00    0.00    0.00    0.38    3.54    0.00   -6.00   38.40
G-G     0.00    0.00    0.00    0.00    0.00    0.00   -0.17    0.64    3.41   -2.00    5.20   35.30
G-T     0.00    0.00    0.00    0.00    0.00    0.00    0.30   -0.20    3.28    1.30   -0.30   33.10
T-A     0.00    0.00    0.00    0.00    0.00    0.00    0.00    0.87    3.43    0.00   -0.10   43.20
T-C     0.00    0.00    0.00    0.00    0.00    0.00   -0.02   -0.06    3.39    1.10    0.50   39.60
T-G     0.00    0.00    0.00    0.00    0.00    0.00    0.01    1.47    3.26   -0.20    1.70   37.70
T-T     0.00    0.00    0.00    0.00    0.00    0.00    0.00   -0.14    3.28    0.80    0.10   35.50
