       1        371.1601
       2        391.0845
       3        391.1987
       4        372.8253
       5        385.5466
       6        378.9426
       7        381.3109
       8        387.0248
       9        380.1580
      10        372.8891
      11        370.2918
      12        374.0000
      13        386.3771
      14        387.5896
      15        381.9908
      16        383.7000
      17        371.4629
      18        397.2541
      19        387.3135
      20        384.1489
      21        368.8444
      22        395.5681
      23        387.3414
      24        383.2556
      25        393.3248
      26        384.4540
      27        391.3192
      28        380.8731
      29        379.5556
      30        370.4243
      31        362.2740
      32        391.8579
      33        365.8391
      34        384.1433
      35        383.8834
      36        386.3817
      37        390.1244
      38        381.5961
      39        379.8922
      40        383.1447
      41        379.9326
      42        389.1234
      43        351.8949
      44        392.2655
      45        373.6607
      46        399.9992
      47        399.0505
      48        384.9961
      49        392.3936
      50        384.6194
      51        385.5780
      52        374.2318
      53        394.9789
      54        392.4751
      55        375.7522
      56        402.1696
      57        375.6820
      58        379.7717
      59        390.2732
      60        372.1178
      61        384.1809
      62        381.4368
      63        385.3054
      64        385.6190
      65        375.6786
      66        397.4045
      67        376.3766
      68        399.9626
      69        368.9598
      70        386.3670
      71        384.8488
      72        375.5695
      73        403.4099
      74        386.4519
      75        380.1051
      76        396.0064
      77        381.5224
      78        390.9854
      79        386.9128
      80        383.1284
      81        376.6780
      82        376.2176
      83        400.1576
      84        378.0234
      85        381.4310
      86        405.4125
      87        368.6824
      88        374.9889
      89        405.3811
      90        380.2055
      91        396.0032
      92        387.8231
      93        392.1638
      94        372.8378
      95        400.9294
      96        384.9437
      97        386.5966
      98        392.1205
      99        370.8506
     100        390.2205
     101        401.1225
     102        385.6283
     103        396.7932
     104        378.3499
     105        398.1186
     106        378.4483
     107        391.3244
     108        401.7248
     109        374.0451
     110        390.4395
     111        372.5442
     112        379.3438
     113        411.3231
     114        389.6132
     115        373.9528
     116        384.8788
     117        395.7503
     118        398.6133
     119        384.1825
     120        388.9206
     121        384.2250
     122        392.9154
     123        391.5094
     124        393.0105
     125        398.7906
     126        366.8711
     127        410.1975
     128        379.7372
     129        401.5141
     130        392.1591
     131        379.3979
     132        386.2926
     133        406.2931
     134        400.5581
     135        390.4516
     136        382.4561
     137        413.5206
     138        366.0331
     139        384.7863
     140        377.9448
     141        382.3873
     142        392.4473
     143        384.5643
     144        402.1078
     145        387.7781
     146        407.0376
     147        370.8365
     148        394.7440
     149        404.4831
     150        373.0939
     151        395.0681
     152        365.3989
     153        379.1203
     154        392.4299
     155        400.4054
     156        396.3609
     157        391.2350
     158        375.6305
     159        410.5883
     160        368.0759
     161        412.4619
     162        369.7625
     163        375.5043
     164        410.2385
     165        371.6217
     166        393.1263
     167        379.5379
     168        393.9714
     169        386.9240
     170        385.1717
     171        388.1368
     172        393.6295
     173        391.9663
     174        405.9623
     175        365.1656
     176        401.2244
     177        367.6816
     178        400.8334
     179        387.1522
     180        385.2396
     181        387.1418
     182        391.3499
     183        384.4062
     184        382.0682
     185        397.1182
     186        376.6113
     187        393.6767
     188        398.1530
     189        365.8074
     190        394.4857
     191        393.2315
     192        399.8083
     193        382.2941
     194        388.6782
     195        384.6019
     196        411.7951
     197        381.2985
     198        385.2723
     199        374.8440
     200        392.9193
     201        392.4142
     202        387.7581
     203        386.5355
     204        392.6721
     205        371.5570
     206        400.7123
     207        383.0450
     208        387.0126
     209        391.4251
     210        369.7048
     211        385.8270
     212        388.7698
     213        378.1081
     214        385.1204
     215        392.8847
     216        370.0157
     217        387.5685
     218        390.9782
     219        385.4332
     220        380.8919
     221        401.5385
     222        372.7548
     223        385.4253
     224        392.6925
     225        380.3143
     226        381.8407
     227        377.8861
     228        397.0732
     229        376.5757
     230        391.0567
     231        380.6430
     232        388.3146
     233        391.8634
     234        361.8158
     235        391.9469
     236        372.7058
     237        389.5759
     238        394.5033
     239        374.8710
     240        374.3840
     241        399.1069
     242        383.1701
     243        391.6162
     244        367.1841
     245        395.8409
     246        373.7119
     247        375.5563
     248        383.3678
     249        381.3554
     250        384.6668
     251        389.7514
     252        372.3102
     253        376.2767
     254        386.8665
     255        374.7388
     256        377.3009
     257        377.9061
     258        368.8917
     259        375.2353
     260        371.1992
     261        377.1129
     262        401.1324
     263        377.1623
     264        370.0291
     265        387.4444
     266        372.3080
     267        381.5309
     268        354.3512
     269        388.8654
     270        363.2286
     271        402.9293
     272        373.0309
     273        369.2187
     274        393.9070
     275        382.3315
     276        368.0366
     277        382.5669
     278        368.9616
     279        369.2090
     280        380.7268
     281        375.2659
     282        375.0762
     283        370.2838
     284        378.5604
     285        387.0646
     286        376.0499
     287        371.9817
     288        357.8924
     289        407.6404
     290        366.2234
     291        391.3489
     292        382.3125
     293        375.5684
     294        374.8835
     295        370.3535
     296        388.9813
     297        374.4058
     298        377.6389
     299        388.7294
     300        352.0125
     301        399.7198
     302        390.5106
     303        374.6977
     304        376.4114
     305        383.2899
     306        371.4192
     307        377.2497
     308        377.7109
     309        369.3118
     310        365.3932
     311        393.6030
     312        379.4465
     313        375.4746
     314        388.2456
     315        377.1445
     316        385.1107
     317        370.4265
     318        368.6747
     319        368.3333
     320        371.2377
     321        394.0569
     322        362.6785
     323        388.4673
     324        396.2031
     325        375.7322
     326        396.6751
     327        367.5273
     328        381.8721
     329        377.2146
     330        366.6460
     331        374.8558
     332        381.0720
     333        395.1391
     334        398.3384
     335        375.3181
     336        398.6873
     337        373.7244
     338        391.3716
     339        379.6028
     340        374.0572
     341        374.8911
     342        373.7294
     343        395.0582
     344        383.6092
     345        391.5082
     346        398.4016
     347        370.1910
     348        405.6008
     349        375.8794
     350        371.7190
     351        380.2111
     352        376.2031
     353        390.8833
     354        371.8627
     355        388.6567
     356        416.9279
     357        383.9607
     358        381.7100
     359        362.8503
     360        403.5579
     361        374.2166
     362        377.1834
     363        392.7742
     364        390.1655
     365        404.0287
     366        400.2883
     367        382.9700
     368        386.3190
     369        381.0370
     370        398.0313
     371        368.6238
     372        372.0753
     373        382.1297
     374        401.1118
     375        401.4604
     376        389.1680
     377        383.6334
     378        391.5706
     379        394.5698
     380        379.5626
     381        379.6711
     382        369.6054
     383        390.9799
     384        400.1431
     385        403.4677
     386        391.2978
     387        401.6781
     388        386.8144
     389        375.7628
     390        393.3183
     391        374.5776
     392        385.8469
     393        376.6861
     394        393.0801
     395        396.3974
     396        387.0240
     397        402.2679
     398        394.0963
     399        385.3503
     400        384.4910
     401        375.3880
     402        394.7861
     403        373.6346
     404        393.5363
     405        388.4942
     406        409.7226
     407        401.8757
     408        386.6293
     409        389.1669
     410        392.9481
     411        393.0514
     412        392.4608
     413        371.0693
     414        390.8584
     415        382.3302
     416        400.1220
     417        392.1477
     418        367.0815
     419        398.6212
     420        405.6222
     421        392.8091
     422        387.6288
     423        369.3515
     424        398.8096
     425        384.0243
     426        404.2146
     427        404.7190
     428        403.2795
     429        392.2536
     430        397.5555
     431        382.0271
     432        370.3727
     433        384.7224
     434        403.8643
     435        377.7425
     436        395.0312
     437        389.3615
     438        411.5166
     439        402.8214
     440        381.1018
     441        394.6606
     442        376.8056
     443        390.7181
     444        388.0762
     445        373.7484
     446        406.2863
     447        384.5543
     448        407.9328
     449        393.5332
     450        393.5362
     451        393.6824
     452        391.7466
     453        387.7397
     454        389.3146
     455        384.5869
     456        396.1152
     457        384.9794
     458        406.4460
     459        386.8672
     460        400.6259
     461        392.1375
     462        395.6700
     463        396.0433
     464        392.5173
     465        384.5745
     466        399.6184
     467        391.9980
     468        387.6856
     469        386.8757
     470        397.6101
     471        384.3466
     472        398.7660
     473        382.8714
     474        378.4227
     475        396.1915
     476        379.4207
     477        398.4655
     478        394.2089
     479        388.3929
     480        380.4669
     481        389.0773
     482        405.1030
     483        385.4626
     484        398.4751
     485        388.3530
     486        372.8223
     487        388.3010
     488        390.7741
     489        394.5114
     490        381.4406
     491        394.9167
     492        384.5318
     493        392.6422
     494        400.2136
     495        385.4908
     496        390.6872
     497        385.9258
     498        385.4453
     499        397.5101
     500        377.4436
     501        383.9858
     502        392.7760
     503        386.8721
     504        395.4039
     505        391.5963
     506        396.0972
     507        396.3693
     508        395.2461
     509        385.8917
     510        378.4316
     511        403.6704
     512        388.9111
     513        390.6050
     514        397.9337
     515        391.8193
     516        390.9353
     517        382.1888
     518        398.5912
     519        397.1280
     520        383.9266
     521        386.3512
     522        367.7455
     523        399.3095
     524        377.1436
     525        384.0783
     526        397.8654
     527        388.9063
     528        398.0735
     529        383.4561
     530        389.8220
     531        394.3817
     532        394.6262
     533        382.5830
     534        389.9719
     535        382.3203
     536        407.1749
     537        381.9493
     538        401.4528
     539        387.2725
     540        394.6414
     541        391.7852
     542        379.9597
     543        402.2349
     544        363.2215
     545        399.3901
     546        377.9900
     547        399.9347
     548        370.7521
     549        398.7264
     550        387.9957
     551        380.8757
     552        387.6399
     553        404.7450
     554        376.5397
     555        402.4198
     556        364.2523
     557        386.1447
     558        395.1698
     559        383.9406
     560        399.4163
     561        366.5607
     562        403.4021
     563        380.3286
     564        386.5331
     565        382.5651
     566        379.1589
     567        395.7776
     568        370.9502
     569        398.1176
     570        389.9963
     571        391.2293
     572        396.1332
     573        375.9392
     574        377.8741
     575        389.5888
     576        378.8300
     577        399.7474
     578        376.7711
     579        409.3023
     580        364.8535
     581        385.4959
     582        413.8760
     583        375.8635
     584        385.9223
     585        369.3616
     586        387.1318
     587        379.9492
     588        380.6432
     589        379.2798
     590        402.2600
     591        397.2454
     592        378.1613
     593        366.2572
     594        409.3252
     595        373.3417
     596        394.4975
     597        372.4405
     598        385.2486
     599        403.1451
     600        367.8932
     601        399.5339
     602        368.1592
     603        404.6432
     604        384.8149
     605        392.1928
     606        387.9079
     607        372.2653
     608        389.1276
     609        376.5973
     610        378.5185
     611        418.7948
     612        366.4881
     613        396.0643
     614        396.9484
     615        381.7316
     616        391.8971
     617        381.7715
     618        392.1547
     619        386.6709
     620        396.5817
     621        396.8023
     622        375.3756
     623        396.3756
     624        363.4646
     625        387.9158
     626        380.4101
     627        389.1765
     628        382.3886
     629        392.4227
     630        381.5489
     631        400.6257
     632        369.5369
     633        400.9214
     634        372.3381
     635        388.8923
     636        385.9582
     637        388.3594
     638        402.1828
     639        373.8398
     640        387.6051
     641        393.0954
     642        394.6829
     643        385.8034
     644        369.4572
     645        394.5030
     646        377.2646
     647        386.6621
     648        369.5821
     649        372.4820
     650        394.4021
     651        395.4700
     652        390.3483
     653        384.0228
     654        376.4983
     655        392.1420
     656        391.5161
     657        404.2777
     658        381.3933
     659        393.1913
     660        378.3482
     661        390.3298
     662        397.1926
     663        377.1653
     664        371.6458
     665        386.3134
     666        385.5814
     667        380.0620
     668        366.4590
     669        394.5425
     670        388.0984
     671        399.9093
     672        377.0398
     673        391.1000
     674        383.8680
     675        376.4503
     676        356.7034
     677        391.1898
     678        381.2282
     679        392.5239
     680        373.8987
     681        393.6368
     682        380.1733
     683        382.9711
     684        399.5423
     685        370.4072
     686        374.9666
     687        358.0121
     688        390.5927
     689        382.2906
     690        370.1673
     691        385.3767
     692        379.1131
     693        392.1338
     694        386.3414
     695        380.0507
     696        366.7976
     697        381.7721
     698        380.6282
     699        371.7212
     700        375.6082
     701        394.7241
     702        379.8382
     703        377.1506
     704        386.3119
     705        382.5275
     706        375.1880
     707        390.1590
     708        359.3331
     709        376.9760
     710        385.5359
     711        380.4454
     712        383.6307
     713        388.1281
     714        366.9797
     715        381.3799
     716        381.7912
     717        375.1295
     718        363.5151
     719        369.4473
     720        375.2893
     721        394.2539
     722        376.9789
     723        393.7141
     724        390.7345
     725        396.6362
     726        371.8358
     727        369.0289
     728        367.6133
     729        373.5882
     730        373.4246
     731        397.0563
     732        378.5321
     733        389.7666
     734        381.5758
     735        374.7405
     736        385.6280
     737        376.0294
     738        377.9914
     739        358.5653
     740        386.0410
     741        381.3464
     742        390.2431
     743        391.6977
     744        407.3582
     745        374.4500
     746        403.3533
     747        375.4545
     748        374.7013
     749        378.6905
     750        367.9207
     751        369.2077
     752        399.2380
     753        394.6312
     754        378.2252
     755        385.5943
     756        395.2347
     757        357.1241
     758        374.1792
     759        368.0117
     760        361.9010
     761        386.5208
     762        374.8203
     763        402.2695
     764        392.7853
     765        374.9609
     766        383.0090
     767        370.7767
     768        382.4702
     769        361.3221
     770        356.4344
     771        378.5303
     772        377.4032
     773        396.7216
     774        381.3031
     775        374.6197
     776        385.9930
     777        369.6893
     778        375.9278
     779        376.4517
     780        373.2862
     781        368.3250
     782        365.3342
     783        385.4414
     784        379.2200
     785        380.4022
     786        381.7453
     787        371.2585
     788        385.8640
     789        374.9931
     790        375.0236
     791        372.4929
     792        375.6021
     793        381.0088
     794        377.5357
     795        384.2650
     796        380.8868
     797        363.6489
     798        383.2287
     799        361.9425
     800        386.3609
     801        362.7584
     802        370.9565
     803        377.5182
     804        395.3423
     805        379.8446
     806        388.0193
     807        366.8107
     808        383.2071
     809        379.3437
     810        374.3542
     811        363.7391
     812        366.0103
     813        375.6162
     814        383.5820
     815        399.7024
     816        380.0269
     817        392.8517
     818        380.9879
     819        377.5493
     820        388.3795
     821        360.6513
     822        389.9022
     823        354.1223
     824        380.0049
     825        371.4347
     826        402.9883
     827        398.7170
     828        358.9476
     829        389.0844
     830        365.6404
     831        372.9270
     832        381.6254
     833        361.1956
     834        383.7036
     835        373.5692
     836        379.5002
     837        381.5154
     838        370.6657
     839        399.6624
     840        367.2523
     841        380.6837
     842        385.0837
     843        353.1985
     844        382.4386
     845        379.6719
     846        400.3278
     847        378.4116
     848        391.6944
     849        363.9711
     850        385.5439
     851        379.0138
     852        373.0739
     853        378.4535
     854        375.1475
     855        367.0392
     856        385.7342
     857        377.9040
     858        391.3423
     859        382.6581
     860        379.7279
     861        368.2899
     862        388.3855
     863        379.0755
     864        368.0874
     865        380.2660
     866        384.6963
     867        378.2260
     868        395.6133
     869        390.0174
     870        383.5191
     871        382.0341
     872        377.1174
     873        379.0578
     874        386.9076
     875        370.9170
     876        380.6316
     877        369.7736
     878        383.2861
     879        378.7688
     880        395.2561
     881        368.2035
     882        365.8162
     883        389.6942
     884        383.8685
     885        373.2433
     886        397.2795
     887        362.7989
     888        391.4633
     889        388.2902
     890        377.2362
     891        381.1519
     892        371.7813
     893        377.8626
     894        359.4482
     895        369.6485
     896        399.7691
     897        381.0463
     898        371.4466
     899        382.1180
     900        374.7010
     901        384.0381
     902        370.9483
     903        389.5819
     904        369.4879
     905        381.2367
     906        378.6371
     907        367.5648
     908        393.5955
     909        399.3144
     910        393.5169
     911        374.9703
     912        386.9437
     913        379.9172
     914        380.8947
     915        375.2320
     916        368.0027
     917        379.5021
     918        384.5801
     919        387.0125
     920        393.4760
     921        381.2856
     922        380.9124
     923        384.5188
     924        384.8036
     925        388.6508
     926        370.3514
     927        383.5369
     928        399.3073
     929        392.6328
     930        374.0003
     931        378.7891
     932        396.4937
     933        387.1137
     934        371.0733
     935        405.9663
     936        362.2071
