 146 base-pairs
   0  ***local base-pair & step parameters***
       Shear  Stretch  Stagger Buckle Prop-Tw Opening   Shift  Slide    Rise    Tilt    Roll   Twist
A-T     0.00    0.00    0.00    0.00    0.00    0.00   -0.27   -0.43    2.80   -2.31    4.57   26.37
T-A     0.00    0.00    0.00    0.00    0.00    0.00   -0.34   -0.27    2.85   -1.80    3.77   27.40
C-G     0.00    0.00    0.00    0.00    0.00    0.00   -0.30    0.03    3.00   -0.95    2.70   30.15
A-T     0.00    0.00    0.00    0.00    0.00    0.00   -0.18    0.35    3.19   -0.07    1.63   33.62
A-T     0.00    0.00    0.00    0.00    0.00    0.00   -0.01    0.53    3.38    0.48    0.74   36.57
T-A     0.00    0.00    0.00    0.00    0.00    0.00    0.14    0.47    3.49    0.53    0.15   38.04
A-T     0.00    0.00    0.00    0.00    0.00    0.00    0.22    0.20    3.49    0.11    0.01   37.63
T-A     0.00    0.00    0.00    0.00    0.00    0.00    0.20   -0.19    3.40   -0.54    0.47   35.63
C-G     0.00    0.00    0.00    0.00    0.00    0.00    0.11   -0.54    3.23   -1.06    1.64   32.86
C-G     0.00    0.00    0.00    0.00    0.00    0.00   -0.02   -0.68    3.06   -1.18    3.42   30.34
A-T     0.00    0.00    0.00    0.00    0.00    0.00   -0.12   -0.53    2.94   -0.83    5.45   28.93
C-G     0.00    0.00    0.00    0.00    0.00    0.00   -0.16   -0.14    2.91   -0.12    7.11   29.07
C-G     0.00    0.00    0.00    0.00    0.00    0.00   -0.13    0.40    2.97    0.65    7.71   30.67
T-A     0.00    0.00    0.00    0.00    0.00    0.00   -0.04    0.89    3.08    1.18    6.78   33.20
G-C     0.00    0.00    0.00    0.00    0.00    0.00    0.06    1.19    3.20    1.31    4.33   35.90
C-G     0.00    0.00    0.00    0.00    0.00    0.00    0.13    1.21    3.28    1.07    1.01   38.04
A-T     0.00    0.00    0.00    0.00    0.00    0.00    0.14    0.95    3.30    0.66   -2.06   39.11
G-C     0.00    0.00    0.00    0.00    0.00    0.00    0.11    0.50    3.27    0.35   -3.64   38.91
A-T     0.00    0.00    0.00    0.00    0.00    0.00    0.04    0.03    3.20    0.34   -2.87   37.58
T-A     0.00    0.00    0.00    0.00    0.00    0.00   -0.02   -0.34    3.15    0.66    0.30   35.52
T-A     0.00    0.00    0.00    0.00    0.00    0.00   -0.05   -0.51    3.13    1.13    5.00   33.30
C-G     0.00    0.00    0.00    0.00    0.00    0.00   -0.04   -0.44    3.14    1.46    9.62   31.49
T-A     0.00    0.00    0.00    0.00    0.00    0.00    0.00   -0.19    3.19    1.42   12.39   30.57
A-T     0.00    0.00    0.00    0.00    0.00    0.00    0.05    0.15    3.23    0.90   12.05   30.80
C-G     0.00    0.00    0.00    0.00    0.00    0.00    0.08    0.48    3.25    0.04    8.41   32.14
C-G     0.00    0.00    0.00    0.00    0.00    0.00    0.09    0.69    3.24   -0.86    2.48   34.18
A-T     0.00    0.00    0.00    0.00    0.00    0.00    0.08    0.75    3.21   -1.45   -3.79   36.31
A-T     0.00    0.00    0.00    0.00    0.00    0.00    0.05    0.63    3.17   -1.48   -8.24   37.82
A-T     0.00    0.00    0.00    0.00    0.00    0.00    0.04    0.37    3.16   -0.93   -9.27   38.16
A-T     0.00    0.00    0.00    0.00    0.00    0.00    0.03    0.04    3.19    0.00   -6.51   37.16
G-C     0.00    0.00    0.00    0.00    0.00    0.00    0.04   -0.29    3.25    0.95   -0.96   35.09
T-A     0.00    0.00    0.00    0.00    0.00    0.00    0.05   -0.52    3.32    1.56    5.33   32.66
G-C     0.00    0.00    0.00    0.00    0.00    0.00    0.05   -0.61    3.38    1.59   10.05   30.75
T-A     0.00    0.00    0.00    0.00    0.00    0.00    0.04   -0.52    3.40    1.07   11.47   30.08
A-T     0.00    0.00    0.00    0.00    0.00    0.00    0.03   -0.27    3.38    0.22    9.11   30.97
T-A     0.00    0.00    0.00    0.00    0.00    0.00    0.02    0.08    3.34   -0.58    3.96   33.12
T-A     0.00    0.00    0.00    0.00    0.00    0.00    0.04    0.45    3.30   -0.99   -1.98   35.80
T-A     0.00    0.00    0.00    0.00    0.00    0.00    0.08    0.72    3.28   -0.82   -6.39   38.03
G-C     0.00    0.00    0.00    0.00    0.00    0.00    0.15    0.85    3.29   -0.10   -7.60   39.04
G-C     0.00    0.00    0.00    0.00    0.00    0.00    0.21    0.80    3.33    0.91   -5.19   38.55
A-T     0.00    0.00    0.00    0.00    0.00    0.00    0.25    0.60    3.38    1.86   -0.16   36.88
A-T     0.00    0.00    0.00    0.00    0.00    0.00    0.25    0.34    3.41    2.41    5.49   34.86
A-T     0.00    0.00    0.00    0.00    0.00    0.00    0.20    0.11    3.40    2.38    9.53   33.43
C-G     0.00    0.00    0.00    0.00    0.00    0.00    0.11   -0.01    3.37    1.78   10.38   33.29
T-A     0.00    0.00    0.00    0.00    0.00    0.00    0.00    0.03    3.32    0.84    7.74   34.57
G-C     0.00    0.00    0.00    0.00    0.00    0.00   -0.09    0.22    3.29   -0.11    2.69   36.80
C-G     0.00    0.00    0.00    0.00    0.00    0.00   -0.13    0.49    3.29   -0.74   -2.74   39.06
T-A     0.00    0.00    0.00    0.00    0.00    0.00   -0.13    0.77    3.34   -0.85   -6.37   40.41
C-G     0.00    0.00    0.00    0.00    0.00    0.00   -0.07    0.95    3.41   -0.41   -6.71   40.24
C-G     0.00    0.00    0.00    0.00    0.00    0.00    0.01    0.99    3.47    0.40   -3.58   38.57
A-T     0.00    0.00    0.00    0.00    0.00    0.00    0.11    0.88    3.50    1.29    1.86   36.02
T-A     0.00    0.00    0.00    0.00    0.00    0.00    0.18    0.67    3.48    1.90    7.49   33.56
C-G     0.00    0.00    0.00    0.00    0.00    0.00    0.21    0.42    3.42    1.98   11.12   32.12
A-T     0.00    0.00    0.00    0.00    0.00    0.00    0.20    0.22    3.33    1.44   11.25   32.23
A-T     0.00    0.00    0.00    0.00    0.00    0.00    0.14    0.13    3.26    0.37    7.71   33.77
A-T     0.00    0.00    0.00    0.00    0.00    0.00    0.04    0.14    3.25   -0.95    1.74   36.07
A-T     0.00    0.00    0.00    0.00    0.00    0.00   -0.07    0.25    3.29   -2.17   -4.55   38.17
G-C     0.00    0.00    0.00    0.00    0.00    0.00   -0.17    0.38    3.38   -2.96   -8.87   39.19
G-C     0.00    0.00    0.00    0.00    0.00    0.00   -0.23    0.48    3.48   -3.11   -9.69   38.68
C-G     0.00    0.00    0.00    0.00    0.00    0.00   -0.24    0.50    3.55   -2.60   -6.78   36.78
A-T     0.00    0.00    0.00    0.00    0.00    0.00   -0.19    0.43    3.57   -1.61   -1.26   34.17
T-A     0.00    0.00    0.00    0.00    0.00    0.00   -0.09    0.32    3.53   -0.42    4.80   31.79
G-C     0.00    0.00    0.00    0.00    0.00    0.00    0.02    0.21    3.45    0.62    9.18   30.49
T-A     0.00    0.00    0.00    0.00    0.00    0.00    0.13    0.18    3.37    1.28   10.37   30.73
T-A     0.00    0.00    0.00    0.00    0.00    0.00    0.20    0.26    3.31    1.42    8.11   32.41
C-G     0.00    0.00    0.00    0.00    0.00    0.00    0.21    0.46    3.30    1.10    3.44   34.93
A-T     0.00    0.00    0.00    0.00    0.00    0.00    0.17    0.72    3.34    0.47   -1.67   37.41
G-C     0.00    0.00    0.00    0.00    0.00    0.00    0.09    0.95    3.41   -0.25   -5.17   39.01
C-G     0.00    0.00    0.00    0.00    0.00    0.00    0.00    1.07    3.47   -0.87   -5.68   39.21
G-C     0.00    0.00    0.00    0.00    0.00    0.00   -0.08    1.00    3.50   -1.28   -3.04   37.99
G-C     0.00    0.00    0.00    0.00    0.00    0.00   -0.13    0.78    3.49   -1.42    1.66   35.84
A-T     0.00    0.00    0.00    0.00    0.00    0.00   -0.13    0.46    3.43   -1.30    6.52   33.58
A-T     0.00    0.00    0.00    0.00    0.00    0.00   -0.11    0.19    3.37   -0.96    9.61   32.06
T-A     0.00    0.00    0.00    0.00    0.00    0.00   -0.06    0.08    3.31   -0.42    9.72   31.90
T-A     0.00    0.00    0.00    0.00    0.00    0.00    0.00    0.20    3.29    0.26    6.86   33.23
C-G     0.00    0.00    0.00    0.00    0.00    0.00    0.04    0.56    3.30    1.01    2.24   35.63
C-G     0.00    0.00    0.00    0.00    0.00    0.00    0.06    1.03    3.35    1.70   -2.21   38.25
G-C     0.00    0.00    0.00    0.00    0.00    0.00    0.08    1.46    3.39    2.17   -4.60   40.13
C-G     0.00    0.00    0.00    0.00    0.00    0.00    0.08    1.67    3.41    2.22   -3.84   40.50
T-A     0.00    0.00    0.00    0.00    0.00    0.00    0.06    1.56    3.40    1.77   -0.09   39.07
G-C     0.00    0.00    0.00    0.00    0.00    0.00    0.04    1.14    3.36    0.85    5.28   36.21
A-T     0.00    0.00    0.00    0.00    0.00    0.00    0.01    0.53    3.31   -0.36   10.22   32.83
A-T     0.00    0.00    0.00    0.00    0.00    0.00   -0.03   -0.06    3.26   -1.53   12.78   30.07
C-G     0.00    0.00    0.00    0.00    0.00    0.00   -0.06   -0.45    3.24   -2.33   11.86   28.91
A-T     0.00    0.00    0.00    0.00    0.00    0.00   -0.09   -0.51    3.25   -2.53    7.63   29.77
T-A     0.00    0.00    0.00    0.00    0.00    0.00   -0.10   -0.22    3.30   -2.08    1.48   32.37
G-C     0.00    0.00    0.00    0.00    0.00    0.00   -0.09    0.27    3.36   -1.16   -4.46   35.73
C-G     0.00    0.00    0.00    0.00    0.00    0.00   -0.05    0.76    3.41   -0.09   -8.15   38.57
C-G     0.00    0.00    0.00    0.00    0.00    0.00    0.00    1.07    3.43    0.77   -8.32   39.78
T-A     0.00    0.00    0.00    0.00    0.00    0.00    0.05    1.06    3.42    1.19   -4.95   38.84
T-A     0.00    0.00    0.00    0.00    0.00    0.00    0.08    0.76    3.38    1.13    0.77   36.02
T-A     0.00    0.00    0.00    0.00    0.00    0.00    0.10    0.29    3.33    0.75    6.88   32.36
T-A     0.00    0.00    0.00    0.00    0.00    0.00    0.09   -0.14    3.28    0.34   11.36   29.20
G-C     0.00    0.00    0.00    0.00    0.00    0.00    0.08   -0.36    3.24    0.14   12.82   27.74
A-T     0.00    0.00    0.00    0.00    0.00    0.00    0.07   -0.29    3.24    0.24   10.95   28.54
T-A     0.00    0.00    0.00    0.00    0.00    0.00    0.07    0.03    3.26    0.55    6.58   31.31
G-C     0.00    0.00    0.00    0.00    0.00    0.00    0.06    0.46    3.29    0.85    1.33   35.02
G-C     0.00    0.00    0.00    0.00    0.00    0.00    0.06    0.81    3.33    0.91   -3.00   38.33
A-T     0.00    0.00    0.00    0.00    0.00    0.00    0.05    0.93    3.37    0.64   -5.00   40.10
G-C     0.00    0.00    0.00    0.00    0.00    0.00    0.04    0.78    3.38    0.13   -4.17   39.82
C-G     0.00    0.00    0.00    0.00    0.00    0.00    0.03    0.44    3.38   -0.33   -0.96   37.79
A-T     0.00    0.00    0.00    0.00    0.00    0.00    0.03    0.06    3.36   -0.41    3.38   34.97
G-C     0.00    0.00    0.00    0.00    0.00    0.00    0.05   -0.19    3.33    0.10    7.34   32.54
T-A     0.00    0.00    0.00    0.00    0.00    0.00    0.09   -0.19    3.29    1.16    9.61   31.46
T-A     0.00    0.00    0.00    0.00    0.00    0.00    0.13    0.07    3.25    2.46    9.57   32.07
T-A     0.00    0.00    0.00    0.00    0.00    0.00    0.16    0.48    3.22    3.53    7.40   34.02
C-G     0.00    0.00    0.00    0.00    0.00    0.00    0.14    0.88    3.20    3.90    4.05   36.41
C-G     0.00    0.00    0.00    0.00    0.00    0.00    0.08    1.13    3.20    3.35    0.79   38.25
A-T     0.00    0.00    0.00    0.00    0.00    0.00   -0.01    1.11    3.21    1.96   -1.18   38.80
A-T     0.00    0.00    0.00    0.00    0.00    0.00   -0.10    0.82    3.23    0.15   -1.19   37.89
A-T     0.00    0.00    0.00    0.00    0.00    0.00   -0.15    0.36    3.26   -1.50    0.66   35.90
T-A     0.00    0.00    0.00    0.00    0.00    0.00   -0.14   -0.14    3.29   -2.48    3.58   33.61
A-T     0.00    0.00    0.00    0.00    0.00    0.00   -0.07   -0.54    3.31   -2.54    6.35   31.84
C-G     0.00    0.00    0.00    0.00    0.00    0.00    0.05   -0.75    3.33   -1.75    7.79   31.15
A-T     0.00    0.00    0.00    0.00    0.00    0.00    0.16   -0.73    3.34   -0.51    7.16   31.63
C-G     0.00    0.00    0.00    0.00    0.00    0.00    0.21   -0.52    3.33    0.69    4.51   32.97
T-A     0.00    0.00    0.00    0.00    0.00    0.00    0.18   -0.20    3.31    1.43    0.64   34.58
T-A     0.00    0.00    0.00    0.00    0.00    0.00    0.06    0.15    3.27    1.50   -3.10   35.86
T-A     0.00    0.00    0.00    0.00    0.00    0.00   -0.09    0.44    3.24    1.00   -5.34   36.39
T-A     0.00    0.00    0.00    0.00    0.00    0.00   -0.23    0.61    3.21    0.21   -5.17   36.02
G-C     0.00    0.00    0.00    0.00    0.00    0.00   -0.29    0.63    3.19   -0.52   -2.49   34.92
G-C     0.00    0.00    0.00    0.00    0.00    0.00   -0.25    0.50    3.18   -0.95    1.89   33.41
T-A     0.00    0.00    0.00    0.00    0.00    0.00   -0.12    0.23    3.19   -1.01    6.52   31.93
A-T     0.00    0.00    0.00    0.00    0.00    0.00    0.05   -0.12    3.21   -0.83    9.82   30.87
G-C     0.00    0.00    0.00    0.00    0.00    0.00    0.19   -0.47    3.24   -0.57   10.62   30.52
A-T     0.00    0.00    0.00    0.00    0.00    0.00    0.25   -0.72    3.28   -0.40    8.62   31.04
A-T     0.00    0.00    0.00    0.00    0.00    0.00    0.21   -0.78    3.32   -0.33    4.49   32.39
T-A     0.00    0.00    0.00    0.00    0.00    0.00    0.09   -0.59    3.35   -0.31   -0.33   34.35
C-G     0.00    0.00    0.00    0.00    0.00    0.00   -0.06   -0.19    3.36   -0.19   -4.15   36.45
T-A     0.00    0.00    0.00    0.00    0.00    0.00   -0.18    0.33    3.35    0.09   -5.66   38.15
G-C     0.00    0.00    0.00    0.00    0.00    0.00   -0.21    0.82    3.30    0.49   -4.38   38.89
C-G     0.00    0.00    0.00    0.00    0.00    0.00   -0.17    1.13    3.23    0.86   -0.79   38.34
A-T     0.00    0.00    0.00    0.00    0.00    0.00   -0.09    1.16    3.13    1.02    3.85   36.53
G-C     0.00    0.00    0.00    0.00    0.00    0.00    0.00    0.91    3.04    0.85    7.97   33.93
G-C     0.00    0.00    0.00    0.00    0.00    0.00    0.03    0.46    2.98    0.35   10.27   31.34
T-A     0.00    0.00    0.00    0.00    0.00    0.00    0.00   -0.01    2.96   -0.29   10.17   29.66
G-C     0.00    0.00    0.00    0.00    0.00    0.00   -0.07   -0.36    3.00   -0.83    7.93   29.54
G-C     0.00    0.00    0.00    0.00    0.00    0.00   -0.15   -0.46    3.10   -1.07    4.51   31.11
A-T     0.00    0.00    0.00    0.00    0.00    0.00   -0.19   -0.30    3.24   -0.95    1.13   33.88
T-A     0.00    0.00    0.00    0.00    0.00    0.00   -0.17    0.01    3.37   -0.59   -1.16   36.87
A-T     0.00    0.00    0.00    0.00    0.00    0.00   -0.09    0.32    3.45   -0.23   -1.82   38.93
T-A     0.00    0.00    0.00    0.00    0.00    0.00    0.01    0.49    3.45   -0.14   -0.98   39.20
T-A     0.00    0.00    0.00    0.00    0.00    0.00    0.08    0.45    3.36   -0.44    0.80   37.43
G-C     0.00    0.00    0.00    0.00    0.00    0.00    0.07    0.21    3.20   -1.08    2.74   34.14
A-T     0.00    0.00    0.00    0.00    0.00    0.00   -0.02   -0.11    3.02   -1.81    4.18   30.40
T-A     0.00    0.00    0.00    0.00    0.00    0.00   -0.15   -0.36    2.87   -2.30    4.79   27.48
