 146 base-pairs
   0  ***local base-pair & step parameters***
       Shear  Stretch  Stagger Buckle Prop-Tw Opening   Shift  Slide    Rise    Tilt    Roll   Twist
A-T     0.00    0.00    0.00    0.00    0.00    0.00    0.00   -0.40    2.86   -0.35    3.45   27.65
T-A     0.00    0.00    0.00    0.00    0.00    0.00    0.16   -0.28    2.87   -0.06    4.19   28.25
C-G     0.00    0.00    0.00    0.00    0.00    0.00    0.07    0.00    3.01    0.35    5.26   31.42
A-T     0.00    0.00    0.00    0.00    0.00    0.00   -0.18    0.29    3.21    0.52    3.95   35.28
A-T     0.00    0.00    0.00    0.00    0.00    0.00   -0.22    0.43    3.38    0.65    0.18   37.37
T-A     0.00    0.00    0.00    0.00    0.00    0.00    0.10    0.35    3.43    1.03   -3.06   36.92
A-T     0.00    0.00    0.00    0.00    0.00    0.00    0.46    0.12    3.37    1.53   -3.10   35.30
T-A     0.00    0.00    0.00    0.00    0.00    0.00    0.46   -0.16    3.27    1.69   -0.67   34.11
C-G     0.00    0.00    0.00    0.00    0.00    0.00    0.09   -0.40    3.18    1.37    1.43   33.46
C-G     0.00    0.00    0.00    0.00    0.00    0.00   -0.24   -0.53    3.11    1.05    1.95   32.45
A-T     0.00    0.00    0.00    0.00    0.00    0.00   -0.21   -0.51    3.08    1.31    2.50   31.03
C-G     0.00    0.00    0.00    0.00    0.00    0.00    0.08   -0.29    3.09    2.03    4.79   30.57
C-G     0.00    0.00    0.00    0.00    0.00    0.00    0.27    0.08    3.17    2.48    7.49   32.27
T-A     0.00    0.00    0.00    0.00    0.00    0.00    0.19    0.48    3.29    2.06    7.17   35.46
G-C     0.00    0.00    0.00    0.00    0.00    0.00    0.08    0.74    3.40    1.00    2.35   38.02
C-G     0.00    0.00    0.00    0.00    0.00    0.00    0.19    0.79    3.42    0.12   -4.20   38.52
A-T     0.00    0.00    0.00    0.00    0.00    0.00    0.42    0.64    3.37   -0.03   -7.95   37.62
G-C     0.00    0.00    0.00    0.00    0.00    0.00    0.40    0.40    3.31    0.39   -7.01   36.88
A-T     0.00    0.00    0.00    0.00    0.00    0.00    0.00    0.13    3.31    0.94   -3.35   36.76
T-A     0.00    0.00    0.00    0.00    0.00    0.00   -0.45   -0.11    3.35    1.50    0.30   36.22
T-A     0.00    0.00    0.00    0.00    0.00    0.00   -0.51   -0.27    3.39    2.22    3.41   34.48
C-G     0.00    0.00    0.00    0.00    0.00    0.00   -0.11   -0.29    3.40    3.01    6.99   32.48
T-A     0.00    0.00    0.00    0.00    0.00    0.00    0.36   -0.12    3.40    3.25   10.46   32.12
A-T     0.00    0.00    0.00    0.00    0.00    0.00    0.50    0.19    3.39    2.35   10.86   34.06
C-G     0.00    0.00    0.00    0.00    0.00    0.00    0.36    0.53    3.39    0.51    6.03   36.86
C-G     0.00    0.00    0.00    0.00    0.00    0.00    0.24    0.76    3.36   -1.28   -2.05   38.54
A-T     0.00    0.00    0.00    0.00    0.00    0.00    0.28    0.82    3.32   -2.10   -8.22   38.65
A-T     0.00    0.00    0.00    0.00    0.00    0.00    0.25    0.72    3.30   -1.85   -8.78   38.26
A-T     0.00    0.00    0.00    0.00    0.00    0.00   -0.08    0.53    3.36   -1.15   -4.59   38.18
A-T     0.00    0.00    0.00    0.00    0.00    0.00   -0.54    0.26    3.46   -0.50    0.63   37.77
G-C     0.00    0.00    0.00    0.00    0.00    0.00   -0.68   -0.02    3.54    0.11    4.43   35.96
T-A     0.00    0.00    0.00    0.00    0.00    0.00   -0.32   -0.21    3.55    0.83    7.13   33.20
G-C     0.00    0.00    0.00    0.00    0.00    0.00    0.26   -0.21    3.48    1.44    9.44   31.48
T-A     0.00    0.00    0.00    0.00    0.00    0.00    0.56    0.02    3.40    1.42    9.98   32.36
A-T     0.00    0.00    0.00    0.00    0.00    0.00    0.43    0.38    3.35    0.56    6.64   35.15
T-A     0.00    0.00    0.00    0.00    0.00    0.00    0.14    0.68    3.32   -0.58    0.00   37.58
T-A     0.00    0.00    0.00    0.00    0.00    0.00    0.04    0.79    3.31   -1.26   -5.75   38.12
T-A     0.00    0.00    0.00    0.00    0.00    0.00    0.06    0.69    3.32   -1.30   -6.39   37.23
G-C     0.00    0.00    0.00    0.00    0.00    0.00   -0.05    0.42    3.36   -1.20   -1.75   36.20
G-C     0.00    0.00    0.00    0.00    0.00    0.00   -0.36    0.05    3.43   -1.48    4.26   35.32
A-T     0.00    0.00    0.00    0.00    0.00    0.00   -0.56   -0.32    3.48   -1.99    7.86   33.84
A-T     0.00    0.00    0.00    0.00    0.00    0.00   -0.35   -0.57    3.45   -2.10    8.58   31.61
A-T     0.00    0.00    0.00    0.00    0.00    0.00    0.17   -0.57    3.36   -1.47    8.24   30.08
C-G     0.00    0.00    0.00    0.00    0.00    0.00    0.53   -0.28    3.28   -0.51    7.48   31.02
T-A     0.00    0.00    0.00    0.00    0.00    0.00    0.43    0.21    3.27    0.18    4.87   34.30
G-C     0.00    0.00    0.00    0.00    0.00    0.00    0.06    0.70    3.32    0.40   -0.31   37.70
C-G     0.00    0.00    0.00    0.00    0.00    0.00   -0.15    0.96    3.38    0.47   -5.56   38.88
T-A     0.00    0.00    0.00    0.00    0.00    0.00   -0.06    0.94    3.41    0.63   -6.79   37.61
C-G     0.00    0.00    0.00    0.00    0.00    0.00    0.04    0.66    3.41    0.59   -2.54   35.41
C-G     0.00    0.00    0.00    0.00    0.00    0.00   -0.08    0.23    3.39   -0.05    4.23   33.61
A-T     0.00    0.00    0.00    0.00    0.00    0.00   -0.32   -0.22    3.36   -1.12    9.03   32.09
T-A     0.00    0.00    0.00    0.00    0.00    0.00   -0.33   -0.59    3.30   -1.84   10.15   30.31
C-G     0.00    0.00    0.00    0.00    0.00    0.00    0.00   -0.73    3.22   -1.56    9.25   28.93
A-T     0.00    0.00    0.00    0.00    0.00    0.00    0.38   -0.56    3.18   -0.44    8.15   29.56
A-T     0.00    0.00    0.00    0.00    0.00    0.00    0.41   -0.13    3.23    0.67    6.24   32.77
A-T     0.00    0.00    0.00    0.00    0.00    0.00    0.11    0.40    3.35    1.16    1.94   36.94
A-T     0.00    0.00    0.00    0.00    0.00    0.00   -0.12    0.83    3.47    1.10   -3.96   39.49
G-C     0.00    0.00    0.00    0.00    0.00    0.00   -0.02    1.02    3.52    0.93   -7.70   39.27
G-C     0.00    0.00    0.00    0.00    0.00    0.00    0.23    0.98    3.49    0.79   -6.19   37.42
C-G     0.00    0.00    0.00    0.00    0.00    0.00    0.25    0.77    3.41    0.42   -0.42   35.66
A-T     0.00    0.00    0.00    0.00    0.00    0.00   -0.04    0.47    3.33   -0.25    5.44   34.39
T-A     0.00    0.00    0.00    0.00    0.00    0.00   -0.31    0.16    3.27   -0.73    8.25   32.87
G-C     0.00    0.00    0.00    0.00    0.00    0.00   -0.25   -0.08    3.21   -0.41    8.44   30.97
T-A     0.00    0.00    0.00    0.00    0.00    0.00    0.06   -0.14    3.19    0.69    8.04   30.05
T-A     0.00    0.00    0.00    0.00    0.00    0.00    0.24    0.04    3.24    1.80    7.32   31.54
C-G     0.00    0.00    0.00    0.00    0.00    0.00    0.11    0.38    3.37    2.13    4.53   35.02
A-T     0.00    0.00    0.00    0.00    0.00    0.00   -0.09    0.73    3.50    1.63   -0.88   38.28
G-C     0.00    0.00    0.00    0.00    0.00    0.00   -0.02    0.95    3.56    0.89   -6.07   39.45
C-G     0.00    0.00    0.00    0.00    0.00    0.00    0.29    0.99    3.53    0.39   -6.95   38.71
G-C     0.00    0.00    0.00    0.00    0.00    0.00    0.46    0.88    3.45    0.06   -2.53   37.56
G-C     0.00    0.00    0.00    0.00    0.00    0.00    0.23    0.68    3.38   -0.42    3.87   36.79
A-T     0.00    0.00    0.00    0.00    0.00    0.00   -0.18    0.43    3.33   -0.97    7.95   35.74
A-T     0.00    0.00    0.00    0.00    0.00    0.00   -0.35    0.21    3.30   -1.06    8.43   33.75
T-A     0.00    0.00    0.00    0.00    0.00    0.00   -0.16    0.12    3.27   -0.37    7.13   31.70
T-A     0.00    0.00    0.00    0.00    0.00    0.00    0.11    0.27    3.28    0.67    5.62   31.48
C-G     0.00    0.00    0.00    0.00    0.00    0.00    0.11    0.61    3.34    1.33    3.21   33.84
C-G     0.00    0.00    0.00    0.00    0.00    0.00   -0.09    0.99    3.43    1.27   -1.22   37.22
G-C     0.00    0.00    0.00    0.00    0.00    0.00   -0.17    1.23    3.49    0.90   -6.10   39.26
C-G     0.00    0.00    0.00    0.00    0.00    0.00    0.06    1.22    3.49    0.71   -7.55   39.03
T-A     0.00    0.00    0.00    0.00    0.00    0.00    0.32    0.96    3.45    0.68   -3.32   37.58
G-C     0.00    0.00    0.00    0.00    0.00    0.00    0.28    0.54    3.42    0.34    4.25   36.24
A-T     0.00    0.00    0.00    0.00    0.00    0.00   -0.05    0.07    3.41   -0.50   10.17   35.03
A-T     0.00    0.00    0.00    0.00    0.00    0.00   -0.30   -0.32    3.41   -1.35   11.40   33.24
C-G     0.00    0.00    0.00    0.00    0.00    0.00   -0.17   -0.48    3.37   -1.51    9.02   31.18
A-T     0.00    0.00    0.00    0.00    0.00    0.00    0.17   -0.32    3.32   -0.87    5.77   30.52
T-A     0.00    0.00    0.00    0.00    0.00    0.00    0.31    0.14    3.30    0.00    2.58   32.54
G-C     0.00    0.00    0.00    0.00    0.00    0.00    0.10    0.74    3.32    0.48   -1.47   36.32
C-G     0.00    0.00    0.00    0.00    0.00    0.00   -0.16    1.19    3.37    0.56   -6.14   39.25
C-G     0.00    0.00    0.00    0.00    0.00    0.00   -0.16    1.32    3.39    0.64   -8.54   39.47
T-A     0.00    0.00    0.00    0.00    0.00    0.00    0.07    1.08    3.38    0.83   -5.75   37.44
T-A     0.00    0.00    0.00    0.00    0.00    0.00    0.18    0.58    3.38    0.80    1.49   35.02
T-A     0.00    0.00    0.00    0.00    0.00    0.00   -0.01    0.00    3.41    0.24    8.62   33.25
T-A     0.00    0.00    0.00    0.00    0.00    0.00   -0.24   -0.52    3.45   -0.52   11.44   31.83
G-C     0.00    0.00    0.00    0.00    0.00    0.00   -0.17   -0.81    3.44   -0.71    9.76   30.42
A-T     0.00    0.00    0.00    0.00    0.00    0.00    0.22   -0.78    3.39    0.02    6.49   29.91
T-A     0.00    0.00    0.00    0.00    0.00    0.00    0.52   -0.42    3.34    1.17    3.79   31.60
G-C     0.00    0.00    0.00    0.00    0.00    0.00    0.41    0.12    3.32    1.87    1.10   35.21
G-C     0.00    0.00    0.00    0.00    0.00    0.00    0.05    0.60    3.34    1.73   -2.65   38.49
A-T     0.00    0.00    0.00    0.00    0.00    0.00   -0.17    0.82    3.34    1.12   -6.10   39.12
G-C     0.00    0.00    0.00    0.00    0.00    0.00   -0.07    0.73    3.32    0.59   -6.07   37.00
C-G     0.00    0.00    0.00    0.00    0.00    0.00    0.12    0.42    3.30    0.26   -1.35   34.10
A-T     0.00    0.00    0.00    0.00    0.00    0.00    0.08    0.05    3.33   -0.08    5.20   32.34
G-C     0.00    0.00    0.00    0.00    0.00    0.00   -0.12   -0.26    3.39   -0.39    9.13   31.85
T-A     0.00    0.00    0.00    0.00    0.00    0.00   -0.14   -0.43    3.44   -0.20    8.73   31.73
T-A     0.00    0.00    0.00    0.00    0.00    0.00    0.18   -0.43    3.44    0.81    6.09   31.78
T-A     0.00    0.00    0.00    0.00    0.00    0.00    0.57   -0.24    3.41    2.19    3.94   32.90
C-G     0.00    0.00    0.00    0.00    0.00    0.00    0.61    0.09    3.39    3.01    2.40   35.54
C-G     0.00    0.00    0.00    0.00    0.00    0.00    0.25    0.40    3.39    2.69   -0.20   38.34
A-T     0.00    0.00    0.00    0.00    0.00    0.00   -0.15    0.56    3.38    1.59   -3.89   39.14
A-T     0.00    0.00    0.00    0.00    0.00    0.00   -0.22    0.53    3.34    0.60   -5.79   37.21
A-T     0.00    0.00    0.00    0.00    0.00    0.00   -0.03    0.38    3.29    0.23   -3.10   34.13
T-A     0.00    0.00    0.00    0.00    0.00    0.00    0.08    0.20    3.27    0.27    3.32   32.15
A-T     0.00    0.00    0.00    0.00    0.00    0.00   -0.02    0.06    3.31    0.31    9.25   31.95
C-G     0.00    0.00    0.00    0.00    0.00    0.00   -0.10   -0.04    3.36    0.29   11.20   32.46
A-T     0.00    0.00    0.00    0.00    0.00    0.00    0.12   -0.11    3.39    0.46    9.48   32.72
C-G     0.00    0.00    0.00    0.00    0.00    0.00    0.53   -0.09    3.37    0.78    6.72   33.17
T-A     0.00    0.00    0.00    0.00    0.00    0.00    0.71    0.05    3.34    0.76    4.23   34.88
T-A     0.00    0.00    0.00    0.00    0.00    0.00    0.41    0.28    3.34    0.04    0.96   37.59
T-A     0.00    0.00    0.00    0.00    0.00    0.00   -0.11    0.53    3.36   -0.99   -3.72   39.48
T-A     0.00    0.00    0.00    0.00    0.00    0.00   -0.40    0.71    3.36   -1.42   -7.54   38.97
G-C     0.00    0.00    0.00    0.00    0.00    0.00   -0.30    0.79    3.32   -0.71   -6.77   36.51
G-C     0.00    0.00    0.00    0.00    0.00    0.00   -0.08    0.77    3.29    0.69   -0.47   34.02
T-A     0.00    0.00    0.00    0.00    0.00    0.00   -0.05    0.66    3.27    1.75    7.83   32.72
A-T     0.00    0.00    0.00    0.00    0.00    0.00   -0.14    0.42    3.28    1.81   13.20   32.09
G-C     0.00    0.00    0.00    0.00    0.00    0.00   -0.04    0.08    3.25    0.98   13.74   31.10
A-T     0.00    0.00    0.00    0.00    0.00    0.00    0.32   -0.25    3.19   -0.24   11.28   30.04
A-T     0.00    0.00    0.00    0.00    0.00    0.00    0.61   -0.41    3.13   -1.57    8.20   30.45
T-A     0.00    0.00    0.00    0.00    0.00    0.00    0.47   -0.31    3.13   -2.93    4.63   33.13
C-G     0.00    0.00    0.00    0.00    0.00    0.00   -0.02   -0.01    3.20   -3.98   -0.34   36.73
T-A     0.00    0.00    0.00    0.00    0.00    0.00   -0.43    0.38    3.29   -4.00   -5.58   38.87
G-C     0.00    0.00    0.00    0.00    0.00    0.00   -0.42    0.71    3.34   -2.60   -7.60   38.45
C-G     0.00    0.00    0.00    0.00    0.00    0.00   -0.14    0.90    3.33   -0.28   -4.00   36.44
A-T     0.00    0.00    0.00    0.00    0.00    0.00    0.03    0.89    3.28    1.65    3.34   34.36
G-C     0.00    0.00    0.00    0.00    0.00    0.00   -0.06    0.66    3.22    2.17    9.56   32.54
G-C     0.00    0.00    0.00    0.00    0.00    0.00   -0.15    0.26    3.12    1.31   11.42   30.33
T-A     0.00    0.00    0.00    0.00    0.00    0.00    0.01   -0.19    3.00   -0.14    9.82   27.85
G-C     0.00    0.00    0.00    0.00    0.00    0.00    0.29   -0.50    2.90   -1.41    7.72   26.71
G-C     0.00    0.00    0.00    0.00    0.00    0.00    0.33   -0.54    2.91   -2.31    6.26   28.43
A-T     0.00    0.00    0.00    0.00    0.00    0.00    0.01   -0.33    3.03   -2.83    4.07   32.46
T-A     0.00    0.00    0.00    0.00    0.00    0.00   -0.35   -0.02    3.21   -2.76    0.28   36.29
A-T     0.00    0.00    0.00    0.00    0.00    0.00   -0.36    0.24    3.35   -1.80   -3.17   37.69
T-A     0.00    0.00    0.00    0.00    0.00    0.00   -0.01    0.35    3.39   -0.17   -3.27   36.65
T-A     0.00    0.00    0.00    0.00    0.00    0.00    0.30    0.30    3.32    1.24    0.36   34.74
G-C     0.00    0.00    0.00    0.00    0.00    0.00    0.25    0.13    3.21    1.60    4.55   33.07
A-T     0.00    0.00    0.00    0.00    0.00    0.00   -0.02   -0.10    3.08    0.91    5.95   31.36
T-A     0.00    0.00    0.00    0.00    0.00    0.00   -0.15   -0.31    2.95   -0.01    4.63   29.24
