 146 base-pairs
   0  ***local base-pair & step parameters***
       Shear  Stretch  Stagger Buckle Prop-Tw Opening   Shift  Slide    Rise    Tilt    Roll   Twist
A-T     0.00    0.00    0.00    0.00    0.00    0.00    0.00   -0.23    2.78   -0.06    6.37   27.60
T-A     0.00    0.00    0.00    0.00    0.00    0.00   -0.09   -0.04    2.80   -0.62    5.85   28.60
C-G     0.00    0.00    0.00    0.00    0.00    0.00   -0.15    0.20    2.96   -0.99    4.38   30.89
A-T     0.00    0.00    0.00    0.00    0.00    0.00   -0.15    0.36    3.19   -0.97    2.32   33.64
A-T     0.00    0.00    0.00    0.00    0.00    0.00   -0.08    0.35    3.41   -0.51    0.22   35.88
T-A     0.00    0.00    0.00    0.00    0.00    0.00    0.03    0.16    3.55    0.30   -1.27   36.88
A-T     0.00    0.00    0.00    0.00    0.00    0.00    0.14   -0.15    3.55    1.20   -1.59   36.38
T-A     0.00    0.00    0.00    0.00    0.00    0.00    0.20   -0.44    3.41    1.88   -0.45   34.61
C-G     0.00    0.00    0.00    0.00    0.00    0.00    0.21   -0.57    3.19    2.10    2.01   32.24
C-G     0.00    0.00    0.00    0.00    0.00    0.00    0.15   -0.48    2.97    1.77    5.18   30.10
A-T     0.00    0.00    0.00    0.00    0.00    0.00    0.06   -0.17    2.83    1.01    8.11   28.91
C-G     0.00    0.00    0.00    0.00    0.00    0.00   -0.02    0.25    2.82    0.09    9.79   29.10
C-G     0.00    0.00    0.00    0.00    0.00    0.00   -0.05    0.66    2.94   -0.65    9.48   30.64
T-A     0.00    0.00    0.00    0.00    0.00    0.00   -0.02    0.91    3.13   -0.97    7.06   33.10
G-C     0.00    0.00    0.00    0.00    0.00    0.00    0.04    0.93    3.32   -0.76    3.10   35.78
C-G     0.00    0.00    0.00    0.00    0.00    0.00    0.11    0.74    3.44   -0.13   -1.20   37.92
A-T     0.00    0.00    0.00    0.00    0.00    0.00    0.15    0.42    3.47    0.71   -4.42   38.91
G-C     0.00    0.00    0.00    0.00    0.00    0.00    0.14    0.10    3.40    1.49   -5.37   38.46
A-T     0.00    0.00    0.00    0.00    0.00    0.00    0.09   -0.13    3.28    1.98   -3.58   36.71
T-A     0.00    0.00    0.00    0.00    0.00    0.00    0.02   -0.22    3.17    2.12    0.55   34.18
T-A     0.00    0.00    0.00    0.00    0.00    0.00   -0.03   -0.17    3.10    1.93    5.76   31.65
C-G     0.00    0.00    0.00    0.00    0.00    0.00   -0.04   -0.03    3.10    1.54   10.32   29.91
T-A     0.00    0.00    0.00    0.00    0.00    0.00    0.00    0.13    3.14    1.07   12.67   29.52
A-T     0.00    0.00    0.00    0.00    0.00    0.00    0.05    0.27    3.20    0.60   11.92   30.62
C-G     0.00    0.00    0.00    0.00    0.00    0.00    0.11    0.37    3.24    0.16    8.20   32.88
C-G     0.00    0.00    0.00    0.00    0.00    0.00    0.12    0.41    3.26   -0.25    2.68   35.52
A-T     0.00    0.00    0.00    0.00    0.00    0.00    0.10    0.42    3.26   -0.61   -2.84   37.65
A-T     0.00    0.00    0.00    0.00    0.00    0.00    0.04    0.39    3.24   -0.88   -6.51   38.51
A-T     0.00    0.00    0.00    0.00    0.00    0.00   -0.03    0.31    3.24   -0.99   -7.09   37.77
A-T     0.00    0.00    0.00    0.00    0.00    0.00   -0.08    0.18    3.26   -0.87   -4.42   35.68
G-C     0.00    0.00    0.00    0.00    0.00    0.00   -0.09    0.01    3.30   -0.53    0.54   32.98
T-A     0.00    0.00    0.00    0.00    0.00    0.00   -0.06   -0.17    3.34   -0.08    6.03   30.64
G-C     0.00    0.00    0.00    0.00    0.00    0.00   -0.01   -0.31    3.37    0.33   10.09   29.51
T-A     0.00    0.00    0.00    0.00    0.00    0.00    0.04   -0.33    3.38    0.52   11.29   30.03
A-T     0.00    0.00    0.00    0.00    0.00    0.00    0.06   -0.20    3.36    0.38    9.25   31.99
T-A     0.00    0.00    0.00    0.00    0.00    0.00    0.07    0.06    3.32   -0.03    4.78   34.69
T-A     0.00    0.00    0.00    0.00    0.00    0.00    0.05    0.40    3.30   -0.57   -0.39   37.17
T-A     0.00    0.00    0.00    0.00    0.00    0.00    0.03    0.70    3.29   -1.02   -4.27   38.58
G-C     0.00    0.00    0.00    0.00    0.00    0.00    0.02    0.88    3.31   -1.20   -5.38   38.53
G-C     0.00    0.00    0.00    0.00    0.00    0.00    0.03    0.88    3.35   -1.07   -3.27   37.19
A-T     0.00    0.00    0.00    0.00    0.00    0.00    0.05    0.70    3.38   -0.74    1.21   35.25
A-T     0.00    0.00    0.00    0.00    0.00    0.00    0.06    0.42    3.41   -0.41    6.26   33.60
A-T     0.00    0.00    0.00    0.00    0.00    0.00    0.06    0.15    3.42   -0.30    9.81   32.98
C-G     0.00    0.00    0.00    0.00    0.00    0.00    0.02    0.01    3.43   -0.48   10.34   33.69
T-A     0.00    0.00    0.00    0.00    0.00    0.00   -0.03    0.05    3.43   -0.87    7.47   35.49
G-C     0.00    0.00    0.00    0.00    0.00    0.00   -0.07    0.27    3.45   -1.25    2.22   37.67
C-G     0.00    0.00    0.00    0.00    0.00    0.00   -0.09    0.58    3.47   -1.34   -3.40   39.41
T-A     0.00    0.00    0.00    0.00    0.00    0.00   -0.08    0.87    3.49   -0.98   -7.14   40.04
C-G     0.00    0.00    0.00    0.00    0.00    0.00   -0.04    1.03    3.50   -0.24   -7.39   39.35
C-G     0.00    0.00    0.00    0.00    0.00    0.00    0.01    1.01    3.48    0.63   -3.86   37.61
A-T     0.00    0.00    0.00    0.00    0.00    0.00    0.05    0.81    3.43    1.25    2.22   35.51
T-A     0.00    0.00    0.00    0.00    0.00    0.00    0.06    0.52    3.37    1.30    8.58   33.80
C-G     0.00    0.00    0.00    0.00    0.00    0.00    0.04    0.25    3.32    0.65   12.71   33.10
A-T     0.00    0.00    0.00    0.00    0.00    0.00   -0.01    0.09    3.30   -0.54   12.91   33.60
A-T     0.00    0.00    0.00    0.00    0.00    0.00   -0.06    0.10    3.32   -1.85    8.94   35.03
A-T     0.00    0.00    0.00    0.00    0.00    0.00   -0.09    0.26    3.39   -2.83    2.15   36.81
A-T     0.00    0.00    0.00    0.00    0.00    0.00   -0.10    0.48    3.48   -3.09   -4.96   38.22
G-C     0.00    0.00    0.00    0.00    0.00    0.00   -0.09    0.67    3.55   -2.57   -9.75   38.71
G-C     0.00    0.00    0.00    0.00    0.00    0.00   -0.07    0.74    3.59   -1.48  -10.43   38.05
C-G     0.00    0.00    0.00    0.00    0.00    0.00   -0.06    0.65    3.57   -0.24   -6.76   36.44
A-T     0.00    0.00    0.00    0.00    0.00    0.00   -0.06    0.43    3.50    0.68   -0.15   34.39
T-A     0.00    0.00    0.00    0.00    0.00    0.00   -0.06    0.17    3.41    0.98    6.88   32.61
G-C     0.00    0.00    0.00    0.00    0.00    0.00   -0.06   -0.01    3.33    0.64   11.72   31.68
T-A     0.00    0.00    0.00    0.00    0.00    0.00   -0.03   -0.03    3.28   -0.11   12.65   31.94
T-A     0.00    0.00    0.00    0.00    0.00    0.00    0.02    0.15    3.30   -0.89    9.50   33.32
C-G     0.00    0.00    0.00    0.00    0.00    0.00    0.08    0.48    3.35   -1.38    3.67   35.41
A-T     0.00    0.00    0.00    0.00    0.00    0.00    0.12    0.86    3.43   -1.41   -2.47   37.50
G-C     0.00    0.00    0.00    0.00    0.00    0.00    0.13    1.15    3.50   -1.05   -6.52   38.92
C-G     0.00    0.00    0.00    0.00    0.00    0.00    0.09    1.24    3.55   -0.53   -7.00   39.15
G-C     0.00    0.00    0.00    0.00    0.00    0.00    0.02    1.08    3.54   -0.11   -3.90   38.11
G-C     0.00    0.00    0.00    0.00    0.00    0.00   -0.06    0.72    3.50    0.07    1.38   36.16
A-T     0.00    0.00    0.00    0.00    0.00    0.00   -0.12    0.29    3.44    0.04    6.63   33.98
A-T     0.00    0.00    0.00    0.00    0.00    0.00   -0.12   -0.05    3.38   -0.03    9.74   32.41
T-A     0.00    0.00    0.00    0.00    0.00    0.00   -0.05   -0.15    3.35    0.05    9.57   32.08
T-A     0.00    0.00    0.00    0.00    0.00    0.00    0.06    0.03    3.35    0.40    6.30   33.23
C-G     0.00    0.00    0.00    0.00    0.00    0.00    0.16    0.47    3.38    0.94    1.36   35.51
C-G     0.00    0.00    0.00    0.00    0.00    0.00    0.23    1.00    3.43    1.47   -3.21   38.13
G-C     0.00    0.00    0.00    0.00    0.00    0.00    0.22    1.43    3.47    1.74   -5.56   40.11
C-G     0.00    0.00    0.00    0.00    0.00    0.00    0.15    1.59    3.48    1.57   -4.79   40.62
T-A     0.00    0.00    0.00    0.00    0.00    0.00    0.03    1.41    3.46    1.01   -1.22   39.35
G-C     0.00    0.00    0.00    0.00    0.00    0.00   -0.09    0.93    3.41    0.29    3.77   36.61
A-T     0.00    0.00    0.00    0.00    0.00    0.00   -0.16    0.31    3.34   -0.28    8.26   33.32
A-T     0.00    0.00    0.00    0.00    0.00    0.00   -0.15   -0.24    3.29   -0.43   10.58   30.59
C-G     0.00    0.00    0.00    0.00    0.00    0.00   -0.08   -0.54    3.26   -0.08    9.89   29.41
A-T     0.00    0.00    0.00    0.00    0.00    0.00    0.04   -0.49    3.27    0.60    6.44   30.16
T-A     0.00    0.00    0.00    0.00    0.00    0.00    0.14   -0.14    3.32    1.29    1.48   32.53
G-C     0.00    0.00    0.00    0.00    0.00    0.00    0.20    0.35    3.39    1.65   -3.27   35.57
C-G     0.00    0.00    0.00    0.00    0.00    0.00    0.18    0.79    3.45    1.48   -6.19   38.08
C-G     0.00    0.00    0.00    0.00    0.00    0.00    0.11    1.00    3.49    0.84   -6.32   39.07
T-A     0.00    0.00    0.00    0.00    0.00    0.00    0.01    0.91    3.47    0.00   -3.66   38.15
T-A     0.00    0.00    0.00    0.00    0.00    0.00   -0.07    0.57    3.42   -0.66    0.88   35.66
T-A     0.00    0.00    0.00    0.00    0.00    0.00   -0.11    0.13    3.34   -0.83    5.82   32.55
T-A     0.00    0.00    0.00    0.00    0.00    0.00   -0.08   -0.22    3.27   -0.43    9.59   30.01
G-C     0.00    0.00    0.00    0.00    0.00    0.00   -0.01   -0.35    3.22    0.37   11.03   28.99
A-T     0.00    0.00    0.00    0.00    0.00    0.00    0.08   -0.21    3.23    1.19    9.74   29.81
T-A     0.00    0.00    0.00    0.00    0.00    0.00    0.15    0.13    3.27    1.68    6.20   32.11
G-C     0.00    0.00    0.00    0.00    0.00    0.00    0.17    0.51    3.35    1.62    1.58   34.99
G-C     0.00    0.00    0.00    0.00    0.00    0.00    0.16    0.77    3.42    1.05   -2.59   37.38
A-T     0.00    0.00    0.00    0.00    0.00    0.00    0.10    0.81    3.46    0.25   -4.96   38.48
G-C     0.00    0.00    0.00    0.00    0.00    0.00    0.04    0.62    3.47   -0.40   -4.74   38.03
C-G     0.00    0.00    0.00    0.00    0.00    0.00    0.00    0.30    3.43   -0.59   -2.00   36.42
A-T     0.00    0.00    0.00    0.00    0.00    0.00   -0.01   -0.01    3.38   -0.26    2.36   34.41
G-C     0.00    0.00    0.00    0.00    0.00    0.00    0.01   -0.18    3.34    0.44    6.83   32.87
T-A     0.00    0.00    0.00    0.00    0.00    0.00    0.05   -0.13    3.32    1.17    9.87   32.40
T-A     0.00    0.00    0.00    0.00    0.00    0.00    0.09    0.11    3.33    1.57   10.36   33.10
T-A     0.00    0.00    0.00    0.00    0.00    0.00    0.10    0.44    3.35    1.46    8.09   34.62
C-G     0.00    0.00    0.00    0.00    0.00    0.00    0.07    0.74    3.37    0.91    3.82   36.30
C-G     0.00    0.00    0.00    0.00    0.00    0.00    0.01    0.88    3.36    0.17   -0.93   37.45
A-T     0.00    0.00    0.00    0.00    0.00    0.00   -0.06    0.82    3.33   -0.40   -4.41   37.66
A-T     0.00    0.00    0.00    0.00    0.00    0.00   -0.11    0.59    3.28   -0.53   -5.28   36.88
A-T     0.00    0.00    0.00    0.00    0.00    0.00   -0.13    0.26    3.24   -0.16   -3.15   35.41
T-A     0.00    0.00    0.00    0.00    0.00    0.00   -0.11   -0.08    3.24    0.51    1.27   33.76
A-T     0.00    0.00    0.00    0.00    0.00    0.00   -0.04   -0.35    3.27    1.14    6.35   32.44
C-G     0.00    0.00    0.00    0.00    0.00    0.00    0.04   -0.50    3.34    1.36   10.15   31.80
A-T     0.00    0.00    0.00    0.00    0.00    0.00    0.10   -0.52    3.41    0.98   11.18   31.95
C-G     0.00    0.00    0.00    0.00    0.00    0.00    0.12   -0.43    3.45    0.08    8.93   32.75
T-A     0.00    0.00    0.00    0.00    0.00    0.00    0.08   -0.25    3.43   -1.05    4.14   33.90
T-A     0.00    0.00    0.00    0.00    0.00    0.00   -0.01   -0.02    3.37   -2.01   -1.48   35.04
T-A     0.00    0.00    0.00    0.00    0.00    0.00   -0.13    0.23    3.27   -2.45   -5.85   35.83
T-A     0.00    0.00    0.00    0.00    0.00    0.00   -0.23    0.45    3.17   -2.19   -7.35   36.04
G-C     0.00    0.00    0.00    0.00    0.00    0.00   -0.28    0.58    3.11   -1.34   -5.38   35.55
G-C     0.00    0.00    0.00    0.00    0.00    0.00   -0.25    0.57    3.11   -0.21   -0.64   34.45
T-A     0.00    0.00    0.00    0.00    0.00    0.00   -0.14    0.40    3.17    0.79    5.18   32.97
A-T     0.00    0.00    0.00    0.00    0.00    0.00    0.00    0.08    3.27    1.34   10.02   31.52
G-C     0.00    0.00    0.00    0.00    0.00    0.00    0.14   -0.30    3.35    1.27   12.20   30.57
A-T     0.00    0.00    0.00    0.00    0.00    0.00    0.22   -0.63    3.40    0.65   11.07   30.51
A-T     0.00    0.00    0.00    0.00    0.00    0.00    0.22   -0.77    3.40   -0.26    7.14   31.51
T-A     0.00    0.00    0.00    0.00    0.00    0.00    0.13   -0.66    3.36   -1.15    1.93   33.43
C-G     0.00    0.00    0.00    0.00    0.00    0.00    0.00   -0.29    3.30   -1.70   -2.72   35.76
T-A     0.00    0.00    0.00    0.00    0.00    0.00   -0.14    0.22    3.25   -1.77   -5.26   37.81
G-C     0.00    0.00    0.00    0.00    0.00    0.00   -0.22    0.72    3.23   -1.35   -4.99   38.86
C-G     0.00    0.00    0.00    0.00    0.00    0.00   -0.22    1.04    3.22   -0.61   -2.22   38.49
A-T     0.00    0.00    0.00    0.00    0.00    0.00   -0.15    1.08    3.22    0.23    1.89   36.75
G-C     0.00    0.00    0.00    0.00    0.00    0.00   -0.03    0.83    3.21    0.91    5.88   34.16
G-C     0.00    0.00    0.00    0.00    0.00    0.00    0.08    0.39    3.17    1.27    8.45   31.60
T-A     0.00    0.00    0.00    0.00    0.00    0.00    0.14   -0.07    3.13    1.26    8.96   29.98
G-C     0.00    0.00    0.00    0.00    0.00    0.00    0.12   -0.38    3.09    0.93    7.48   29.89
G-C     0.00    0.00    0.00    0.00    0.00    0.00    0.04   -0.46    3.10    0.45    4.73   31.38
A-T     0.00    0.00    0.00    0.00    0.00    0.00   -0.06   -0.31    3.17    0.01    1.73   33.88
T-A     0.00    0.00    0.00    0.00    0.00    0.00   -0.13   -0.04    3.27   -0.23   -0.59   36.46
A-T     0.00    0.00    0.00    0.00    0.00    0.00   -0.15    0.21    3.38   -0.20   -1.63   38.11
T-A     0.00    0.00    0.00    0.00    0.00    0.00   -0.11    0.32    3.43    0.06   -1.26   38.14
T-A     0.00    0.00    0.00    0.00    0.00    0.00   -0.02    0.26    3.39    0.42    0.22   36.47
G-C     0.00    0.00    0.00    0.00    0.00    0.00    0.06    0.06    3.26    0.69    2.30   33.63
A-T     0.00    0.00    0.00    0.00    0.00    0.00    0.10   -0.15    3.07    0.72    4.35   30.57
T-A     0.00    0.00    0.00    0.00    0.00    0.00    0.08   -0.27    2.89    0.45    5.83   28.32
