 146 base-pairs
   0  ***local base-pair & step parameters***
       Shear  Stretch  Stagger Buckle Prop-Tw Opening   Shift  Slide    Rise    Tilt    Roll   Twist
A-T     0.00    0.00    0.00    0.00    0.00    0.00   -0.09   -0.25    2.74    0.74    5.74   26.87
T-A     0.00    0.00    0.00    0.00    0.00    0.00   -0.17   -0.16    2.83    0.55    4.71   28.60
C-G     0.00    0.00    0.00    0.00    0.00    0.00   -0.17    0.03    3.01    0.49    3.38   31.72
A-T     0.00    0.00    0.00    0.00    0.00    0.00   -0.09    0.22    3.24    0.50    2.05   35.05
A-T     0.00    0.00    0.00    0.00    0.00    0.00    0.02    0.33    3.42    0.46    0.92   37.40
T-A     0.00    0.00    0.00    0.00    0.00    0.00    0.12    0.27    3.50    0.31    0.17   38.02
A-T     0.00    0.00    0.00    0.00    0.00    0.00    0.16    0.06    3.47    0.08   -0.04   36.87
T-A     0.00    0.00    0.00    0.00    0.00    0.00    0.12   -0.22    3.35   -0.19    0.46   34.55
C-G     0.00    0.00    0.00    0.00    0.00    0.00    0.03   -0.46    3.20   -0.41    1.73   32.03
C-G     0.00    0.00    0.00    0.00    0.00    0.00   -0.07   -0.54    3.07   -0.53    3.59   30.25
A-T     0.00    0.00    0.00    0.00    0.00    0.00   -0.13   -0.40    3.02   -0.58    5.56   29.78
C-G     0.00    0.00    0.00    0.00    0.00    0.00   -0.11   -0.09    3.05   -0.59    6.93   30.69
C-G     0.00    0.00    0.00    0.00    0.00    0.00   -0.03    0.32    3.13   -0.59    6.99   32.56
T-A     0.00    0.00    0.00    0.00    0.00    0.00    0.07    0.67    3.24   -0.59    5.38   34.73
G-C     0.00    0.00    0.00    0.00    0.00    0.00    0.15    0.86    3.32   -0.54    2.30   36.49
C-G     0.00    0.00    0.00    0.00    0.00    0.00    0.15    0.82    3.35   -0.36   -1.40   37.36
A-T     0.00    0.00    0.00    0.00    0.00    0.00    0.08    0.55    3.34   -0.02   -4.41   37.13
G-C     0.00    0.00    0.00    0.00    0.00    0.00   -0.05    0.15    3.30    0.47   -5.50   35.91
A-T     0.00    0.00    0.00    0.00    0.00    0.00   -0.16   -0.27    3.27    1.00   -3.94   34.03
T-A     0.00    0.00    0.00    0.00    0.00    0.00   -0.20   -0.58    3.24    1.42    0.06   31.97
T-A     0.00    0.00    0.00    0.00    0.00    0.00   -0.15   -0.71    3.23    1.63    5.32   30.25
C-G     0.00    0.00    0.00    0.00    0.00    0.00    0.00   -0.63    3.22    1.58   10.08   29.32
T-A     0.00    0.00    0.00    0.00    0.00    0.00    0.19   -0.39    3.20    1.36   12.59   29.48
A-T     0.00    0.00    0.00    0.00    0.00    0.00    0.36   -0.04    3.17    1.13   11.82   30.78
C-G     0.00    0.00    0.00    0.00    0.00    0.00    0.45    0.31    3.13    1.03    7.91   32.92
C-G     0.00    0.00    0.00    0.00    0.00    0.00    0.44    0.59    3.10    1.15    2.19   35.34
A-T     0.00    0.00    0.00    0.00    0.00    0.00    0.33    0.73    3.10    1.42   -3.30   37.32
A-T     0.00    0.00    0.00    0.00    0.00    0.00    0.16    0.72    3.14    1.66   -6.52   38.22
A-T     0.00    0.00    0.00    0.00    0.00    0.00   -0.01    0.56    3.21    1.63   -6.26   37.71
A-T     0.00    0.00    0.00    0.00    0.00    0.00   -0.14    0.31    3.30    1.17   -2.60   35.97
G-C     0.00    0.00    0.00    0.00    0.00    0.00   -0.20    0.04    3.38    0.26    3.09   33.63
T-A     0.00    0.00    0.00    0.00    0.00    0.00   -0.19   -0.19    3.43   -0.93    8.63   31.63
G-C     0.00    0.00    0.00    0.00    0.00    0.00   -0.14   -0.30    3.45   -2.06   11.90   30.83
T-A     0.00    0.00    0.00    0.00    0.00    0.00   -0.08   -0.25    3.43   -2.81   11.62   31.65
A-T     0.00    0.00    0.00    0.00    0.00    0.00   -0.02   -0.05    3.40   -2.94    7.87   33.90
T-A     0.00    0.00    0.00    0.00    0.00    0.00    0.03    0.26    3.38   -2.42    2.03   36.81
T-A     0.00    0.00    0.00    0.00    0.00    0.00    0.06    0.58    3.37   -1.44   -3.72   39.27
T-A     0.00    0.00    0.00    0.00    0.00    0.00    0.09    0.83    3.38   -0.32   -7.23   40.36
G-C     0.00    0.00    0.00    0.00    0.00    0.00    0.11    0.92    3.41    0.57   -7.21   39.66
G-C     0.00    0.00    0.00    0.00    0.00    0.00    0.12    0.84    3.42    1.00   -3.74   37.47
A-T     0.00    0.00    0.00    0.00    0.00    0.00    0.09    0.61    3.42    0.87    1.84   34.70
A-T     0.00    0.00    0.00    0.00    0.00    0.00    0.04    0.32    3.41    0.32    7.37   32.45
A-T     0.00    0.00    0.00    0.00    0.00    0.00   -0.04    0.06    3.39   -0.43   10.74   31.60
C-G     0.00    0.00    0.00    0.00    0.00    0.00   -0.11   -0.08    3.37   -1.10   10.70   32.43
T-A     0.00    0.00    0.00    0.00    0.00    0.00   -0.17   -0.06    3.36   -1.50    7.28   34.49
G-C     0.00    0.00    0.00    0.00    0.00    0.00   -0.18    0.11    3.36   -1.52    1.80   36.83
C-G     0.00    0.00    0.00    0.00    0.00    0.00   -0.14    0.35    3.38   -1.21   -3.64   38.42
T-A     0.00    0.00    0.00    0.00    0.00    0.00   -0.06    0.57    3.38   -0.64   -6.92   38.59
C-G     0.00    0.00    0.00    0.00    0.00    0.00    0.03    0.69    3.38    0.05   -6.78   37.31
C-G     0.00    0.00    0.00    0.00    0.00    0.00    0.11    0.67    3.37    0.71   -3.19   35.17
A-T     0.00    0.00    0.00    0.00    0.00    0.00    0.16    0.54    3.35    1.21    2.56   33.15
T-A     0.00    0.00    0.00    0.00    0.00    0.00    0.16    0.37    3.34    1.44    8.38   32.12
C-G     0.00    0.00    0.00    0.00    0.00    0.00    0.13    0.24    3.33    1.30   12.14   32.54
A-T     0.00    0.00    0.00    0.00    0.00    0.00    0.08    0.22    3.35    0.73   12.44   34.24
A-T     0.00    0.00    0.00    0.00    0.00    0.00    0.02    0.34    3.38   -0.23    9.13   36.56
A-T     0.00    0.00    0.00    0.00    0.00    0.00   -0.03    0.55    3.41   -1.45    3.38   38.61
A-T     0.00    0.00    0.00    0.00    0.00    0.00   -0.09    0.78    3.45   -2.69   -2.76   39.69
G-C     0.00    0.00    0.00    0.00    0.00    0.00   -0.16    0.93    3.48   -3.66   -7.14   39.52
G-C     0.00    0.00    0.00    0.00    0.00    0.00   -0.22    0.95    3.50   -4.11   -8.25   38.30
C-G     0.00    0.00    0.00    0.00    0.00    0.00   -0.28    0.82    3.52   -3.91   -5.81   36.61
A-T     0.00    0.00    0.00    0.00    0.00    0.00   -0.30    0.59    3.54   -3.11   -0.82   35.11
T-A     0.00    0.00    0.00    0.00    0.00    0.00   -0.28    0.36    3.55   -1.92    4.79   34.27
G-C     0.00    0.00    0.00    0.00    0.00    0.00   -0.21    0.21    3.55   -0.68    8.92   34.24
T-A     0.00    0.00    0.00    0.00    0.00    0.00   -0.10    0.22    3.52    0.29   10.07   34.86
T-A     0.00    0.00    0.00    0.00    0.00    0.00    0.03    0.40    3.48    0.78    7.92   35.76
C-G     0.00    0.00    0.00    0.00    0.00    0.00    0.13    0.67    3.43    0.76    3.42   36.58
A-T     0.00    0.00    0.00    0.00    0.00    0.00    0.18    0.95    3.37    0.38   -1.58   37.05
G-C     0.00    0.00    0.00    0.00    0.00    0.00    0.16    1.12    3.34   -0.13   -5.07   37.06
C-G     0.00    0.00    0.00    0.00    0.00    0.00    0.08    1.09    3.33   -0.50   -5.65   36.62
G-C     0.00    0.00    0.00    0.00    0.00    0.00   -0.02    0.86    3.35   -0.60   -3.09   35.84
G-C     0.00    0.00    0.00    0.00    0.00    0.00   -0.11    0.49    3.38   -0.39    1.60   34.85
A-T     0.00    0.00    0.00    0.00    0.00    0.00   -0.14    0.11    3.40    0.04    6.58   33.81
A-T     0.00    0.00    0.00    0.00    0.00    0.00   -0.12   -0.15    3.41    0.52    9.88   32.95
T-A     0.00    0.00    0.00    0.00    0.00    0.00   -0.05   -0.19    3.39    0.91   10.22   32.51
T-A     0.00    0.00    0.00    0.00    0.00    0.00    0.03    0.01    3.35    1.14    7.48   32.69
C-G     0.00    0.00    0.00    0.00    0.00    0.00    0.10    0.41    3.31    1.18    2.77   33.58
C-G     0.00    0.00    0.00    0.00    0.00    0.00    0.12    0.86    3.29    1.08   -2.00   35.00
G-C     0.00    0.00    0.00    0.00    0.00    0.00    0.11    1.22    3.30    0.86   -4.90   36.53
C-G     0.00    0.00    0.00    0.00    0.00    0.00    0.07    1.34    3.34    0.57   -4.72   37.63
T-A     0.00    0.00    0.00    0.00    0.00    0.00    0.02    1.20    3.39    0.21   -1.47   37.81
G-C     0.00    0.00    0.00    0.00    0.00    0.00   -0.02    0.83    3.43   -0.18    3.63   36.91
A-T     0.00    0.00    0.00    0.00    0.00    0.00   -0.03    0.37    3.45   -0.56    8.62   35.17
A-T     0.00    0.00    0.00    0.00    0.00    0.00   -0.01   -0.01    3.45   -0.86   11.57   33.26
C-G     0.00    0.00    0.00    0.00    0.00    0.00    0.01   -0.18    3.43   -0.98   11.28   31.99
A-T     0.00    0.00    0.00    0.00    0.00    0.00    0.02   -0.09    3.41   -0.89    7.79   31.98
T-A     0.00    0.00    0.00    0.00    0.00    0.00    0.02    0.24    3.41   -0.60    2.33   33.37
G-C     0.00    0.00    0.00    0.00    0.00    0.00    0.00    0.66    3.43   -0.21   -3.15   35.69
C-G     0.00    0.00    0.00    0.00    0.00    0.00   -0.02    1.01    3.47    0.17   -6.69   38.02
C-G     0.00    0.00    0.00    0.00    0.00    0.00   -0.05    1.16    3.50    0.41   -7.06   39.34
T-A     0.00    0.00    0.00    0.00    0.00    0.00   -0.06    1.05    3.51    0.51   -4.15   38.96
T-A     0.00    0.00    0.00    0.00    0.00    0.00   -0.04    0.72    3.46    0.53    1.00   36.87
T-A     0.00    0.00    0.00    0.00    0.00    0.00   -0.01    0.31    3.39    0.64    6.59   33.75
T-A     0.00    0.00    0.00    0.00    0.00    0.00    0.04   -0.04    3.29    0.95   10.76   30.75
G-C     0.00    0.00    0.00    0.00    0.00    0.00    0.10   -0.20    3.21    1.52   12.20   29.02
A-T     0.00    0.00    0.00    0.00    0.00    0.00    0.16   -0.12    3.18    2.24   10.58   29.20
T-A     0.00    0.00    0.00    0.00    0.00    0.00    0.21    0.13    3.20    2.91    6.66   31.19
G-C     0.00    0.00    0.00    0.00    0.00    0.00    0.24    0.44    3.25    3.25    1.89   34.16
G-C     0.00    0.00    0.00    0.00    0.00    0.00    0.25    0.67    3.33    3.10   -2.02   36.91
A-T     0.00    0.00    0.00    0.00    0.00    0.00    0.22    0.71    3.39    2.43   -3.78   38.37
G-C     0.00    0.00    0.00    0.00    0.00    0.00    0.15    0.55    3.41    1.43   -2.86   38.01
C-G     0.00    0.00    0.00    0.00    0.00    0.00    0.07    0.25    3.39    0.41    0.30   36.08
A-T     0.00    0.00    0.00    0.00    0.00    0.00    0.00   -0.05    3.34   -0.32    4.54   33.47
G-C     0.00    0.00    0.00    0.00    0.00    0.00   -0.06   -0.24    3.30   -0.57    8.33   31.30
T-A     0.00    0.00    0.00    0.00    0.00    0.00   -0.07   -0.22    3.28   -0.35   10.35   30.47
T-A     0.00    0.00    0.00    0.00    0.00    0.00   -0.05    0.00    3.28    0.13    9.89   31.31
T-A     0.00    0.00    0.00    0.00    0.00    0.00    0.00    0.35    3.32    0.56    7.09   33.45
C-G     0.00    0.00    0.00    0.00    0.00    0.00    0.05    0.69    3.36    0.69    2.89   36.04
C-G     0.00    0.00    0.00    0.00    0.00    0.00    0.07    0.91    3.39    0.42   -1.27   38.09
A-T     0.00    0.00    0.00    0.00    0.00    0.00    0.04    0.92    3.40   -0.14   -3.96   38.90
A-T     0.00    0.00    0.00    0.00    0.00    0.00   -0.01    0.72    3.41   -0.74   -4.23   38.27
A-T     0.00    0.00    0.00    0.00    0.00    0.00   -0.08    0.38    3.41   -1.09   -1.98   36.53
T-A     0.00    0.00    0.00    0.00    0.00    0.00   -0.12   -0.01    3.41   -1.04    2.03   34.38
A-T     0.00    0.00    0.00    0.00    0.00    0.00   -0.11   -0.33    3.42   -0.61    6.37   32.56
C-G     0.00    0.00    0.00    0.00    0.00    0.00   -0.05   -0.50    3.44    0.00    9.46   31.60
A-T     0.00    0.00    0.00    0.00    0.00    0.00    0.04   -0.48    3.43    0.52   10.11   31.69
C-G     0.00    0.00    0.00    0.00    0.00    0.00    0.11   -0.31    3.40    0.75    8.00   32.63
T-A     0.00    0.00    0.00    0.00    0.00    0.00    0.14   -0.02    3.33    0.65    3.79   34.04
T-A     0.00    0.00    0.00    0.00    0.00    0.00    0.11    0.29    3.24    0.36   -1.03   35.42
T-A     0.00    0.00    0.00    0.00    0.00    0.00    0.01    0.56    3.16    0.14   -4.70   36.37
T-A     0.00    0.00    0.00    0.00    0.00    0.00   -0.10    0.71    3.11    0.21   -5.81   36.62
G-C     0.00    0.00    0.00    0.00    0.00    0.00   -0.18    0.71    3.11    0.63   -3.82   36.10
G-C     0.00    0.00    0.00    0.00    0.00    0.00   -0.19    0.54    3.15    1.28    0.65   34.87
T-A     0.00    0.00    0.00    0.00    0.00    0.00   -0.12    0.24    3.22    1.87    6.08   33.19
A-T     0.00    0.00    0.00    0.00    0.00    0.00    0.00   -0.14    3.28    2.06   10.56   31.48
G-C     0.00    0.00    0.00    0.00    0.00    0.00    0.13   -0.50    3.31    1.68   12.48   30.23
A-T     0.00    0.00    0.00    0.00    0.00    0.00    0.21   -0.75    3.31    0.76   11.16   29.92
A-T     0.00    0.00    0.00    0.00    0.00    0.00    0.21   -0.79    3.28   -0.45    7.07   30.84
T-A     0.00    0.00    0.00    0.00    0.00    0.00    0.11   -0.61    3.25   -1.57    1.67   32.90
C-G     0.00    0.00    0.00    0.00    0.00    0.00   -0.03   -0.23    3.25   -2.24   -3.14   35.63
T-A     0.00    0.00    0.00    0.00    0.00    0.00   -0.17    0.26    3.27   -2.31   -5.76   38.19
G-C     0.00    0.00    0.00    0.00    0.00    0.00   -0.26    0.70    3.30   -1.87   -5.42   39.70
C-G     0.00    0.00    0.00    0.00    0.00    0.00   -0.28    0.96    3.33   -1.17   -2.49   39.51
A-T     0.00    0.00    0.00    0.00    0.00    0.00   -0.23    0.96    3.33   -0.58    1.78   37.54
G-C     0.00    0.00    0.00    0.00    0.00    0.00   -0.15    0.70    3.28   -0.34    5.75   34.34
G-C     0.00    0.00    0.00    0.00    0.00    0.00   -0.09    0.26    3.21   -0.51    8.01   31.00
T-A     0.00    0.00    0.00    0.00    0.00    0.00   -0.08   -0.21    3.14   -0.95    7.90   28.72
G-C     0.00    0.00    0.00    0.00    0.00    0.00   -0.10   -0.55    3.12   -1.37    5.71   28.34
G-C     0.00    0.00    0.00    0.00    0.00    0.00   -0.14   -0.67    3.17   -1.50    2.43   30.04
A-T     0.00    0.00    0.00    0.00    0.00    0.00   -0.15   -0.56    3.27   -1.20   -0.64   33.16
T-A     0.00    0.00    0.00    0.00    0.00    0.00   -0.11   -0.28    3.38   -0.52   -2.42   36.49
A-T     0.00    0.00    0.00    0.00    0.00    0.00   -0.02    0.04    3.47    0.34   -2.45   38.68
T-A     0.00    0.00    0.00    0.00    0.00    0.00    0.09    0.26    3.46    1.11   -0.93   38.83
T-A     0.00    0.00    0.00    0.00    0.00    0.00    0.18    0.31    3.35    1.57    1.45   36.80
G-C     0.00    0.00    0.00    0.00    0.00    0.00    0.20    0.20    3.16    1.66    3.81   33.34
A-T     0.00    0.00    0.00    0.00    0.00    0.00    0.14    0.00    2.95    1.43    5.46   29.71
T-A     0.00    0.00    0.00    0.00    0.00    0.00    0.03   -0.18    2.79    1.07    6.09   27.27
