# comment next block is A-A AA 1
A-A      2.0254      0.0000      0.0000      0.0000      0.0000      0.0000
A-A      0.0000      2.0254      0.0000      0.0000      0.0000      0.0000
A-A      0.0000      0.0000      7.6196      0.0000      0.0000      0.0000
A-A      0.0000      0.0000      0.0000      0.0277      0.0000      0.0000
A-A      0.0000      0.0000      0.0000      0.0000      0.0277      0.0000
A-A      0.0000      0.0000      0.0000      0.0000      0.0000      0.0405
# comment next block is A-C AC 1
A-C      2.0254      0.0000      0.0000      0.0000      0.0000      0.0000
A-C      0.0000      2.0254      0.0000      0.0000      0.0000      0.0000
A-C      0.0000      0.0000      7.6196      0.0000      0.0000      0.0000
A-C      0.0000      0.0000      0.0000      0.0277      0.0000      0.0000
A-C      0.0000      0.0000      0.0000      0.0000      0.0277      0.0000
A-C      0.0000      0.0000      0.0000      0.0000      0.0000      0.0405
# comment next block is A-G AG 1
A-G      2.0254      0.0000      0.0000      0.0000      0.0000      0.0000
A-G      0.0000      2.0254      0.0000      0.0000      0.0000      0.0000
A-G      0.0000      0.0000      7.6196      0.0000      0.0000      0.0000
A-G      0.0000      0.0000      0.0000      0.0277      0.0000      0.0000
A-G      0.0000      0.0000      0.0000      0.0000      0.0277      0.0000
A-G      0.0000      0.0000      0.0000      0.0000      0.0000      0.0405
# comment next block is A-T AT 1
A-T      2.0254      0.0000      0.0000      0.0000      0.0000      0.0000
A-T      0.0000      2.0254      0.0000      0.0000      0.0000      0.0000
A-T      0.0000      0.0000      7.6196      0.0000      0.0000      0.0000
A-T      0.0000      0.0000      0.0000      0.0277      0.0000      0.0000
A-T      0.0000      0.0000      0.0000      0.0000      0.0277      0.0000
A-T      0.0000      0.0000      0.0000      0.0000      0.0000      0.0405
# comment next block is C-A CA 1
C-A      2.0254      0.0000      0.0000      0.0000      0.0000      0.0000
C-A      0.0000      2.0254      0.0000      0.0000      0.0000      0.0000
C-A      0.0000      0.0000      7.6196      0.0000      0.0000      0.0000
C-A      0.0000      0.0000      0.0000      0.0277      0.0000      0.0000
C-A      0.0000      0.0000      0.0000      0.0000      0.0277      0.0000
C-A      0.0000      0.0000      0.0000      0.0000      0.0000      0.0405
# comment next block is C-C CC 1
C-C      2.0254      0.0000      0.0000      0.0000      0.0000      0.0000
C-C      0.0000      2.0254      0.0000      0.0000      0.0000      0.0000
C-C      0.0000      0.0000      7.6196      0.0000      0.0000      0.0000
C-C      0.0000      0.0000      0.0000      0.0277      0.0000      0.0000
C-C      0.0000      0.0000      0.0000      0.0000      0.0277      0.0000
C-C      0.0000      0.0000      0.0000      0.0000      0.0000      0.0405
# comment next block is C-G CG 1
C-G      2.0254      0.0000      0.0000      0.0000      0.0000      0.0000
C-G      0.0000      2.0254      0.0000      0.0000      0.0000      0.0000
C-G      0.0000      0.0000      7.6196      0.0000      0.0000      0.0000
C-G      0.0000      0.0000      0.0000      0.0277      0.0000      0.0000
C-G      0.0000      0.0000      0.0000      0.0000      0.0277      0.0000
C-G      0.0000      0.0000      0.0000      0.0000      0.0000      0.0405
# comment next block is C-T CT 1
C-T      2.0254      0.0000      0.0000      0.0000      0.0000      0.0000
C-T      0.0000      2.0254      0.0000      0.0000      0.0000      0.0000
C-T      0.0000      0.0000      7.6196      0.0000      0.0000      0.0000
C-T      0.0000      0.0000      0.0000      0.0277      0.0000      0.0000
C-T      0.0000      0.0000      0.0000      0.0000      0.0277      0.0000
C-T      0.0000      0.0000      0.0000      0.0000      0.0000      0.0405
# comment next block is G-A GA 1
G-A      2.0254      0.0000      0.0000      0.0000      0.0000      0.0000
G-A      0.0000      2.0254      0.0000      0.0000      0.0000      0.0000
G-A      0.0000      0.0000      7.6196      0.0000      0.0000      0.0000
G-A      0.0000      0.0000      0.0000      0.0277      0.0000      0.0000
G-A      0.0000      0.0000      0.0000      0.0000      0.0277      0.0000
G-A      0.0000      0.0000      0.0000      0.0000      0.0000      0.0405
# comment next block is G-C GC 1
G-C      2.0254      0.0000      0.0000      0.0000      0.0000      0.0000
G-C      0.0000      2.0254      0.0000      0.0000      0.0000      0.0000
G-C      0.0000      0.0000      7.6196      0.0000      0.0000      0.0000
G-C      0.0000      0.0000      0.0000      0.0277      0.0000      0.0000
G-C      0.0000      0.0000      0.0000      0.0000      0.0277      0.0000
G-C      0.0000      0.0000      0.0000      0.0000      0.0000      0.0405
# comment next block is G-G GG 1
G-G      2.0254      0.0000      0.0000      0.0000      0.0000      0.0000
G-G      0.0000      2.0254      0.0000      0.0000      0.0000      0.0000
G-G      0.0000      0.0000      7.6196      0.0000      0.0000      0.0000
G-G      0.0000      0.0000      0.0000      0.0277      0.0000      0.0000
G-G      0.0000      0.0000      0.0000      0.0000      0.0277      0.0000
G-G      0.0000      0.0000      0.0000      0.0000      0.0000      0.0405
# comment next block is G-T GT 1
G-T      2.0254      0.0000      0.0000      0.0000      0.0000      0.0000
G-T      0.0000      2.0254      0.0000      0.0000      0.0000      0.0000
G-T      0.0000      0.0000      7.6196      0.0000      0.0000      0.0000
G-T      0.0000      0.0000      0.0000      0.0277      0.0000      0.0000
G-T      0.0000      0.0000      0.0000      0.0000      0.0277      0.0000
G-T      0.0000      0.0000      0.0000      0.0000      0.0000      0.0405
# comment next block is T-A TA 1
T-A      2.0254      0.0000      0.0000      0.0000      0.0000      0.0000
T-A      0.0000      2.0254      0.0000      0.0000      0.0000      0.0000
T-A      0.0000      0.0000      7.6196      0.0000      0.0000      0.0000
T-A      0.0000      0.0000      0.0000      0.0277      0.0000      0.0000
T-A      0.0000      0.0000      0.0000      0.0000      0.0277      0.0000
T-A      0.0000      0.0000      0.0000      0.0000      0.0000      0.0405
# comment next block is T-C TC 1
T-C      2.0254      0.0000      0.0000      0.0000      0.0000      0.0000
T-C      0.0000      2.0254      0.0000      0.0000      0.0000      0.0000
T-C      0.0000      0.0000      7.6196      0.0000      0.0000      0.0000
T-C      0.0000      0.0000      0.0000      0.0277      0.0000      0.0000
T-C      0.0000      0.0000      0.0000      0.0000      0.0277      0.0000
T-C      0.0000      0.0000      0.0000      0.0000      0.0000      0.0405
# comment next block is T-G TG 1
T-G      2.0254      0.0000      0.0000      0.0000      0.0000      0.0000
T-G      0.0000      2.0254      0.0000      0.0000      0.0000      0.0000
T-G      0.0000      0.0000      7.6196      0.0000      0.0000      0.0000
T-G      0.0000      0.0000      0.0000      0.0277      0.0000      0.0000
T-G      0.0000      0.0000      0.0000      0.0000      0.0277      0.0000
T-G      0.0000      0.0000      0.0000      0.0000      0.0000      0.0405
# comment next block is T-T TT 1
T-T      2.0254      0.0000      0.0000      0.0000      0.0000      0.0000
T-T      0.0000      2.0254      0.0000      0.0000      0.0000      0.0000
T-T      0.0000      0.0000      7.6196      0.0000      0.0000      0.0000
T-T      0.0000      0.0000      0.0000      0.0277      0.0000      0.0000
T-T      0.0000      0.0000      0.0000      0.0000      0.0277      0.0000
T-T      0.0000      0.0000      0.0000      0.0000      0.0000      0.0405
